[[(2, 2.1), (0, 2.1), (0, 1.8), (2, 1.8)], [(2, 0.3), (0, 0.3), (0, 0), (2, 0)]]
timestamp position0 velocity0 radius0 goal pref_speed theta position1 velocity1 radius1 position2 velocity2 radius2 position3 velocity3 radius3 position4 velocity4 radius4 position5 velocity5 radius5 position6 velocity6 radius6
0 (1.08717,1.02294) (0,0) 0.126671 (5.99563,1.71825) 1.97526 0 (2.33907,0.510199) (0,0) 0.19916 (2.38597,0.911367) (0,0) 0.140066 (2.22427,1.29563) (0,0) 0.143939 (2.35378,1.65676) (0,0) 0.181922 (1.08717,1.8) (0,0) 0.001 (1.08717,0.3) (0,0) 0.001
0.25 (1.33468,1.05546) (0.990043,0.130078) 0.126671 (5.99563,1.71825) 1.97526 0.130637 (2.37991,0.50242) (0.163358,-0.0311124) 0.19916 (2.45756,0.925072) (0.286388,0.0548176) 0.140066 (2.23087,1.2948) (0.0263749,-0.00331921) 0.143939 (2.41231,1.65601) (0.234141,-0.00300634) 0.181922 (1.33468,1.8) (0,0) 0.001 (1.33468,0.3) (0,0) 0.001
0.5 (1.58136,1.06711) (0.986733,0.0465923) 0.126671 (5.99563,1.71825) 1.97526 0.0471837 (2.42075,0.494644) (0.16336,-0.0311043) 0.19916 (2.52821,0.943062) (0.282567,0.0719631) 0.140066 (2.25306,1.31432) (0.0887679,0.0780934) 0.143939 (2.47085,1.65526) (0.234142,-0.00299496) 0.181922 (1.58136,1.8) (0,0) 0.001 (1.58136,0.3) (0,0) 0.001
0.75 (1.73958,1.08186) (0.632883,0.0590055) 0.126671 (5.99563,1.71825) 1.97526 0.0929642 (2.46159,0.486868) (0.16336,-0.0311045) 0.19916 (2.60108,0.944669) (0.291516,0.00642675) 0.140066 (2.28971,1.33334) (0.146604,0.0760644) 0.143939 (2.52938,1.65451) (0.234142,-0.0029986) 0.181922 (1.73958,1.8) (0,0) 0.001 (1.73958,0.3) (0,0) 0.001
1 (1.89781,1.09661) (0.632883,0.0590055) 0.126671 (5.99563,1.71825) 1.97526 0.0929642 (2.50243,0.479093) (0.163361,-0.0311009) 0.19916 (2.67396,0.946276) (0.291516,0.00642676) 0.140066 (2.33424,1.35208) (0.17813,0.0749585) 0.143939 (2.58792,1.65376) (0.234141,-0.0030078) 0.181922 (1.89781,1.8) (0,0) 0.001 (1.89781,0.3) (0,0) 0.001
1.25 (2.05603,1.11136) (0.632883,0.0590055) 0.126671 (5.99563,1.71825) 1.97526 0.0929641 (2.54327,0.471319) (0.163362,-0.0310954) 0.19916 (2.74684,0.947882) (0.291516,0.00642677) 0.140066 (2.38308,1.37067) (0.195345,0.0743546) 0.143939 (2.64645,1.653) (0.234141,-0.00301007) 0.181922 (2,1.8) (0,0) 0.001 (2,0.3) (0,0) 0.001
1.5 (2.21425,1.12611) (0.632883,0.0590055) 0.126671 (5.99563,1.71825) 1.97526 0.0929642 (2.58411,0.463545) (0.163361,-0.0310974) 0.19916 (2.81972,0.949489) (0.291516,0.00642675) 0.140066 (2.43427,1.38917) (0.204789,0.0740233) 0.143939 (2.70499,1.65225) (0.234141,-0.00300435) 0.181922 (2,1.8) (0,0) 0.001 (2,0.3) (0,0) 0.001
1.75 (2.37247,1.14087) (0.632883,0.0590055) 0.126671 (5.99563,1.71825) 1.97526 0.0929641 (2.62495,0.455768) (0.16336,-0.031106) 0.19916 (2.8926,0.951096) (0.291516,0.00642676) 0.140066 (2.48678,1.40763) (0.210006,0.0738403) 0.143939 (2.76352,1.6515) (0.234142,-0.00299718) 0.181922 (2,1.8) (0,0) 0.001 (2,0.3) (0,0) 0.001
2 (2.53069,1.15562) (0.632883,0.0590055) 0.126671 (5.99563,1.71825) 1.97526 0.0929641 (2.66579,0.447993) (0.163361,-0.0311007) 0.19916 (2.96548,0.952703) (0.291516,0.00642674) 0.140066 (2.54,1.42607) (0.212915,0.0737383) 0.143939 (2.82206,1.65076) (0.234142,-0.00298743) 0.181922 (2,1.8) (0,0) 0.001 (2,0.3) (0,0) 0.001
2.25 (2.68927,1.17042) (0.634308,0.059225) 0.126671 (5.99563,1.71825) 1.97526 0.0930996 (2.70663,0.440218) (0.163361,-0.0310989) 0.19916 (3.03836,0.954309) (0.291516,0.00642671) 0.140066 (2.59366,1.44442) (0.214619,0.0734129) 0.143939 (2.88059,1.65) (0.234141,-0.00301764) 0.181922 (2,1.8) (0,0) 0.001 (2,0.3) (0,0) 0.001
2.5 (2.9359,1.21129) (0.986549,0.16346) 0.126671 (5.99563,1.71825) 1.97526 0.164197 (2.74747,0.432443) (0.16336,-0.0311036) 0.19916 (3.11124,0.955916) (0.291516,0.00642671) 0.140066 (2.61793,1.40185) (0.0970816,-0.170288) 0.143939 (2.93913,1.64925) (0.234141,-0.0030043) 0.181922 (2,1.8) (0,0) 0.001 (2,0.3) (0,0) 0.001
2.75 (3.18253,1.25215) (0.986519,0.163441) 0.126671 (5.99563,1.71825) 1.97526 0.164183 (2.78831,0.424667) (0.16336,-0.0311029) 0.19916 (3.18259,0.970866) (0.285389,0.0597995) 0.140066 (2.62416,1.31942) (0.024907,-0.32973) 0.143939 (2.99766,1.6485) (0.234141,-0.00300228) 0.181922 (2,1.8) (0,0) 0.001 (2,0.3) (0,0) 0.001
3 (3.42917,1.293) (0.986554,0.163415) 0.126671 (5.99563,1.71825) 1.97526 0.164152 (2.82915,0.41689) (0.163359,-0.0311075) 0.19916 (3.25218,0.992565) (0.278369,0.086796) 0.140066 (2.6402,1.23832) (0.064157,-0.324386) 0.143939 (3.0562,1.64775) (0.234142,-0.00299048) 0.181922 (2,1.8) (0,0) 0.001 (2,0.3) (0,0) 0.001
3.25 (3.67581,1.33387) (0.986549,0.163468) 0.126671 (5.99563,1.71825) 1.97526 0.164205 (2.86999,0.409114) (0.16336,-0.0311053) 0.19916 (3.32177,1.01427) (0.278363,0.0868161) 0.140066 (2.66172,1.1585) (0.0860819,-0.319269) 0.143939 (3.11474,1.64701) (0.234142,-0.00298609) 0.181922 (2,1.8) (0,0) 0.001 (2,0.3) (0,0) 0.001
3.5 (3.92243,1.37474) (0.986465,0.163483) 0.126671 (5.99563,1.71825) 1.97526 0.164233 (2.91083,0.40134) (0.163362,-0.031095) 0.19916 (3.39136,1.03597) (0.27837,0.0867919) 0.140066 (2.68629,1.07957) (0.098312,-0.315717) 0.143939 (3.17327,1.64625) (0.234141,-0.00301644) 0.181922 (2,1.8) (0,0) 0.001 (2,0.3) (0,0) 0.001
3.75 (4.16908,1.41561) (0.986612,0.163478) 0.126671 (5.99563,1.71825) 1.97526 0.164205 (2.95167,0.393568) (0.163363,-0.031088) 0.19916 (3.46095,1.05767) (0.278362,0.0868177) 0.140066 (2.71259,1.0012) (0.105168,-0.3135) 0.143939 (3.23181,1.6455) (0.234141,-0.00300531) 0.181922 (2,1.8) (0,0) 0.001 (2,0.3) (0,0) 0.001
4 (4.41573,1.45648) (0.98662,0.163487) 0.126671 (5.99563,1.71825) 1.97526 0.164212 (2.99252,0.385794) (0.163361,-0.0310967) 0.19916 (3.53054,1.07937) (0.278367,0.0868027) 0.140066 (2.73985,0.923154) (0.109049,-0.312171) 0.143939 (3.29034,1.64475) (0.234141,-0.0030029) 0.181922 (2,1.8) (0,0) 0.001 (2,0.3) (0,0) 0.001
4.25 (4.66237,1.49736) (0.986569,0.163516) 0.126671 (5.99563,1.71825) 1.97526 0.164249 (3.03335,0.378018) (0.16336,-0.0311036) 0.19916 (3.60013,1.10108) (0.278361,0.086823) 0.140066 (2.76767,0.845309) (0.111279,-0.311383) 0.143939 (3.34888,1.644) (0.234142,-0.00300014) 0.181922 (2,1.8) (0,0) 0.001 (2,0.3) (0,0) 0.001
4.5 (4.90902,1.53822) (0.986576,0.163455) 0.126671 (5.99563,1.71825) 1.97526 0.164187 (3.07419,0.370241) (0.16336,-0.0311062) 0.19916 (3.66972,1.12278) (0.27836,0.0868256) 0.140066 (2.79581,0.76758) (0.112586,-0.310913) 0.143939 (3.40741,1.64324) (0.234141,-0.00302238) 0.181922 (2,1.8) (0,0) 0.001 (2,0.3) (0,0) 0.001
4.75 (5.15567,1.57908) (0.986625,0.163439) 0.126671 (5.99563,1.71825) 1.97526 0.164164 (3.11503,0.362465) (0.16336,-0.0311041) 0.19916 (3.73931,1.14449) (0.278362,0.0868201) 0.140066 (2.82416,0.689924) (0.113376,-0.310626) 0.143939 (3.46595,1.64249) (0.234141,-0.00302074) 0.181922 (2,1.8) (0,0) 0.001 (2,0.3) (0,0) 0.001
5 (5.36566,1.61388) (0.839954,0.139171) 0.126671 (5.99563,1.71825) 1.97526 0.164197 (3.15588,0.354691) (0.163361,-0.031098) 0.19916 (3.8089,1.1662) (0.278359,0.0868278) 0.140066 (2.85263,0.612313) (0.113873,-0.310444) 0.143939 (3.52448,1.64173) (0.234141,-0.00301731) 0.181922 (2,1.8) (0,0) 0.001 (2,0.3) (0,0) 0.001
5.25 (5.52317,1.63996) (0.630036,0.104343) 0.126671 (5.99563,1.71825) 1.97526 0.164124 (3.19671,0.346912) (0.163358,-0.0311165) 0.19916 (3.87849,1.1879) (0.278363,0.0868168) 0.140066 (2.88118,0.534733) (0.11421,-0.31032) 0.143939 (3.58302,1.64098) (0.234141,-0.00301185) 0.181922 (2,1.8) (0,0) 0.001 (2,0.3) (0,0) 0.001
5.5 (5.64131,1.65953) (0.472548,0.0782807) 0.126671 (5.99563,1.71825) 1.97526 0.164166 (3.23755,0.339134) (0.163359,-0.0311087) 0.19916 (3.94809,1.2096) (0.278363,0.0868157) 0.140066 (2.9098,0.457177) (0.114469,-0.310225) 0.143939 (3.64155,1.64023) (0.234142,-0.00299931) 0.181922 (2,1.8) (0,0) 0.001 (2,0.3) (0,0) 0.001
5.75 (5.72987,1.67423) (0.354246,0.0587848) 0.126671 (5.99563,1.71825) 1.97526 0.164445 (3.27839,0.331355) (0.163357,-0.0311175) 0.19916 (4.01768,1.23131) (0.278362,0.0868189) 0.140066 (2.93964,0.38629) (0.119355,-0.283548) 0.143939 (3.70009,1.63948) (0.234141,-0.00301806) 0.181922 (2,1.8) (0,0) 0.001 (2,0.3) (0,0) 0.001
6 (5.7963,1.68525) (0.265699,0.0440788) 0.126671 (5.99563,1.71825) 1.97526 0.1644 (3.31923,0.323578) (0.163359,-0.0311067) 0.19916 (4.08727,1.25301) (0.278364,0.0868129) 0.140066 (2.9713,0.320591) (0.126654,-0.262795) 0.143939 (3.75862,1.63873) (0.234141,-0.00300589) 0.181922 (2,1.8) (0,0) 0.001 (2,0.3) (0,0) 0.001
6.25 (5.84611,1.6935) (0.199252,0.0330015) 0.126671 (5.99563,1.71825) 1.97526 0.164137 (3.36007,0.315803) (0.16336,-0.0311016) 0.19916 (4.15686,1.27472) (0.278355,0.0868426) 0.140066 (3.01363,0.249587) (0.169344,-0.284016) 0.143939 (3.81716,1.63797) (0.234141,-0.00301022) 0.181922 (2,1.8) (0,0) 0.001 (2,0.3) (0,0) 0.001
6.5 (5.88351,1.6997) (0.149615,0.0247865) 0.126671 (5.99563,1.71825) 1.97526 0.164178 (3.40091,0.308024) (0.163358,-0.0311146) 0.19916 (4.22645,1.29643) (0.278363,0.0868145) 0.140066 (3.06621,0.185789) (0.210285,-0.255191) 0.143939 (3.87569,1.63722) (0.234141,-0.00301689) 0.181922 (2,1.8) (0,0) 0.001 (2,0.3) (0,0) 0.001
6.75 (5.91155,1.70433) (0.112135,0.0185371) 0.126671 (5.99563,1.71825) 1.97526 0.16383 (3.44175,0.300245) (0.163358,-0.0311159) 0.19916 (4.29604,1.31813) (0.278362,0.0868198) 0.140066 (3.12726,0.130053) (0.244209,-0.222945) 0.143939 (3.93423,1.63647) (0.234141,-0.00300304) 0.181922 (2,1.8) (0,0) 0.001 (2,0.3) (0,0) 0.001
7 (5.93257,1.7078) (0.0841029,0.0138792) 0.126671 (5.99563,1.71825) 1.97526 0.163552 (3.48259,0.292468) (0.163359,-0.0311074) 0.19916 (4.36563,1.33984) (0.278363,0.0868152) 0.140066 (3.19446,0.0819148) (0.268824,-0.192552) 0.143939 (3.99277,1.63572) (0.234141,-0.00300644) 0.181922 (2,1.8) (0,0) 0.001 (2,0.3) (0,0) 0.001
7.25 (5.94833,1.71043) (0.0630465,0.0105153) 0.126671 (5.99563,1.71825) 1.97526 0.165264 (3.52343,0.284698) (0.163364,-0.0310833) 0.19916 (4.43522,1.36154) (0.278363,0.0868171) 0.140066 (3.26594,0.0403812) (0.285905,-0.166134) 0.143939 (4.0513,1.63497) (0.234141,-0.00300415) 0.181922 (2,1.8) (0,0) 0.001 (2,0.3) (0,0) 0.001
7.5 (5.96015,1.7124) (0.0472503,0.00789484) 0.126671 (5.99563,1.71825) 1.97526 0.165556 (3.56427,0.276923) (0.163361,-0.0311002) 0.19916 (4.50481,1.38325) (0.278359,0.0868285) 0.140066 (3.34039,0.00445174) (0.297805,-0.143718) 0.143939 (4.10984,1.63422) (0.234142,-0.00299549) 0.181922 (2,1.8) (0,0) 0.001 (2,0.3) (0,0) 0.001
7.75 (5.96902,1.71386) (0.0354846,0.00585132) 0.126671 (5.99563,1.71825) 1.97526 0.163427 (3.60511,0.269143) (0.163357,-0.0311198) 0.19916 (4.5744,1.40495) (0.278366,0.0868053) 0.140066 (3.41698,-0.0266579) (0.306362,-0.124438) 0.143939 (4.16837,1.63347) (0.234142,-0.0029988) 0.181922 (2,1.8) (0,0) 0.001 (2,0.3) (0,0) 0.001
8 (5.97568,1.71497) (0.0266462,0.00440386) 0.126671 (5.99563,1.71825) 1.97526 0.163791 (3.64595,0.26137) (0.163363,-0.0310905) 0.19916 (4.64399,1.42665) (0.278359,0.0868272) 0.140066 (3.49519,-0.0534366) (0.31284,-0.107115) 0.143939 (4.22691,1.63272) (0.234141,-0.00300582) 0.181922 (2,1.8) (0,0) 0.001 (2,0.3) (0,0) 0.001
