[[(2, 2.1), (0, 2.1), (0, 1.8), (2, 1.8)], [(2, 0.3), (0, 0.3), (0, 0), (2, 0)]]
timestamp position0 velocity0 radius0 goal pref_speed theta position1 velocity1 radius1 position2 velocity2 radius2 position3 velocity3 radius3 position4 velocity4 radius4 position5 velocity5 radius5 position6 velocity6 radius6
0 (1.44791,1.06868) (0,0) 0.206932 (5.99563,1.71825) 1.56098 0 (2.31253,0.52402) (0,0) 0.12864 (2.37405,0.926111) (0,0) 0.219324 (2.23809,1.21354) (0,0) 0.197342 (2.33177,1.62706) (0,0) 0.212479 (1.44791,1.8) (0,0) 0.001 (1.44791,0.3) (0,0) 0.001
0.25 (1.4595,1.06078) (0.0463634,-0.0315885) 0.206932 (5.99563,1.71825) 1.56098 -0.598081 (2.39503,0.507879) (0.330022,-0.0645662) 0.12864 (2.46182,0.913031) (0.351088,-0.0523185) 0.219324 (2.20022,1.22167) (-0.151493,0.032525) 0.197342 (2.4032,1.62672) (0.285726,-0.00135392) 0.212479 (1.4595,1.8) (0,0) 0.001 (1.4595,0.3) (0,0) 0.001
0.5 (1.52286,1.03309) (0.25343,-0.110769) 0.206932 (5.99563,1.71825) 1.56098 -0.412059 (2.47754,0.491744) (0.330028,-0.0645394) 0.12864 (2.55048,0.916735) (0.354655,0.0148167) 0.219324 (2.21804,1.22423) (0.071294,0.0102668) 0.197342 (2.47463,1.62638) (0.285726,-0.00134173) 0.212479 (1.52286,1.8) (0,0) 0.001 (1.52286,0.3) (0,0) 0.001
0.75 (1.73334,0.962915) (0.841909,-0.280689) 0.206932 (5.99563,1.71825) 1.56098 -0.321807 (2.56005,0.475609) (0.330028,-0.0645394) 0.12864 (2.63828,0.929627) (0.351199,0.0515646) 0.219324 (2.2649,1.20955) (0.187435,-0.0587538) 0.197342 (2.54606,1.62604) (0.285726,-0.00136411) 0.212479 (1.73334,1.8) (0,0) 0.001 (1.73334,0.3) (0,0) 0.001
1 (1.84696,0.925586) (0.454496,-0.149315) 0.206932 (5.99563,1.71825) 1.56098 -0.317421 (2.63818,0.44457) (0.31252,-0.124155) 0.12864 (2.72519,0.947584) (0.347621,0.0718287) 0.219324 (2.32875,1.1891) (0.255394,-0.081799) 0.197342 (2.61749,1.6257) (0.285726,-0.00135084) 0.212479 (1.84696,1.8) (0,0) 0.001 (1.84696,0.3) (0,0) 0.001
1.25 (1.96189,0.887816) (0.459704,-0.151081) 0.206932 (5.99563,1.71825) 1.56098 -0.317529 (2.71663,0.414344) (0.313792,-0.120906) 0.12864 (2.81145,0.968408) (0.345053,0.0832955) 0.219324 (2.40209,1.16543) (0.293359,-0.094673) 0.197342 (2.68892,1.62537) (0.285726,-0.00134011) 0.212479 (1.96189,1.8) (0,0) 0.001 (1.96189,0.3) (0,0) 0.001
1.5 (2.07609,0.85029) (0.456819,-0.150103) 0.206932 (5.99563,1.71825) 1.56098 -0.31747 (2.79495,0.383807) (0.313311,-0.122147) 0.12864 (2.89729,0.990917) (0.343356,0.090036) 0.219324 (2.47973,1.1403) (0.310567,-0.100508) 0.197342 (2.76036,1.62503) (0.285726,-0.00135435) 0.212479 (2,1.8) (0,0) 0.001 (2,0.3) (0,0) 0.001
1.75 (2.18965,0.812983) (0.454234,-0.149227) 0.206932 (5.99563,1.71825) 1.56098 -0.317416 (2.87319,0.353048) (0.312963,-0.123035) 0.12864 (2.98293,1.01418) (0.342547,0.0930656) 0.219324 (2.55737,1.11517) (0.310567,-0.100508) 0.197342 (2.83179,1.62469) (0.285726,-0.00134731) 0.212479 (2,1.8) (0,0) 0.001 (2,0.3) (0,0) 0.001
2 (2.30267,0.77586) (0.452077,-0.148495) 0.206932 (5.99563,1.71825) 1.56098 -0.31737 (2.95138,0.322148) (0.31274,-0.123602) 0.12864 (3.06857,1.03745) (0.34255,0.0930553) 0.219324 (2.63502,1.09005) (0.310567,-0.100508) 0.197342 (2.90322,1.62435) (0.285726,-0.00135059) 0.212479 (2,1.8) (0,0) 0.001 (2,0.3) (0,0) 0.001
2.25 (2.41532,0.738862) (0.450587,-0.14799) 0.206932 (5.99563,1.71825) 1.56098 -0.317338 (3.02954,0.29118) (0.312632,-0.123874) 0.12864 (3.1542,1.06072) (0.342543,0.0930803) 0.219324 (2.71266,1.06492) (0.310567,-0.100508) 0.197342 (2.97465,1.62402) (0.285726,-0.00134463) 0.212479 (2,1.8) (0,0) 0.001 (2,0.3) (0,0) 0.001
2.5 (2.52791,0.701883) (0.450369,-0.147916) 0.206932 (5.99563,1.71825) 1.56098 -0.317333 (3.10769,0.260203) (0.312619,-0.123908) 0.12864 (3.23984,1.08398) (0.342548,0.0930611) 0.219324 (2.7903,1.03979) (0.310567,-0.100508) 0.197342 (3.04608,1.62368) (0.285726,-0.0013446) 0.212479 (2,1.8) (0,0) 0.001 (2,0.3) (0,0) 0.001
2.75 (2.6405,0.664904) (0.450369,-0.147916) 0.206932 (5.99563,1.71825) 1.56098 -0.317333 (3.18585,0.229226) (0.312619,-0.123908) 0.12864 (3.32548,1.10725) (0.342548,0.0930628) 0.219324 (2.86794,1.01466) (0.310567,-0.100508) 0.197342 (3.11751,1.62335) (0.285726,-0.00134489) 0.212479 (2,1.8) (0,0) 0.001 (2,0.3) (0,0) 0.001
3 (2.75309,0.627925) (0.45037,-0.147916) 0.206932 (5.99563,1.71825) 1.56098 -0.317333 (3.264,0.198249) (0.312619,-0.123908) 0.12864 (3.41111,1.13052) (0.342543,0.0930822) 0.219324 (2.94558,0.989538) (0.310567,-0.100508) 0.197342 (3.18894,1.62301) (0.285726,-0.00134992) 0.212479 (2,1.8) (0,0) 0.001 (2,0.3) (0,0) 0.001
3.25 (2.86569,0.590946) (0.45037,-0.147916) 0.206932 (5.99563,1.71825) 1.56098 -0.317333 (3.34215,0.167272) (0.312619,-0.123908) 0.12864 (3.49675,1.15378) (0.342549,0.0930598) 0.219324 (3.02322,0.96441) (0.310567,-0.100508) 0.197342 (3.26038,1.62267) (0.285726,-0.00135015) 0.212479 (2,1.8) (0,0) 0.001 (2,0.3) (0,0) 0.001
3.5 (2.97828,0.553967) (0.450369,-0.147916) 0.206932 (5.99563,1.71825) 1.56098 -0.317333 (3.42031,0.136295) (0.312619,-0.123908) 0.12864 (3.58239,1.17704) (0.342556,0.0930328) 0.219324 (3.10087,0.939283) (0.310567,-0.100508) 0.197342 (3.33181,1.62234) (0.285726,-0.00134167) 0.212479 (2,1.8) (0,0) 0.001 (2,0.3) (0,0) 0.001
3.75 (3.09679,0.515957) (0.474033,-0.15204) 0.206932 (5.99563,1.71825) 1.56098 -0.310372 (3.49846,0.105318) (0.312619,-0.123908) 0.12864 (3.66803,1.2003) (0.342559,0.093021) 0.219324 (3.17829,0.913493) (0.309695,-0.103163) 0.197342 (3.40324,1.622) (0.285726,-0.00135331) 0.212479 (2,1.8) (0,0) 0.001 (2,0.3) (0,0) 0.001
4 (3.31136,0.470547) (0.8583,-0.18164) 0.206932 (5.99563,1.71825) 1.56098 -0.208551 (3.57662,0.0743413) (0.312619,-0.123908) 0.12864 (3.75367,1.22356) (0.342556,0.0930329) 0.219324 (3.25443,0.884121) (0.30455,-0.117486) 0.197342 (3.47467,1.62166) (0.285726,-0.0013443) 0.212479 (2,1.8) (0,0) 0.001 (2,0.3) (0,0) 0.001
4.25 (3.57646,0.48223) (1.06038,0.046731) 0.206932 (5.99563,1.71825) 1.56098 0.0440414 (3.65695,0.0495415) (0.321315,-0.0991989) 0.12864 (3.8393,1.24682) (0.342548,0.0930618) 0.219324 (3.31837,0.833424) (0.255792,-0.20279) 0.197342 (3.5461,1.62133) (0.285726,-0.00132711) 0.212479 (2,1.8) (0,0) 0.001 (2,0.3) (0,0) 0.001
4.5 (3.82735,0.561326) (1.00357,0.316387) 0.206932 (5.99563,1.71825) 1.56098 0.305398 (3.74047,0.059128) (0.334085,0.0383459) 0.12864 (3.92494,1.27008) (0.342553,0.0930442) 0.219324 (3.36517,0.766567) (0.187177,-0.267429) 0.197342 (3.61753,1.62099) (0.285726,-0.0013585) 0.212479 (2,1.8) (0,0) 0.001 (2,0.3) (0,0) 0.001
4.75 (4.05447,0.67258) (0.908455,0.445014) 0.206932 (5.99563,1.71825) 1.56098 0.455501 (3.80729,0.0924738) (0.267265,0.133383) 0.12864 (4.01058,1.29334) (0.342551,0.0930534) 0.219324 (3.41196,0.699708) (0.187172,-0.267433) 0.197342 (3.68896,1.62066) (0.285726,-0.00133699) 0.212479 (2,1.8) (0,0) 0.001 (2,0.3) (0,0) 0.001
5 (4.27457,0.791148) (0.880431,0.474271) 0.206932 (5.99563,1.71825) 1.56098 0.494111 (3.85943,0.11771) (0.20859,0.100945) 0.12864 (4.09622,1.31661) (0.342544,0.0930763) 0.219324 (3.45875,0.632845) (0.187145,-0.267452) 0.197342 (3.76039,1.62031) (0.285726,-0.00136416) 0.212479 (2,1.8) (0,0) 0.001 (2,0.3) (0,0) 0.001
5.25 (4.49467,0.909711) (0.880384,0.474253) 0.206932 (5.99563,1.71825) 1.56098 0.494117 (3.90328,0.13736) (0.17538,0.0785994) 0.12864 (4.18185,1.33988) (0.34255,0.093056) 0.219324 (3.50555,0.565991) (0.187194,-0.267417) 0.197342 (3.83183,1.61998) (0.285726,-0.00134066) 0.212479 (2,1.8) (0,0) 0.001 (2,0.3) (0,0) 0.001
5.5 (4.71477,1.02827) (0.880387,0.474249) 0.206932 (5.99563,1.71825) 1.56098 0.494112 (3.94237,0.15317) (0.156385,0.0632403) 0.12864 (4.26749,1.36314) (0.342548,0.0930645) 0.219324 (3.55234,0.499133) (0.187174,-0.267432) 0.197342 (3.90326,1.61964) (0.285726,-0.00134245) 0.212479 (2,1.8) (0,0) 0.001 (2,0.3) (0,0) 0.001
5.75 (4.93485,1.14684) (0.880341,0.474261) 0.206932 (5.99563,1.71825) 1.56098 0.494145 (3.97867,0.166421) (0.145195,0.0530047) 0.12864 (4.35313,1.3864) (0.342557,0.0930284) 0.219324 (3.59913,0.432271) (0.187149,-0.267449) 0.197342 (3.97469,1.61931) (0.285726,-0.00134977) 0.212479 (2,1.8) (0,0) 0.001 (2,0.3) (0,0) 0.001
6 (5.15494,1.2654) (0.880372,0.47426) 0.206932 (5.99563,1.71825) 1.56098 0.49413 (4.01327,0.177911) (0.138376,0.0459604) 0.12864 (4.43877,1.40967) (0.342548,0.0930629) 0.219324 (3.64592,0.36541) (0.187157,-0.267443) 0.197342 (4.04612,1.61898) (0.285726,-0.00132169) 0.212479 (2,1.8) (0,0) 0.001 (2,0.3) (0,0) 0.001
6.25 (5.36509,1.37861) (0.840597,0.452817) 0.206932 (5.99563,1.71825) 1.56098 0.494114 (4.04676,0.188165) (0.133987,0.0410141) 0.12864 (4.5244,1.43293) (0.342551,0.0930502) 0.219324 (3.6927,0.298546) (0.187138,-0.267456) 0.197342 (4.11755,1.61864) (0.285726,-0.00134116) 0.212479 (2,1.8) (0,0) 0.001 (2,0.3) (0,0) 0.001
6.5 (5.52274,1.46352) (0.630597,0.339632) 0.206932 (5.99563,1.71825) 1.56098 0.494039 (4.07945,0.197619) (0.130747,0.0378156) 0.12864 (4.61004,1.45619) (0.342549,0.0930576) 0.219324 (3.7395,0.231691) (0.187188,-0.267421) 0.197342 (4.18898,1.6183) (0.285726,-0.00134277) 0.212479 (2,1.8) (0,0) 0.001 (2,0.3) (0,0) 0.001
6.75 (5.64096,1.52721) (0.472875,0.254784) 0.206932 (5.99563,1.71825) 1.56098 0.494201 (4.11137,0.206672) (0.127697,0.0362145) 0.12864 (4.69568,1.47946) (0.342553,0.0930458) 0.219324 (3.7806,0.172983) (0.1644,-0.234832) 0.197342 (4.26042,1.61797) (0.285726,-0.00134314) 0.212479 (2,1.8) (0,0) 0.001 (2,0.3) (0,0) 0.001
7 (5.72962,1.57498) (0.354641,0.191094) 0.206932 (5.99563,1.71825) 1.56098 0.494233 (4.13644,0.218882) (0.100277,0.0488388) 0.12864 (4.78132,1.50272) (0.342551,0.0930504) 0.219324 (3.81141,0.128972) (0.123235,-0.176042) 0.197342 (4.33185,1.61763) (0.285726,-0.00134486) 0.212479 (2,1.8) (0,0) 0.001 (2,0.3) (0,0) 0.001
7.25 (5.80221,1.61417) (0.290353,0.156755) 0.206932 (5.99563,1.71825) 1.56098 0.49504 (4.14502,0.236106) (0.0342979,0.0688965) 0.12864 (4.86695,1.52598) (0.342547,0.0930673) 0.219324 (3.83453,0.0959363) (0.0925062,-0.132144) 0.197342 (4.40328,1.61729) (0.285726,-0.00136437) 0.212479 (2,1.8) (0,0) 0.001 (2,0.3) (0,0) 0.001
7.5 (5.86644,1.64974) (0.256911,0.142276) 0.206932 (5.99563,1.71825) 1.56098 0.505752 (4.1406,0.25137) (-0.0176661,0.0610548) 0.12864 (4.95259,1.54925) (0.34255,0.0930555) 0.219324 (3.85187,0.0711661) (0.0693529,-0.0990806) 0.197342 (4.47471,1.61695) (0.285726,-0.00136192) 0.212479 (2,1.8) (0,0) 0.001 (2,0.3) (0,0) 0.001
7.75 (5.92514,1.68572) (0.234825,0.143891) 0.206932 (5.99563,1.71825) 1.56098 0.549747 (4.12961,0.261958) (-0.0439527,0.0423533) 0.12864 (5.03823,1.57251) (0.342547,0.0930651) 0.219324 (3.86489,0.0525899) (0.0520543,-0.0743049) 0.197342 (4.54614,1.61661) (0.285726,-0.00134531) 0.212479 (2,1.8) (0,0) 0.001 (2,0.3) (0,0) 0.001
8 (5.97474,1.72758) (0.198369,0.167441) 0.206932 (5.99563,1.71825) 1.56098 0.701051 (4.11677,0.268273) (-0.0513948,0.0252602) 0.12864 (5.12387,1.59578) (0.342551,0.0930526) 0.219324 (3.87464,0.0386416) (0.0390045,-0.0557929) 0.197342 (4.61757,1.61628) (0.285726,-0.00133335) 0.212479 (2,1.8) (0,0) 0.001 (2,0.3) (0,0) 0.001
8.25 (5.99949,1.77648) (0.099025,0.195604) 0.206932 (5.99563,1.71825) 1.56098 1.10216 (4.10464,0.271634) (-0.0484907,0.0134443) 0.12864 (5.2095,1.61905) (0.342536,0.093106) 0.219324 (3.88194,0.0281981) (0.029207,-0.0417741) 0.197342 (4.68901,1.61595) (0.285726,-0.00132892) 0.212479 (2,1.8) (0,0) 0.001 (2,0.3) (0,0) 0.001
8.5 (6.02227,1.8248) (0.0911208,0.193296) 0.206932 (5.99563,1.71825) 1.56098 1.13029 (4.09458,0.273174) (-0.0402612,0.00615772) 0.12864 (5.29514,1.64231) (0.342558,0.0930256) 0.219324 (3.88699,0.0197012) (0.0202245,-0.0339878) 0.197342 (4.76044,1.61561) (0.285726,-0.00136378) 0.212479 (2,1.8) (0,0) 0.001 (2,0.3) (0,0) 0.001
8.75 (6.04365,1.87291) (0.0855122,0.192426) 0.206932 (5.99563,1.71825) 1.56098 1.15262 (4.08643,0.273439) (-0.0325794,0.00105904) 0.12864 (5.37322,1.66354) (0.312328,0.0849068) 0.219324 (3.89018,0.0124442) (0.0127517,-0.0290278) 0.197342 (4.83187,1.61527) (0.285726,-0.00134273) 0.212479 (2,1.8) (0,0) 0.001 (2,0.3) (0,0) 0.001
9 (6.06246,1.91884) (0.0752411,0.183735) 0.206932 (5.99563,1.71825) 1.56098 1.18212 (4.07974,0.272739) (-0.026766,-0.00279939) 0.12864 (5.43921,1.6847) (0.26395,0.0846663) 0.219324 (3.89199,0.00610531) (0.0072189,-0.0253556) 0.197342 (4.9033,1.61494) (0.285726,-0.00134482) 0.212479 (2,1.8) (0,0) 0.001 (2,0.3) (0,0) 0.001
