[[(2, 2.1), (0, 2.1), (0, 1.8), (2, 1.8)], [(2, 0.3), (0, 0.3), (0, 0), (2, 0)]]
timestamp position0 velocity0 radius0 goal pref_speed theta position1 velocity1 radius1 position2 velocity2 radius2 position3 velocity3 radius3 position4 velocity4 radius4 position5 velocity5 radius5 position6 velocity6 radius6
0 (1.48302,0.994966) (0,0) 0.201575 (5.98029,1.15206) 1.61385 0 (2.25244,0.532944) (0,0) 0.21986 (2.34684,0.881806) (0,0) 0.174093 (2.30166,1.22541) (0,0) 0.12923 (2.32516,1.54514) (0,0) 0.189674 (1.48302,1.8) (0,0) 0.001 (1.48302,0.3) (0,0) 0.001
0.1 (1.48814,0.995938) (0.05125,0.00971636) 0.201575 (5.98029,1.15206) 1.61385 0.187364 (2.28016,0.508586) (0.277197,-0.243584) 0.21986 (2.35745,0.889634) (0.106034,0.0782802) 0.174093 (2.30387,1.22526) (0.0221011,-0.0014547) 0.12923 (2.34691,1.54352) (0.217492,-0.0161545) 0.189674 (1.48814,1.8) (0,0) 0.001 (1.48814,0.3) (0,0) 0.001
0.2 (1.49981,0.98605) (0.116684,-0.0988726) 0.201575 (5.98029,1.15206) 1.61385 -0.702957 (2.31455,0.4952) (0.343882,-0.133852) 0.21986 (2.37061,0.890345) (0.131607,0.00711895) 0.174093 (2.30694,1.22669) (0.030661,0.0142426) 0.12923 (2.36846,1.54017) (0.215496,-0.0335488) 0.189674 (1.49981,1.8) (0,0) 0.001 (1.49981,0.3) (0,0) 0.001
0.3 (1.52071,0.971994) (0.20898,-0.140561) 0.201575 (5.98029,1.15206) 1.61385 -0.592103 (2.35066,0.487608) (0.361119,-0.0759244) 0.21986 (2.38377,0.891057) (0.131607,0.0071172) 0.174093 (2.31151,1.22495) (0.0457076,-0.0173296) 0.12923 (2.39001,1.53681) (0.215496,-0.0335483) 0.189674 (1.52071,1.8) (0,0) 0.001 (1.52071,0.3) (0,0) 0.001
0.4 (1.55314,0.95497) (0.324311,-0.170245) 0.201575 (5.98029,1.15206) 1.61385 -0.483403 (2.38678,0.480015) (0.361118,-0.075926) 0.21986 (2.39693,0.891769) (0.131607,0.00712093) 0.174093 (2.31546,1.22038) (0.0395491,-0.0457356) 0.12923 (2.41148,1.53298) (0.214701,-0.0383043) 0.189674 (1.55314,1.8) (0,0) 0.001 (1.55314,0.3) (0,0) 0.001
0.5 (1.59153,0.937575) (0.383923,-0.17395) 0.201575 (5.98029,1.15206) 1.61385 -0.425417 (2.42289,0.472425) (0.361123,-0.0759056) 0.21986 (2.41009,0.892482) (0.131606,0.0071245) 0.174093 (2.31917,1.21433) (0.0370204,-0.06048) 0.12923 (2.43295,1.52915) (0.214701,-0.0383067) 0.189674 (1.59153,1.8) (0,0) 0.001 (1.59153,0.3) (0,0) 0.001
0.6 (1.63289,0.92008) (0.413612,-0.174947) 0.201575 (5.98029,1.15206) 1.61385 -0.400153 (2.459,0.464832) (0.361117,-0.0759327) 0.21986 (2.42325,0.893193) (0.131607,0.00711033) 0.174093 (2.32277,1.20751) (0.0360674,-0.0681596) 0.12923 (2.45442,1.52532) (0.214698,-0.0383237) 0.189674 (1.63289,1.8) (0,0) 0.001 (1.63289,0.3) (0,0) 0.001
0.7 (1.67569,0.902605) (0.427994,-0.174755) 0.201575 (5.98029,1.15206) 1.61385 -0.387652 (2.49511,0.457237) (0.361114,-0.0759487) 0.21986 (2.43641,0.893903) (0.131607,0.00710673) 0.174093 (2.32638,1.20032) (0.0360223,-0.0719723) 0.12923 (2.47589,1.52149) (0.214702,-0.0383016) 0.189674 (1.67569,1.8) (0,0) 0.001 (1.67569,0.3) (0,0) 0.001
0.8 (1.71915,0.885198) (0.434559,-0.174062) 0.201575 (5.98029,1.15206) 1.61385 -0.38098 (2.53122,0.449644) (0.361118,-0.0759279) 0.21986 (2.44957,0.894616) (0.131606,0.00712616) 0.174093 (2.33,1.19293) (0.0362733,-0.0738453) 0.12923 (2.49736,1.51766) (0.214703,-0.0382942) 0.189674 (1.71915,1.8) (0,0) 0.001 (1.71915,0.3) (0,0) 0.001
0.9 (1.76287,0.867881) (0.437153,-0.173176) 0.201575 (5.98029,1.15206) 1.61385 -0.377179 (2.56733,0.442052) (0.361119,-0.0759229) 0.21986 (2.46273,0.895329) (0.131606,0.00712971) 0.174093 (2.33368,1.18548) (0.0367669,-0.0745733) 0.12923 (2.51883,1.51383) (0.2147,-0.0383137) 0.189674 (1.76287,1.8) (0,0) 0.001 (1.76287,0.3) (0,0) 0.001
1 (1.80664,0.850656) (0.437743,-0.172247) 0.201575 (5.98029,1.15206) 1.61385 -0.374881 (2.60345,0.43446) (0.361121,-0.0759125) 0.21986 (2.47589,0.896041) (0.131607,0.00711798) 0.174093 (2.33743,1.17802) (0.0375432,-0.0745492) 0.12923 (2.5403,1.51) (0.214698,-0.0383205) 0.189674 (1.80664,1.8) (0,0) 0.001 (1.80664,0.3) (0,0) 0.001
1.1 (1.85037,0.833522) (0.437338,-0.171341) 0.201575 (5.98029,1.15206) 1.61385 -0.373402 (2.63957,0.42694) (0.36127,-0.0752) 0.21986 (2.48905,0.896753) (0.131607,0.00711789) 0.174093 (2.34127,1.1706) (0.0383166,-0.0742565) 0.12923 (2.56177,1.50617) (0.2147,-0.0383108) 0.189674 (1.85037,1.8) (0,0) 0.001 (1.85037,0.3) (0,0) 0.001
1.2 (1.89403,0.816467) (0.436594,-0.170551) 0.201575 (5.98029,1.15206) 1.61385 -0.372411 (2.67573,0.419575) (0.361589,-0.0736498) 0.21986 (2.50221,0.897464) (0.131607,0.00711762) 0.174093 (2.34517,1.16321) (0.0390832,-0.0738111) 0.12923 (2.58324,1.50234) (0.2147,-0.0383101) 0.189674 (1.89403,1.8) (0,0) 0.001 (1.89403,0.3) (0,0) 0.001
1.3 (1.93762,0.799471) (0.435912,-0.169962) 0.201575 (5.98029,1.15206) 1.61385 -0.37177 (2.71192,0.412343) (0.361858,-0.0723191) 0.21986 (2.51538,0.898177) (0.131607,0.00712424) 0.174093 (2.34916,1.15589) (0.0398848,-0.0732456) 0.12923 (2.60471,1.4985) (0.2147,-0.0383118) 0.189674 (1.93762,1.8) (0,0) 0.001 (1.93762,0.3) (0,0) 0.001
1.4 (1.98115,0.782522) (0.435283,-0.16949) 0.201575 (5.98029,1.15206) 1.61385 -0.371317 (2.74813,0.405226) (0.362084,-0.0711797) 0.21986 (2.52854,0.898888) (0.131607,0.00711299) 0.174093 (2.35323,1.14863) (0.0407089,-0.0726054) 0.12923 (2.62618,1.49467) (0.214702,-0.0382979) 0.189674 (1.98115,1.8) (0,0) 0.001 (1.98115,0.3) (0,0) 0.001
1.5 (2.02462,0.765611) (0.434705,-0.169102) 0.201575 (5.98029,1.15206) 1.61385 -0.370991 (2.78435,0.398205) (0.362274,-0.070206) 0.21986 (2.5417,0.8996) (0.131607,0.00711589) 0.174093 (2.35738,1.14142) (0.0414255,-0.0720406) 0.12923 (2.64765,1.49084) (0.214701,-0.0383065) 0.189674 (2,1.8) (0,0) 0.001 (2,0.3) (0,0) 0.001
1.6 (2.06804,0.748735) (0.434172,-0.168762) 0.201575 (5.98029,1.15206) 1.61385 -0.370726 (2.8206,0.391267) (0.362433,-0.069377) 0.21986 (2.55486,0.900311) (0.131607,0.00711741) 0.174093 (2.36159,1.13428) (0.042158,-0.0714454) 0.12923 (2.66912,1.48701) (0.2147,-0.0383138) 0.189674 (2,1.8) (0,0) 0.001 (2,0.3) (0,0) 0.001
1.7 (2.11141,0.731889) (0.433682,-0.16846) 0.201575 (5.98029,1.15206) 1.61385 -0.370502 (2.85685,0.3844) (0.362567,-0.0686742) 0.21986 (2.56802,0.901023) (0.131607,0.0071184) 0.174093 (2.36586,1.12718) (0.0427066,-0.0710167) 0.12923 (2.69059,1.48318) (0.2147,-0.0383107) 0.189674 (2,1.8) (0,0) 0.001 (2,0.3) (0,0) 0.001
1.8 (2.15473,0.71507) (0.433236,-0.168191) 0.201575 (5.98029,1.15206) 1.61385 -0.37031 (2.89312,0.377592) (0.362679,-0.0680824) 0.21986 (2.58118,0.901734) (0.131607,0.00711143) 0.174093 (2.36907,1.11897) (0.0321185,-0.0821016) 0.12923 (2.71206,1.47935) (0.214701,-0.0383052) 0.189674 (2,1.8) (0,0) 0.001 (2,0.3) (0,0) 0.001
1.9 (2.19801,0.698275) (0.432836,-0.167956) 0.201575 (5.98029,1.15206) 1.61385 -0.370151 (2.9294,0.370833) (0.362771,-0.0675896) 0.21986 (2.59434,0.902446) (0.131607,0.0071173) 0.174093 (2.36796,1.10531) (-0.0111248,-0.136543) 0.12923 (2.73353,1.47552) (0.214698,-0.0383231) 0.189674 (2,1.8) (0,0) 0.001 (2,0.3) (0,0) 0.001
2 (2.24126,0.6815) (0.432479,-0.167744) 0.201575 (5.98029,1.15206) 1.61385 -0.370003 (2.96568,0.364114) (0.362846,-0.067185) 0.21986 (2.6075,0.903157) (0.131607,0.00711281) 0.174093 (2.36447,1.08671) (-0.0348769,-0.186004) 0.12923 (2.755,1.47169) (0.214701,-0.0383071) 0.189674 (2,1.8) (0,0) 0.001 (2,0.3) (0,0) 0.001
2.1 (2.28448,0.664744) (0.432171,-0.167565) 0.201575 (5.98029,1.15206) 1.61385 -0.369883 (3.00197,0.357428) (0.362906,-0.06686) 0.21986 (2.62066,0.903869) (0.131607,0.00711827) 0.174093 (2.36313,1.06784) (-0.0134682,-0.188766) 0.12923 (2.77647,1.46786) (0.214701,-0.0383055) 0.189674 (2,1.8) (0,0) 0.001 (2,0.3) (0,0) 0.001
2.2 (2.32767,0.648003) (0.431908,-0.167409) 0.201575 (5.98029,1.15206) 1.61385 -0.369775 (3.03827,0.350767) (0.362953,-0.0666073) 0.21986 (2.63382,0.904581) (0.131607,0.00711493) 0.174093 (2.36426,1.04895) (0.0113211,-0.188907) 0.12923 (2.79794,1.46403) (0.214701,-0.0383031) 0.189674 (2,1.8) (0,0) 0.001 (2,0.3) (0,0) 0.001
2.3 (2.37135,0.630377) (0.43677,-0.176259) 0.201575 (5.98029,1.15206) 1.61385 -0.383564 (3.07457,0.344125) (0.362987,-0.0664203) 0.21986 (2.64698,0.905293) (0.131607,0.00712029) 0.174093 (2.36778,1.03035) (0.0351794,-0.185947) 0.12923 (2.81941,1.4602) (0.214702,-0.0383016) 0.189674 (2,1.8) (0,0) 0.001 (2,0.3) (0,0) 0.001
2.4 (2.41763,0.608961) (0.462807,-0.21416) 0.201575 (5.98029,1.15206) 1.61385 -0.4334 (3.11086,0.337444) (0.362914,-0.0668163) 0.21986 (2.66014,0.906005) (0.131607,0.00711789) 0.174093 (2.37339,1.01228) (0.0561023,-0.180739) 0.12923 (2.84088,1.45637) (0.214702,-0.0383014) 0.189674 (2,1.8) (0,0) 0.001 (2,0.3) (0,0) 0.001
2.5 (2.46351,0.588126) (0.458866,-0.208347) 0.201575 (5.98029,1.15206) 1.61385 -0.426215 (3.14715,0.330762) (0.362914,-0.0668163) 0.21986 (2.6733,0.906717) (0.131607,0.00712126) 0.174093 (2.38075,0.994844) (0.0736226,-0.174338) 0.12923 (2.86235,1.45254) (0.214702,-0.0383023) 0.189674 (2,1.8) (0,0) 0.001 (2,0.3) (0,0) 0.001
2.6 (2.50901,0.567864) (0.454986,-0.202625) 0.201575 (5.98029,1.15206) 1.61385 -0.418974 (3.18344,0.32408) (0.362914,-0.0668163) 0.21986 (2.68646,0.907429) (0.131606,0.00712577) 0.174093 (2.38955,0.978091) (0.0880314,-0.167525) 0.12923 (2.88382,1.4487) (0.214697,-0.0383267) 0.189674 (2,1.8) (0,0) 0.001 (2,0.3) (0,0) 0.001
2.7 (2.55412,0.548186) (0.451022,-0.196778) 0.201575 (5.98029,1.15206) 1.61385 -0.411396 (3.21973,0.317399) (0.362914,-0.0668163) 0.21986 (2.69963,0.908142) (0.131606,0.00712698) 0.174093 (2.39954,0.962018) (0.0999001,-0.160729) 0.12923 (2.90529,1.44487) (0.214699,-0.0383157) 0.189674 (2,1.8) (0,0) 0.001 (2,0.3) (0,0) 0.001
2.8 (2.59883,0.529086) (0.447101,-0.190994) 0.201575 (5.98029,1.15206) 1.61385 -0.403718 (3.25603,0.310717) (0.362914,-0.0668163) 0.21986 (2.71279,0.908853) (0.131607,0.00711572) 0.174093 (2.41053,0.946607) (0.109825,-0.154118) 0.12923 (2.92676,1.44104) (0.2147,-0.0383119) 0.189674 (2,1.8) (0,0) 0.001 (2,0.3) (0,0) 0.001
2.9 (2.64314,0.510567) (0.443168,-0.185192) 0.201575 (5.98029,1.15206) 1.61385 -0.395827 (3.29232,0.304036) (0.362914,-0.0668163) 0.21986 (2.72595,0.909566) (0.131607,0.00712389) 0.174093 (2.42236,0.931837) (0.118317,-0.1477) 0.12923 (2.94823,1.43721) (0.214701,-0.0383065) 0.189674 (2,1.8) (0,0) 0.001 (2,0.3) (0,0) 0.001
3 (2.68706,0.492637) (0.439175,-0.179303) 0.201575 (5.98029,1.15206) 1.61385 -0.387617 (3.32861,0.297354) (0.362914,-0.0668163) 0.21986 (2.73911,0.910277) (0.131607,0.00711353) 0.174093 (2.43493,0.917695) (0.125753,-0.141422) 0.12923 (2.9697,1.43338) (0.214698,-0.0383209) 0.189674 (2,1.8) (0,0) 0.001 (2,0.3) (0,0) 0.001
3.1 (2.73057,0.475302) (0.435136,-0.173345) 0.201575 (5.98029,1.15206) 1.61385 -0.379101 (3.3649,0.290672) (0.362914,-0.0668163) 0.21986 (2.75227,0.910989) (0.131607,0.0071171) 0.174093 (2.44817,0.904171) (0.132384,-0.135235) 0.12923 (2.99117,1.42955) (0.214701,-0.0383082) 0.189674 (2,1.8) (0,0) 0.001 (2,0.3) (0,0) 0.001
3.2 (2.77369,0.458551) (0.431185,-0.167517) 0.201575 (5.98029,1.15206) 1.61385 -0.370556 (3.40119,0.283991) (0.362914,-0.0668162) 0.21986 (2.76543,0.911701) (0.131607,0.00712213) 0.174093 (2.46146,0.890698) (0.132896,-0.134732) 0.12923 (3.01264,1.42572) (0.214699,-0.0383155) 0.189674 (2,1.8) (0,0) 0.001 (2,0.3) (0,0) 0.001
3.3 (2.81641,0.442387) (0.427198,-0.161636) 0.201575 (5.98029,1.15206) 1.61385 -0.361716 (3.4368,0.278312) (0.356117,-0.05679) 0.21986 (2.77859,0.912413) (0.131607,0.00712003) 0.174093 (2.47475,0.877224) (0.132892,-0.134736) 0.12923 (3.03411,1.42188) (0.214699,-0.0383178) 0.189674 (2,1.8) (0,0) 0.001 (2,0.3) (0,0) 0.001
3.4 (2.85873,0.426812) (0.423206,-0.155748) 0.201575 (5.98029,1.15206) 1.61385 -0.352636 (3.47103,0.274677) (0.342261,-0.0363519) 0.21986 (2.79175,0.913126) (0.131606,0.00712881) 0.174093 (2.48804,0.86375) (0.132889,-0.134739) 0.12923 (3.05558,1.41805) (0.214701,-0.0383054) 0.189674 (2,1.8) (0,0) 0.001 (2,0.3) (0,0) 0.001
3.5 (2.90065,0.411827) (0.419211,-0.149855) 0.201575 (5.98029,1.15206) 1.61385 -0.343313 (3.50401,0.272872) (0.329848,-0.0180424) 0.21986 (2.80491,0.913838) (0.131607,0.00711819) 0.174093 (2.50133,0.850277) (0.132898,-0.13473) 0.12923 (3.07705,1.41422) (0.214702,-0.0382983) 0.189674 (2,1.8) (0,0) 0.001 (2,0.3) (0,0) 0.001
3.6 (2.94218,0.397424) (0.415263,-0.144031) 0.201575 (5.98029,1.15206) 1.61385 -0.333861 (3.53587,0.27273) (0.318582,-0.00142476) 0.21986 (2.81807,0.91455) (0.131607,0.00712404) 0.174093 (2.51462,0.836804) (0.132895,-0.134733) 0.12923 (3.09852,1.41039) (0.2147,-0.0383133) 0.189674 (2,1.8) (0,0) 0.001 (2,0.3) (0,0) 0.001
3.7 (2.98331,0.383611) (0.411257,-0.138124) 0.201575 (5.98029,1.15206) 1.61385 -0.32402 (3.56672,0.274075) (0.308495,0.0134542) 0.21986 (2.83123,0.915262) (0.131607,0.00711769) 0.174093 (2.52791,0.823331) (0.1329,-0.134728) 0.12923 (3.11999,1.40656) (0.214699,-0.0383154) 0.189674 (2,1.8) (0,0) 0.001 (2,0.3) (0,0) 0.001
3.8 (3.02403,0.370389) (0.407259,-0.132226) 0.201575 (5.98029,1.15206) 1.61385 -0.313936 (3.59666,0.276764) (0.299385,0.0268915) 0.21986 (2.84439,0.915973) (0.131607,0.007108) 0.174093 (2.5412,0.809857) (0.132888,-0.13474) 0.12923 (3.14146,1.40273) (0.214701,-0.0383069) 0.189674 (2,1.8) (0,0) 0.001 (2,0.3) (0,0) 0.001
3.9 (3.06436,0.357757) (0.403255,-0.126321) 0.201575 (5.98029,1.15206) 1.61385 -0.30357 (3.62578,0.28066) (0.291207,0.0389543) 0.21986 (2.85755,0.916683) (0.131607,0.00710657) 0.174093 (2.55449,0.796385) (0.132902,-0.134726) 0.12923 (3.16293,1.3989) (0.214699,-0.0383181) 0.189674 (2,1.8) (0,0) 0.001 (2,0.3) (0,0) 0.001
4 (3.10429,0.345706) (0.399316,-0.12051) 0.201575 (5.98029,1.15206) 1.61385 -0.293098 (3.65417,0.285637) (0.283872,0.0497731) 0.21986 (2.87071,0.917395) (0.131607,0.00711695) 0.174093 (2.56778,0.782912) (0.132901,-0.134727) 0.12923 (3.1844,1.39507) (0.214697,-0.0383273) 0.189674 (2,1.8) (0,0) 0.001 (2,0.3) (0,0) 0.001
4.1 (3.14383,0.334229) (0.39542,-0.114763) 0.201575 (5.98029,1.15206) 1.61385 -0.282471 (3.68189,0.291591) (0.277249,0.0595418) 0.21986 (2.88387,0.918106) (0.131607,0.0071095) 0.174093 (2.58107,0.769439) (0.132896,-0.134732) 0.12923 (3.20587,1.39123) (0.2147,-0.038312) 0.189674 (2,1.8) (0,0) 0.001 (2,0.3) (0,0) 0.001
4.2 (3.18298,0.323326) (0.39154,-0.109039) 0.201575 (5.98029,1.15206) 1.61385 -0.271607 (3.70902,0.298425) (0.271285,0.0683389) 0.21986 (2.89704,0.918818) (0.131607,0.00712124) 0.174093 (2.59436,0.755966) (0.132901,-0.134727) 0.12923 (3.22734,1.38741) (0.214704,-0.0382888) 0.189674 (2,1.8) (0,0) 0.001 (2,0.3) (0,0) 0.001
4.3 (3.22174,0.313008) (0.387563,-0.103174) 0.201575 (5.98029,1.15206) 1.61385 -0.260179 (3.73561,0.306054) (0.265899,0.0762832) 0.21986 (2.9102,0.91953) (0.131607,0.00711455) 0.174093 (2.60765,0.742493) (0.1329,-0.134728) 0.12923 (3.24881,1.38357) (0.2147,-0.0383105) 0.189674 (2,1.8) (0,0) 0.001 (2,0.3) (0,0) 0.001
4.4 (3.26011,0.303255) (0.38374,-0.0975351) 0.201575 (5.98029,1.15206) 1.61385 -0.248899 (3.76171,0.314399) (0.261035,0.0834581) 0.21986 (2.92336,0.920242) (0.131606,0.00712748) 0.174093 (2.62094,0.72902) (0.13289,-0.134738) 0.12923 (3.27028,1.37974) (0.2147,-0.038309) 0.189674 (2,1.8) (0,0) 0.001 (2,0.3) (0,0) 0.001
4.5 (3.2981,0.294081) (0.379806,-0.0917327) 0.201575 (5.98029,1.15206) 1.61385 -0.236986 (3.78739,0.323381) (0.256726,0.0898137) 0.21986 (2.93652,0.920954) (0.131607,0.0071201) 0.174093 (2.63423,0.715546) (0.132896,-0.134732) 0.12923 (3.29175,1.37591) (0.214701,-0.0383083) 0.189674 (2,1.8) (0,0) 0.001 (2,0.3) (0,0) 0.001
4.6 (3.3357,0.285469) (0.376002,-0.0861209) 0.201575 (5.98029,1.15206) 1.61385 -0.22516 (3.81267,0.332933) (0.252856,0.0955224) 0.21986 (2.94968,0.921665) (0.131607,0.0071102) 0.174093 (2.64751,0.702073) (0.132895,-0.134733) 0.12923 (3.31322,1.37208) (0.2147,-0.0383128) 0.189674 (2,1.8) (0,0) 0.001 (2,0.3) (0,0) 0.001
4.7 (3.37292,0.277418) (0.3722,-0.080513) 0.201575 (5.98029,1.15206) 1.61385 -0.213034 (3.8376,0.343014) (0.249272,0.100809) 0.21986 (2.96284,0.922377) (0.131607,0.00711794) 0.174093 (2.6608,0.6886) (0.132898,-0.13473) 0.12923 (3.33469,1.36825) (0.2147,-0.0383125) 0.189674 (2,1.8) (0,0) 0.001 (2,0.3) (0,0) 0.001
4.8 (3.40976,0.269921) (0.368444,-0.0749729) 0.201575 (5.98029,1.15206) 1.61385 -0.200744 (3.86221,0.353561) (0.24611,0.105473) 0.21986 (2.976,0.923089) (0.131607,0.00711419) 0.174093 (2.67409,0.675126) (0.13289,-0.134738) 0.12923 (3.35616,1.36442) (0.214701,-0.0383045) 0.189674 (2,1.8) (0,0) 0.001 (2,0.3) (0,0) 0.001
4.9 (3.44623,0.262975) (0.364703,-0.0694545) 0.201575 (5.98029,1.15206) 1.61385 -0.188188 (3.88654,0.364523) (0.243302,0.109615) 0.21986 (2.98916,0.923801) (0.131606,0.00712726) 0.174093 (2.68738,0.661653) (0.132895,-0.134732) 0.12923 (3.37763,1.36059) (0.214699,-0.0383166) 0.189674 (2,1.8) (0,0) 0.001 (2,0.3) (0,0) 0.001
5 (3.48233,0.256581) (0.360966,-0.0639426) 0.201575 (5.98029,1.15206) 1.61385 -0.175324 (3.91061,0.375867) (0.240707,0.113443) 0.21986 (3.00232,0.924513) (0.131607,0.00711728) 0.174093 (2.70067,0.648179) (0.132892,-0.134736) 0.12923 (3.3991,1.35676) (0.214697,-0.0383258) 0.189674 (2,1.8) (0,0) 0.001 (2,0.3) (0,0) 0.001
5.1 (3.51805,0.25073) (0.357281,-0.0585063) 0.201575 (5.98029,1.15206) 1.61385 -0.162314 (3.93445,0.387553) (0.238392,0.116858) 0.21986 (3.01548,0.925226) (0.131606,0.00712661) 0.174093 (2.71396,0.634705) (0.132886,-0.134741) 0.12923 (3.42057,1.35292) (0.214699,-0.0383172) 0.189674 (2,1.8) (0,0) 0.001 (2,0.3) (0,0) 0.001
5.2 (3.55342,0.24542) (0.353619,-0.053105) 0.201575 (5.98029,1.15206) 1.61385 -0.149062 (3.95808,0.399547) (0.236302,0.11994) 0.21986 (3.02864,0.925938) (0.131606,0.00712483) 0.174093 (2.72725,0.621233) (0.132901,-0.134727) 0.12923 (3.44204,1.34909) (0.214697,-0.0383295) 0.189674 (2,1.8) (0,0) 0.001 (2,0.3) (0,0) 0.001
5.3 (3.58842,0.240642) (0.350005,-0.0477743) 0.201575 (5.98029,1.15206) 1.61385 -0.135658 (3.98153,0.411813) (0.234459,0.122659) 0.21986 (3.0418,0.926649) (0.131607,0.00711119) 0.174093 (2.74054,0.607759) (0.132888,-0.134739) 0.12923 (3.46351,1.34526) (0.214701,-0.0383065) 0.189674 (2,1.8) (0,0) 0.001 (2,0.3) (0,0) 0.001
5.4 (3.62306,0.236389) (0.346451,-0.0425318) 0.201575 (5.98029,1.15206) 1.61385 -0.122153 (4.0048,0.424329) (0.232759,0.125166) 0.21986 (3.05496,0.927361) (0.131607,0.0071115) 0.174093 (2.75383,0.594285) (0.132895,-0.134733) 0.12923 (3.48498,1.34143) (0.214697,-0.0383278) 0.189674 (2,1.8) (0,0) 0.001 (2,0.3) (0,0) 0.001
5.5 (3.65736,0.232646) (0.342992,-0.0374306) 0.201575 (5.98029,1.15206) 1.61385 -0.108699 (4.02793,0.437072) (0.231225,0.127428) 0.21986 (3.06812,0.928073) (0.131607,0.00712294) 0.174093 (2.76712,0.580812) (0.132895,-0.134733) 0.12923 (3.50645,1.3376) (0.214702,-0.0383012) 0.189674 (2,1.8) (0,0) 0.001 (2,0.3) (0,0) 0.001
5.6 (3.69131,0.229424) (0.339458,-0.0322182) 0.201575 (5.98029,1.15206) 1.61385 -0.094627 (4.05091,0.450014) (0.229878,0.129416) 0.21986 (3.08129,0.928783) (0.131608,0.00710421) 0.174093 (2.78041,0.567339) (0.132891,-0.134736) 0.12923 (3.52792,1.33377) (0.214699,-0.0383193) 0.189674 (2,1.8) (0,0) 0.001 (2,0.3) (0,0) 0.001
5.7 (3.7249,0.226717) (0.335969,-0.0270701) 0.201575 (5.98029,1.15206) 1.61385 -0.0803996 (4.07378,0.463133) (0.228669,0.131198) 0.21986 (3.09445,0.929495) (0.131607,0.00712072) 0.174093 (2.7937,0.553866) (0.132898,-0.13473) 0.12923 (3.54939,1.32993) (0.214698,-0.0383223) 0.189674 (2,1.8) (0,0) 0.001 (2,0.3) (0,0) 0.001
5.8 (3.76025,0.222027) (0.35344,-0.0469016) 0.201575 (5.98029,1.15206) 1.61385 -0.13193 (4.09445,0.478838) (0.206713,0.157042) 0.21986 (3.10761,0.930206) (0.131607,0.00711052) 0.174093 (2.80699,0.540391) (0.132885,-0.134742) 0.12923 (3.57086,1.3261) (0.214699,-0.0383145) 0.189674 (2,1.8) (0,0) 0.001 (2,0.3) (0,0) 0.001
5.9 (3.79686,0.216658) (0.366151,-0.0536886) 0.201575 (5.98029,1.15206) 1.61385 -0.145592 (4.11422,0.494756) (0.197678,0.159184) 0.21986 (3.12077,0.930918) (0.131607,0.00711986) 0.174093 (2.82027,0.526917) (0.132883,-0.134744) 0.12923 (3.59233,1.32227) (0.2147,-0.0383101) 0.189674 (2,1.8) (0,0) 0.001 (2,0.3) (0,0) 0.001
6 (3.83887,0.207676) (0.420056,-0.0898194) 0.201575 (5.98029,1.15206) 1.61385 -0.210655 (4.13377,0.508952) (0.195467,0.141965) 0.21986 (3.13393,0.931631) (0.131607,0.00712414) 0.174093 (2.83356,0.513444) (0.132897,-0.134731) 0.12923 (3.6138,1.31844) (0.214702,-0.0382987) 0.189674 (2,1.8) (0,0) 0.001 (2,0.3) (0,0) 0.001
6.1 (3.88345,0.197471) (0.445775,-0.102049) 0.201575 (5.98029,1.15206) 1.61385 -0.225046 (4.15323,0.522063) (0.194618,0.131106) 0.21986 (3.14709,0.932342) (0.131607,0.00711584) 0.174093 (2.84685,0.499971) (0.132902,-0.134726) 0.12923 (3.63527,1.31461) (0.2147,-0.0383098) 0.189674 (2,1.8) (0,0) 0.001 (2,0.3) (0,0) 0.001
6.2 (3.93436,0.184894) (0.509167,-0.125772) 0.201575 (5.98029,1.15206) 1.61385 -0.242167 (4.1729,0.532685) (0.196703,0.106216) 0.21986 (3.16025,0.933054) (0.131607,0.00711684) 0.174093 (2.86014,0.486497) (0.132886,-0.134742) 0.12923 (3.65674,1.31078) (0.214699,-0.0383175) 0.189674 (2,1.8) (0,0) 0.001 (2,0.3) (0,0) 0.001
6.3 (3.9893,0.171501) (0.549355,-0.133934) 0.201575 (5.98029,1.15206) 1.61385 -0.239137 (4.19217,0.541832) (0.192746,0.0914769) 0.21986 (3.17341,0.933766) (0.131607,0.00711782) 0.174093 (2.87343,0.473023) (0.132892,-0.134735) 0.12923 (3.67821,1.30695) (0.214703,-0.038293) 0.189674 (2,1.8) (0,0) 0.001 (2,0.3) (0,0) 0.001
6.4 (4.05172,0.157503) (0.624177,-0.139976) 0.201575 (5.98029,1.15206) 1.61385 -0.220607 (4.21061,0.548467) (0.184369,0.0663479) 0.21986 (3.18657,0.934477) (0.131607,0.00711543) 0.174093 (2.88672,0.459552) (0.13291,-0.134718) 0.12923 (3.69968,1.30312) (0.214699,-0.0383197) 0.189674 (2,1.8) (0,0) 0.001 (2,0.3) (0,0) 0.001
6.5 (4.12009,0.144142) (0.683766,-0.133613) 0.201575 (5.98029,1.15206) 1.61385 -0.192975 (4.22745,0.552954) (0.168427,0.0448685) 0.21986 (3.19973,0.935189) (0.131607,0.00711686) 0.174093 (2.90001,0.446077) (0.132885,-0.134743) 0.12923 (3.72115,1.29929) (0.2147,-0.0383139) 0.189674 (2,1.8) (0,0) 0.001 (2,0.3) (0,0) 0.001
6.6 (4.19737,0.133389) (0.772774,-0.107535) 0.201575 (5.98029,1.15206) 1.61385 -0.138266 (4.23986,0.554018) (0.124122,0.0106458) 0.21986 (3.21289,0.9359) (0.131607,0.00711116) 0.174093 (2.9133,0.432604) (0.132898,-0.13473) 0.12923 (3.74262,1.29545) (0.214698,-0.0383211) 0.189674 (2,1.8) (0,0) 0.001 (2,0.3) (0,0) 0.001
6.7 (4.28303,0.127681) (0.856621,-0.0570787) 0.201575 (5.98029,1.15206) 1.61385 -0.066534 (4.20309,0.5509) (-0.367694,-0.0311805) 0.21986 (3.22605,0.936612) (0.131607,0.00711808) 0.174093 (2.92659,0.419131) (0.132896,-0.134731) 0.12923 (3.76409,1.29162) (0.2147,-0.0383118) 0.189674 (2,1.8) (0,0) 0.001 (2,0.3) (0,0) 0.001
6.8 (4.37951,0.153256) (0.964756,0.255755) 0.201575 (5.98029,1.15206) 1.61385 0.259137 (4.17318,0.529292) (-0.299129,-0.216085) 0.21986 (3.23921,0.937324) (0.131607,0.00712298) 0.174093 (2.93988,0.405658) (0.132898,-0.13473) 0.12923 (3.78556,1.28779) (0.2147,-0.0383112) 0.189674 (2,1.8) (0,0) 0.001 (2,0.3) (0,0) 0.001
6.9 (4.46851,0.201127) (0.889994,0.47871) 0.201575 (5.98029,1.15206) 1.61385 0.49349 (4.14327,0.507686) (-0.299147,-0.216061) 0.21986 (3.25237,0.938036) (0.131607,0.00711875) 0.174093 (2.95317,0.392184) (0.132887,-0.134741) 0.12923 (3.80703,1.28396) (0.214701,-0.0383076) 0.189674 (2,1.8) (0,0) 0.001 (2,0.3) (0,0) 0.001
7 (4.55316,0.254369) (0.846504,0.532413) 0.201575 (5.98029,1.15206) 1.61385 0.561439 (4.11335,0.486078) (-0.299131,-0.216083) 0.21986 (3.26554,0.938748) (0.131607,0.00711915) 0.174093 (2.96646,0.37871) (0.132888,-0.13474) 0.12923 (3.8285,1.28013) (0.214698,-0.0383236) 0.189674 (2,1.8) (0,0) 0.001 (2,0.3) (0,0) 0.001
7.1 (4.6378,0.307611) (0.846471,0.53243) 0.201575 (5.98029,1.15206) 1.61385 0.56147 (4.08344,0.464476) (-0.299183,-0.216011) 0.21986 (3.2787,0.939459) (0.131607,0.00711019) 0.174093 (2.97975,0.365239) (0.132912,-0.134716) 0.12923 (3.84997,1.2763) (0.214698,-0.0383254) 0.189674 (2,1.8) (0,0) 0.001 (2,0.3) (0,0) 0.001
7.2 (4.72245,0.360853) (0.846472,0.532411) 0.201575 (5.98029,1.15206) 1.61385 0.561454 (4.05352,0.442869) (-0.299139,-0.216072) 0.21986 (3.29186,0.940172) (0.131606,0.00712705) 0.174093 (2.99304,0.351763) (0.13287,-0.134758) 0.12923 (3.87144,1.27246) (0.214701,-0.0383078) 0.189674 (2,1.8) (0,0) 0.001 (2,0.3) (0,0) 0.001
7.3 (4.8071,0.414097) (0.846469,0.532443) 0.201575 (5.98029,1.15206) 1.61385 0.561482 (4.0236,0.421267) (-0.299171,-0.216027) 0.21986 (3.30502,0.940883) (0.131607,0.00711124) 0.174093 (3.00633,0.33829) (0.132899,-0.134729) 0.12923 (3.89291,1.26864) (0.214703,-0.0382967) 0.189674 (2,1.8) (0,0) 0.001 (2,0.3) (0,0) 0.001
7.4 (4.89175,0.467342) (0.846471,0.532447) 0.201575 (5.98029,1.15206) 1.61385 0.561485 (3.99369,0.399659) (-0.299132,-0.216081) 0.21986 (3.31818,0.941594) (0.131607,0.00711079) 0.174093 (3.01962,0.324817) (0.132899,-0.134729) 0.12923 (3.91438,1.2648) (0.214701,-0.0383038) 0.189674 (2,1.8) (0,0) 0.001 (2,0.3) (0,0) 0.001
7.5 (4.97639,0.520585) (0.84648,0.53243) 0.201575 (5.98029,1.15206) 1.61385 0.561465 (3.96869,0.374216) (-0.250055,-0.254422) 0.21986 (3.33134,0.942305) (0.131607,0.00711527) 0.174093 (3.0352,0.318589) (0.155876,-0.0622816) 0.12923 (3.93585,1.26097) (0.214701,-0.0383055) 0.189674 (2,1.8) (0,0) 0.001 (2,0.3) (0,0) 0.001
7.6 (5.06104,0.573829) (0.846464,0.532447) 0.201575 (5.98029,1.15206) 1.61385 0.561488 (3.9467,0.350201) (-0.219901,-0.240149) 0.21986 (3.3445,0.943017) (0.131607,0.00711553) 0.174093 (3.04975,0.31187) (0.145501,-0.0671928) 0.12923 (3.95732,1.25714) (0.214699,-0.0383147) 0.189674 (2,1.8) (0,0) 0.001 (2,0.3) (0,0) 0.001
7.7 (5.14569,0.62708) (0.846467,0.532508) 0.201575 (5.98029,1.15206) 1.61385 0.561539 (3.92744,0.327479) (-0.192591,-0.227223) 0.21986 (3.35766,0.943729) (0.131607,0.00711916) 0.174093 (3.06338,0.304713) (0.136259,-0.0715673) 0.12923 (3.97879,1.25331) (0.214697,-0.0383275) 0.189674 (2,1.8) (0,0) 0.001 (2,0.3) (0,0) 0.001
7.79999 (5.22915,0.679571) (0.834625,0.524914) 0.201575 (5.98029,1.15206) 1.61385 0.561414 (3.91064,0.305921) (-0.167991,-0.215579) 0.21986 (3.37082,0.944441) (0.131606,0.00712591) 0.174093 (3.07617,0.297163) (0.127946,-0.0755019) 0.12923 (4.00026,1.24948) (0.2147,-0.0383099) 0.189674 (2,1.8) (0,0) 0.001 (2,0.3) (0,0) 0.001
7.89999 (5.30427,0.72682) (0.751162,0.472488) 0.201575 (5.98029,1.15206) 1.61385 0.561477 (3.89604,0.285406) (-0.145969,-0.205155) 0.21986 (3.38398,0.945153) (0.131607,0.00711607) 0.174093 (3.08821,0.289252) (0.120325,-0.0791091) 0.12923 (4.02173,1.24565) (0.2147,-0.0383113) 0.189674 (2,1.8) (0,0) 0.001 (2,0.3) (0,0) 0.001
7.99999 (5.37187,0.769352) (0.676036,0.42532) 0.201575 (5.98029,1.15206) 1.61385 0.56157 (3.88343,0.265828) (-0.126147,-0.195772) 0.21986 (3.39714,0.945864) (0.131607,0.00710607) 0.174093 (3.09956,0.281021) (0.113577,-0.0823034) 0.12923 (4.0432,1.24182) (0.2147,-0.0383128) 0.189674 (2,1.8) (0,0) 0.001 (2,0.3) (0,0) 0.001
8.09999 (5.43271,0.80763) (0.608437,0.382773) 0.201575 (5.98029,1.15206) 1.61385 0.561549 (3.8726,0.247099) (-0.108243,-0.187298) 0.21986 (3.4103,0.946575) (0.131607,0.00711545) 0.174093 (3.11032,0.272506) (0.107559,-0.0851519) 0.12923 (4.06467,1.23799) (0.214699,-0.0383152) 0.189674 (2,1.8) (0,0) 0.001 (2,0.3) (0,0) 0.001
8.2 (5.48748,0.842065) (0.547632,0.34435) 0.201575 (5.98029,1.15206) 1.61385 0.561326 (3.86338,0.229129) (-0.0921814,-0.179696) 0.21986 (3.42346,0.947287) (0.131607,0.00711761) 0.174093 (3.12052,0.263728) (0.102011,-0.0877779) 0.12923 (4.08614,1.23415) (0.214699,-0.0383195) 0.189674 (2,1.8) (0,0) 0.001 (2,0.3) (0,0) 0.001
8.3 (5.53676,0.873073) (0.492819,0.310079) 0.201575 (5.98029,1.15206) 1.61385 0.561609 (3.85561,0.211845) (-0.0777063,-0.172844) 0.21986 (3.43662,0.947999) (0.131607,0.00711535) 0.174093 (3.13023,0.254718) (0.0970869,-0.0901086) 0.12923 (4.10761,1.23032) (0.2147,-0.0383126) 0.189674 (2,1.8) (0,0) 0.001 (2,0.3) (0,0) 0.001
8.4 (5.58112,0.900975) (0.443593,0.279022) 0.201575 (5.98029,1.15206) 1.61385 0.561473 (3.84914,0.195176) (-0.0646913,-0.166684) 0.21986 (3.44979,0.94871) (0.131607,0.00711721) 0.174093 (3.13949,0.245495) (0.0926111,-0.0922271) 0.12923 (4.12908,1.22649) (0.214699,-0.0383194) 0.189674 (2,1.8) (0,0) 0.001 (2,0.3) (0,0) 0.001
