[[(2, 2.1), (0, 2.1), (0, 1.8), (2, 1.8)], [(2, 0.3), (0, 0.3), (0, 0), (2, 0)]]
timestamp position0 velocity0 radius0 goal pref_speed theta position1 velocity1 radius1 position2 velocity2 radius2 position3 velocity3 radius3 position4 velocity4 radius4 position5 velocity5 radius5 position6 velocity6 radius6
0 (1.00143,1.05924) (0,0) 0.142564 (5.99563,1.71825) 1.65559 0 (2.2788,0.472831) (0,0) 0.148782 (2.21034,0.803199) (0,0) 0.16392 (2.30405,1.19926) (0,0) 0.170747 (2.29806,1.56639) (0,0) 0.163622 (1.00143,1.8) (0,0) 0.001 (1.00143,0.3) (0,0) 0.001
0.25 (1.24927,1.08915) (0.991373,0.11964) 0.142564 (5.99563,1.71825) 1.65559 0.1201 (2.33657,0.463465) (0.231075,-0.0374661) 0.148782 (2.21595,0.803731) (0.0224255,0.00212603) 0.16392 (2.33913,1.1891) (0.140307,-0.0406311) 0.170747 (2.35386,1.56648) (0.223173,0.000358695) 0.163622 (1.24927,1.8) (0,0) 0.001 (1.24927,0.3) (0,0) 0.001
0.5 (1.49713,1.122) (0.991404,0.131411) 0.142564 (5.99563,1.71825) 1.65559 0.131783 (2.39434,0.454098) (0.231075,-0.0374664) 0.148782 (2.24156,0.792196) (0.102437,-0.0461383) 0.16392 (2.37049,1.17038) (0.125428,-0.0748652) 0.170747 (2.40924,1.55972) (0.221529,-0.0270444) 0.163622 (1.49713,1.8) (0,0) 0.001 (1.49713,0.3) (0,0) 0.001
0.75 (1.73647,1.17381) (0.957364,0.207232) 0.142564 (5.99563,1.71825) 1.65559 0.213172 (2.4521,0.444731) (0.231075,-0.0374686) 0.148782 (2.27638,0.771218) (0.13928,-0.0839135) 0.16392 (2.39168,1.14064) (0.0847552,-0.118969) 0.170747 (2.46462,1.55296) (0.221527,-0.0270569) 0.163622 (1.73647,1.8) (0,0) 0.001 (1.73647,0.3) (0,0) 0.001
1 (1.89244,1.19718) (0.623906,0.0934708) 0.142564 (5.99563,1.71825) 1.65559 0.148709 (2.50987,0.435369) (0.231078,-0.0374483) 0.148782 (2.31881,0.749138) (0.169732,-0.0883196) 0.16392 (2.40747,1.10771) (0.063182,-0.131701) 0.170747 (2.51879,1.56633) (0.216669,0.0534872) 0.163622 (1.89244,1.8) (0,0) 0.001 (1.89244,0.3) (0,0) 0.001
1.25 (2.03011,1.21875) (0.550661,0.0862794) 0.142564 (5.99563,1.71825) 1.65559 0.15542 (2.56764,0.426006) (0.231078,-0.0374529) 0.148782 (2.36458,0.724918) (0.183079,-0.096881) 0.16392 (2.42403,1.07517) (0.0662471,-0.130186) 0.170747 (2.57296,1.5797) (0.216669,0.0534871) 0.163622 (2,1.8) (0,0) 0.001 (2,0.3) (0,0) 0.001
1.5 (2.15511,1.23907) (0.5,0.0813054) 0.142564 (5.99563,1.71825) 1.65559 0.1612 (2.62541,0.416643) (0.231078,-0.0374525) 0.148782 (2.41215,0.699419) (0.190292,-0.101997) 0.16392 (2.44136,1.04302) (0.0693143,-0.128579) 0.170747 (2.62712,1.59307) (0.216669,0.0534871) 0.163622 (2,1.8) (0,0) 0.001 (2,0.3) (0,0) 0.001
1.75 (2.26967,1.25837) (0.458251,0.0772063) 0.142564 (5.99563,1.71825) 1.65559 0.166913 (2.68318,0.407271) (0.231072,-0.0374884) 0.148782 (2.46072,0.673177) (0.194272,-0.104967) 0.16392 (2.45971,1.01145) (0.0733736,-0.126307) 0.170747 (2.68129,1.60645) (0.216669,0.0534871) 0.163622 (2,1.8) (0,0) 0.001 (2,0.3) (0,0) 0.001
2 (2.38163,1.27742) (0.447841,0.0761842) 0.142564 (5.99563,1.71825) 1.65559 0.168502 (2.74095,0.397904) (0.231075,-0.037468) 0.148782 (2.50991,0.64663) (0.19674,-0.106186) 0.16392 (2.47783,0.979744) (0.0725064,-0.126806) 0.170747 (2.73546,1.61982) (0.216669,0.0534871) 0.163622 (2,1.8) (0,0) 0.001 (2,0.3) (0,0) 0.001
2.25 (2.62979,1.30769) (0.992636,0.121069) 0.142564 (5.99563,1.71825) 1.65559 0.121368 (2.79872,0.388533) (0.231073,-0.0374837) 0.148782 (2.55939,0.619792) (0.19794,-0.107353) 0.16392 (2.51025,0.962932) (0.129671,-0.0672494) 0.170747 (2.78962,1.63319) (0.216669,0.0534871) 0.163622 (2,1.8) (0,0) 0.001 (2,0.3) (0,0) 0.001
2.5 (2.87794,1.33797) (0.992618,0.12111) 0.142564 (5.99563,1.71825) 1.65559 0.121411 (2.85649,0.37917) (0.231078,-0.0374508) 0.148782 (2.61397,0.603822) (0.218308,-0.0638817) 0.16392 (2.54267,0.946119) (0.12967,-0.067251) 0.170747 (2.84427,1.64445) (0.218582,0.0450345) 0.163622 (2,1.8) (0,0) 0.001 (2,0.3) (0,0) 0.001
2.75 (3.12609,1.36826) (0.992599,0.121167) 0.142564 (5.99563,1.71825) 1.65559 0.121469 (2.91426,0.369803) (0.231075,-0.037468) 0.148782 (2.672,0.595354) (0.232128,-0.033871) 0.16392 (2.57509,0.929307) (0.129671,-0.0672494) 0.170747 (2.90005,1.64309) (0.223107,-0.00542872) 0.163622 (2,1.8) (0,0) 0.001 (2,0.3) (0,0) 0.001
3 (3.37425,1.39851) (0.992608,0.12103) 0.142564 (5.99563,1.71825) 1.65559 0.121332 (2.97202,0.360437) (0.231076,-0.0374648) 0.148782 (2.74363,0.599176) (0.286535,0.0152905) 0.16392 (2.6075,0.912494) (0.129671,-0.0672502) 0.170747 (2.95511,1.63411) (0.220263,-0.0359228) 0.163622 (2,1.8) (0,0) 0.001 (2,0.3) (0,0) 0.001
3.25 (3.6224,1.42879) (0.992623,0.1211) 0.142564 (5.99563,1.71825) 1.65559 0.1214 (3.02979,0.351072) (0.231076,-0.0374601) 0.148782 (2.82104,0.610491) (0.309619,0.0452563) 0.16392 (2.63992,0.895682) (0.129671,-0.0672487) 0.170747 (3.01018,1.62513) (0.220261,-0.0359389) 0.163622 (2,1.8) (0,0) 0.001 (2,0.3) (0,0) 0.001
3.5 (3.87057,1.45906) (0.992652,0.121074) 0.142564 (5.99563,1.71825) 1.65559 0.121371 (3.08756,0.341702) (0.231073,-0.0374804) 0.148782 (2.89768,0.626158) (0.306569,0.0626711) 0.16392 (2.67234,0.87887) (0.129672,-0.0672483) 0.170747 (3.06524,1.61614) (0.220263,-0.035927) 0.163622 (2,1.8) (0,0) 0.001 (2,0.3) (0,0) 0.001
3.75 (4.11873,1.48932) (0.992662,0.121054) 0.142564 (5.99563,1.71825) 1.65559 0.12135 (3.14533,0.332333) (0.231074,-0.0374736) 0.148782 (2.97225,0.649794) (0.298285,0.0945422) 0.16392 (2.70476,0.862058) (0.129671,-0.0672494) 0.170747 (3.12031,1.60716) (0.220262,-0.0359298) 0.163622 (2,1.8) (0,0) 0.001 (2,0.3) (0,0) 0.001
4 (4.36689,1.51959) (0.992648,0.121075) 0.142564 (5.99563,1.71825) 1.65559 0.121372 (3.2031,0.322964) (0.231074,-0.0374762) 0.148782 (3.04682,0.673422) (0.298294,0.0945129) 0.16392 (2.73717,0.845245) (0.12967,-0.0672509) 0.170747 (3.17538,1.59819) (0.220266,-0.0359049) 0.163622 (2,1.8) (0,0) 0.001 (2,0.3) (0,0) 0.001
4.25 (4.61505,1.54985) (0.992646,0.121059) 0.142564 (5.99563,1.71825) 1.65559 0.121356 (3.26087,0.313596) (0.231074,-0.0374742) 0.148782 (3.1214,0.697056) (0.298287,0.094536) 0.16392 (2.76959,0.828432) (0.12967,-0.0672511) 0.170747 (3.23044,1.5892) (0.220263,-0.0359229) 0.163622 (2,1.8) (0,0) 0.001 (2,0.3) (0,0) 0.001
4.5 (4.86321,1.58015) (0.992633,0.121164) 0.142564 (5.99563,1.71825) 1.65559 0.121462 (3.31864,0.304228) (0.231075,-0.0374689) 0.148782 (3.19597,0.720692) (0.298285,0.0945417) 0.16392 (2.80201,0.81162) (0.129672,-0.0672484) 0.170747 (3.28551,1.58022) (0.220263,-0.0359219) 0.163622 (2,1.8) (0,0) 0.001 (2,0.3) (0,0) 0.001
4.75 (5.11138,1.61041) (0.992653,0.121038) 0.142564 (5.99563,1.71825) 1.65559 0.121335 (3.3764,0.294864) (0.231077,-0.0374581) 0.148782 (3.27054,0.744327) (0.298286,0.0945398) 0.16392 (2.83443,0.794807) (0.12967,-0.067251) 0.170747 (3.34057,1.57124) (0.220262,-0.0359315) 0.163622 (2,1.8) (0,0) 0.001 (2,0.3) (0,0) 0.001
5 (5.33243,1.63737) (0.884199,0.107877) 0.142564 (5.99563,1.71825) 1.65559 0.121405 (3.43417,0.285494) (0.231073,-0.0374796) 0.148782 (3.34511,0.767964) (0.298283,0.0945482) 0.16392 (2.86684,0.777994) (0.129669,-0.0672528) 0.170747 (3.39564,1.56226) (0.220264,-0.0359206) 0.163622 (2,1.8) (0,0) 0.001 (2,0.3) (0,0) 0.001
5.25 (5.49823,1.65758) (0.663202,0.0808078) 0.142564 (5.99563,1.71825) 1.65559 0.121247 (3.49194,0.276128) (0.231076,-0.0374626) 0.148782 (3.41968,0.791595) (0.29829,0.0945263) 0.16392 (2.89926,0.761182) (0.129671,-0.06725) 0.170747 (3.4507,1.55328) (0.220263,-0.0359235) 0.163622 (2,1.8) (0,0) 0.001 (2,0.3) (0,0) 0.001
