[[(2, 2.1), (0, 2.1), (0, 1.8), (2, 1.8)], [(2, 0.3), (0, 0.3), (0, 0), (2, 0)]]
timestamp position0 velocity0 radius0 goal pref_speed theta position1 velocity1 radius1 position2 velocity2 radius2 position3 velocity3 radius3 position4 velocity4 radius4 position5 velocity5 radius5 position6 velocity6 radius6
0 (1.12874,1.0931) (0,0) 0.172506 (5.99563,1.71825) 1.5114 0 (2.23293,0.479611) (0,0) 0.203048 (2.39542,0.910752) (0,0) 0.149053 (2.27067,1.25777) (0,0) 0.20748 (2.24981,1.63698) (0,0) 0.161789 (1.12874,1.8) (0,0) 0.001 (1.12874,0.3) (0,0) 0.001
0.25 (1.3767,1.11982) (0.991834,0.106878) 0.172506 (5.99563,1.71825) 1.5114 0.107344 (2.27142,0.468009) (0.153947,-0.0464099) 0.203048 (2.47199,0.924414) (0.306273,0.0546492) 0.149053 (2.2726,1.25814) (0.00772646,0.00147789) 0.20748 (2.33404,1.64291) (0.336917,0.0237107) 0.161789 (1.3767,1.8) (0,0) 0.001 (1.3767,0.3) (0,0) 0.001
0.5 (1.61034,1.10219) (0.934586,-0.0705457) 0.172506 (5.99563,1.71825) 1.5114 -0.0753405 (2.31112,0.461709) (0.158803,-0.0251995) 0.203048 (2.54856,0.938073) (0.306275,0.0546343) 0.149053 (2.28788,1.29007) (0.0611348,0.127701) 0.20748 (2.41848,1.6425) (0.337746,-0.00163797) 0.161789 (1.61034,1.8) (0,0) 0.001 (1.61034,0.3) (0,0) 0.001
0.75 (1.81945,1.06945) (0.836434,-0.130928) 0.172506 (5.99563,1.71825) 1.5114 -0.155272 (2.35082,0.455408) (0.158803,-0.0252023) 0.203048 (2.62025,0.968236) (0.286762,0.120653) 0.149053 (2.2882,1.33568) (0.00127535,0.182436) 0.20748 (2.50285,1.63926) (0.337501,-0.012956) 0.161789 (1.81945,1.8) (0,0) 0.001 (1.81945,0.3) (0,0) 0.001
1 (2.02133,1.03169) (0.807517,-0.151042) 0.172506 (5.99563,1.71825) 1.5114 -0.184909 (2.39052,0.449111) (0.158805,-0.0251873) 0.203048 (2.6678,1.02204) (0.190228,0.215198) 0.149053 (2.32184,1.36146) (0.134543,0.103139) 0.20748 (2.58713,1.64446) (0.337109,0.0207882) 0.161789 (2,1.8) (0,0) 0.001 (2,0.3) (0,0) 0.001
1.25 (2.22086,0.99533) (0.798098,-0.145454) 0.172506 (5.99563,1.71825) 1.5114 -0.180272 (2.43022,0.442812) (0.158804,-0.025196) 0.203048 (2.71536,1.07583) (0.190228,0.215198) 0.149053 (2.36145,1.37029) (0.158464,0.0353249) 0.20748 (2.67141,1.64966) (0.337109,0.0207882) 0.161789 (2,1.8) (0,0) 0.001 (2,0.3) (0,0) 0.001
1.5 (2.41782,0.960485) (0.787856,-0.139377) 0.172506 (5.99563,1.71825) 1.5114 -0.175095 (2.46992,0.436511) (0.158802,-0.0252034) 0.203048 (2.76292,1.12963) (0.190228,0.215198) 0.149053 (2.40466,1.3594) (0.172831,-0.0435704) 0.20748 (2.75569,1.65485) (0.337109,0.0207881) 0.161789 (2,1.8) (0,0) 0.001 (2,0.3) (0,0) 0.001
1.75 (2.61198,0.927307) (0.776623,-0.132713) 0.172506 (5.99563,1.71825) 1.5114 -0.16925 (2.50962,0.430214) (0.158805,-0.0251899) 0.203048 (2.81047,1.18343) (0.190228,0.215198) 0.149053 (2.45036,1.33798) (0.182807,-0.0856838) 0.20748 (2.83996,1.66005) (0.337109,0.0207881) 0.161789 (2,1.8) (0,0) 0.001 (2,0.3) (0,0) 0.001
2 (2.80304,0.895965) (0.764243,-0.125369) 0.172506 (5.99563,1.71825) 1.5114 -0.162595 (2.54932,0.423917) (0.158805,-0.025189) 0.203048 (2.85803,1.23723) (0.190226,0.2152) 0.149053 (2.49796,1.3114) (0.190376,-0.106324) 0.20748 (2.92424,1.66525) (0.337109,0.0207881) 0.161789 (2,1.8) (0,0) 0.001 (2,0.3) (0,0) 0.001
2.25 (3.0502,0.93524) (0.988639,0.157102) 0.172506 (5.99563,1.71825) 1.5114 0.15759 (2.58902,0.417619) (0.158805,-0.02519) 0.203048 (2.9355,1.24417) (0.309872,0.0277246) 0.149053 (2.54738,1.28229) (0.197688,-0.116431) 0.20748 (3.00852,1.67044) (0.337109,0.0207881) 0.161789 (2,1.8) (0,0) 0.001 (2,0.3) (0,0) 0.001
2.5 (3.29181,0.99947) (0.966446,0.25692) 0.172506 (5.99563,1.71825) 1.5114 0.25983 (2.62872,0.41132) (0.158804,-0.0251958) 0.203048 (3.01297,1.2511) (0.309872,0.0277224) 0.149053 (2.61986,1.24388) (0.289917,-0.153656) 0.20748 (3.09294,1.67179) (0.337707,0.0053746) 0.161789 (2,1.8) (0,0) 0.001 (2,0.3) (0,0) 0.001
2.75 (3.53342,1.0637) (0.966427,0.256921) 0.172506 (5.99563,1.71825) 1.5114 0.259836 (2.66842,0.40502) (0.158803,-0.0252024) 0.203048 (3.09044,1.25802) (0.309874,0.0277017) 0.149053 (2.6936,1.19114) (0.294949,-0.210942) 0.20748 (3.17738,1.67104) (0.337737,-0.00297667) 0.161789 (2,1.8) (0,0) 0.001 (2,0.3) (0,0) 0.001
3 (3.77504,1.12792) (0.966491,0.256866) 0.172506 (5.99563,1.71825) 1.5114 0.259767 (2.70813,0.398721) (0.158804,-0.0251955) 0.203048 (3.1679,1.26495) (0.309874,0.0277) 0.149053 (2.76614,1.13678) (0.290187,-0.217447) 0.20748 (3.2618,1.6692) (0.337669,-0.00736709) 0.161789 (2,1.8) (0,0) 0.001 (2,0.3) (0,0) 0.001
3.25 (4.01664,1.19215) (0.966395,0.256947) 0.172506 (5.99563,1.71825) 1.5114 0.25987 (2.74783,0.392424) (0.158805,-0.0251876) 0.203048 (3.24537,1.27187) (0.309875,0.0276986) 0.149053 (2.83869,1.08242) (0.290183,-0.217453) 0.20748 (3.3462,1.66681) (0.337615,-0.00955143) 0.161789 (2,1.8) (0,0) 0.001 (2,0.3) (0,0) 0.001
3.5 (4.25826,1.25638) (0.966483,0.256885) 0.172506 (5.99563,1.71825) 1.5114 0.259787 (2.78753,0.386121) (0.158801,-0.0252101) 0.203048 (3.32284,1.27881) (0.309871,0.027739) 0.149053 (2.91123,1.02805) (0.290172,-0.217467) 0.20748 (3.4306,1.66417) (0.337585,-0.0105594) 0.161789 (2,1.8) (0,0) 0.001 (2,0.3) (0,0) 0.001
3.75 (4.49987,1.32059) (0.966446,0.256847) 0.172506 (5.99563,1.71825) 1.5114 0.259759 (2.82723,0.379821) (0.158803,-0.0252005) 0.203048 (3.40031,1.28574) (0.309872,0.0277322) 0.149053 (2.98378,0.973688) (0.290188,-0.217445) 0.20748 (3.51499,1.66143) (0.337572,-0.010968) 0.161789 (2,1.8) (0,0) 0.001 (2,0.3) (0,0) 0.001
4 (4.74145,1.38483) (0.966332,0.256964) 0.172506 (5.99563,1.71825) 1.5114 0.259903 (2.86693,0.373519) (0.158802,-0.0252093) 0.203048 (3.47778,1.29267) (0.309873,0.0277106) 0.149053 (3.05632,0.919323) (0.290175,-0.217463) 0.20748 (3.59938,1.65865) (0.337566,-0.0111448) 0.161789 (2,1.8) (0,0) 0.001 (2,0.3) (0,0) 0.001
4.25 (4.98306,1.44906) (0.966435,0.256935) 0.172506 (5.99563,1.71825) 1.5114 0.259847 (2.90663,0.367221) (0.158804,-0.0251911) 0.203048 (3.55524,1.2996) (0.309873,0.0277157) 0.149053 (3.12887,0.864965) (0.290199,-0.217431) 0.20748 (3.68377,1.65583) (0.337562,-0.0112476) 0.161789 (2,1.8) (0,0) 0.001 (2,0.3) (0,0) 0.001
4.5 (5.22467,1.51329) (0.966418,0.256925) 0.172506 (5.99563,1.71825) 1.5114 0.259842 (2.94633,0.360921) (0.158803,-0.0252026) 0.203048 (3.63271,1.30653) (0.309869,0.0277548) 0.149053 (3.20142,0.810603) (0.290185,-0.217449) 0.20748 (3.76816,1.65301) (0.337561,-0.0112996) 0.161789 (2,1.8) (0,0) 0.001 (2,0.3) (0,0) 0.001
4.75 (5.41739,1.56454) (0.770891,0.204982) 0.172506 (5.99563,1.71825) 1.5114 0.259889 (2.98603,0.354621) (0.158803,-0.0251975) 0.203048 (3.71018,1.31347) (0.309872,0.02773) 0.149053 (3.27396,0.756236) (0.290172,-0.217467) 0.20748 (3.85255,1.65018) (0.33756,-0.0113099) 0.161789 (2,1.8) (0,0) 0.001 (2,0.3) (0,0) 0.001
5 (5.56195,1.60294) (0.578239,0.153624) 0.172506 (5.99563,1.71825) 1.5114 0.259677 (3.02573,0.348321) (0.158803,-0.0251988) 0.203048 (3.78765,1.32039) (0.309874,0.0277007) 0.149053 (3.34651,0.701871) (0.290176,-0.217462) 0.20748 (3.93694,1.64735) (0.33756,-0.0113263) 0.161789 (2,1.8) (0,0) 0.001 (2,0.3) (0,0) 0.001
