[[(2, 2.1), (0, 2.1), (0, 1.8), (2, 1.8)], [(2, 0.3), (0, 0.3), (0, 0), (2, 0)]]
timestamp position0 velocity0 radius0 goal pref_speed theta position1 velocity1 radius1 position2 velocity2 radius2 position3 velocity3 radius3 position4 velocity4 radius4 position5 velocity5 radius5 position6 velocity6 radius6
0 (1.05473,1.10728) (0,0) 0.217154 (5.99563,1.71825) 1.56659 0 (2.29817,0.476715) (0,0) 0.165247 (2.31157,0.794168) (0,0) 0.217524 (2.36536,1.25058) (0,0) 0.193748 (2.25451,1.55059) (0,0) 0.157552 (1.05473,1.8) (0,0) 0.001 (1.05473,0.3) (0,0) 0.001
0.25 (1.30284,1.13106) (0.992443,0.0951135) 0.217154 (5.99563,1.71825) 1.56659 0.0955459 (2.38461,0.44052) (0.345743,-0.14478) 0.165247 (2.26841,0.814545) (-0.172638,0.0815083) 0.217524 (2.4312,1.24161) (0.263382,-0.0358997) 0.193748 (2.30708,1.58679) (0.210269,0.144786) 0.157552 (1.30284,1.8) (0,0) 0.001 (1.30284,0.3) (0,0) 0.001
0.5 (1.5509,1.16211) (0.992219,0.124217) 0.217154 (5.99563,1.71825) 1.56659 0.124544 (2.47724,0.426366) (0.370532,-0.0566174) 0.165247 (2.29169,0.807566) (0.0931273,-0.0279178) 0.217524 (2.48662,1.20494) (0.221691,-0.146668) 0.193748 (2.36931,1.60094) (0.248935,0.0566321) 0.157552 (1.5509,1.8) (0,0) 0.001 (1.5509,0.3) (0,0) 0.001
0.75 (1.75625,1.18858) (0.821405,0.105889) 0.217154 (5.99563,1.71825) 1.56659 0.128205 (2.56987,0.412214) (0.370533,-0.0566096) 0.165247 (2.33617,0.780093) (0.177885,-0.10989) 0.217524 (2.53351,1.15785) (0.187543,-0.188378) 0.193748 (2.43124,1.61637) (0.247724,0.0617147) 0.157552 (1.75625,1.8) (0,0) 0.001 (1.75625,0.3) (0,0) 0.001
1 (1.94478,1.21376) (0.754133,0.100709) 0.217154 (5.99563,1.71825) 1.56659 0.132757 (2.66251,0.398062) (0.370534,-0.0566061) 0.165247 (2.3791,0.745346) (0.171755,-0.13899) 0.217524 (2.57994,1.1103) (0.185714,-0.190182) 0.193748 (2.49317,1.6318) (0.247724,0.0617147) 0.157552 (1.94478,1.8) (0,0) 0.001 (1.94478,0.3) (0,0) 0.001
1.25 (2.12279,1.23813) (0.712013,0.0974654) 0.217154 (5.99563,1.71825) 1.56659 0.136042 (2.75514,0.383906) (0.370531,-0.0566255) 0.165247 (2.41943,0.707599) (0.161309,-0.150988) 0.217524 (2.62598,1.06238) (0.184161,-0.191686) 0.193748 (2.5551,1.64723) (0.247724,0.0617147) 0.157552 (2,1.8) (0,0) 0.001 (2,0.3) (0,0) 0.001
1.5 (2.29361,1.26194) (0.683305,0.0952548) 0.217154 (5.99563,1.71825) 1.56659 0.13851 (2.84777,0.36975) (0.370532,-0.0566217) 0.165247 (2.45739,0.66747) (0.151832,-0.160515) 0.217524 (2.67203,1.01447) (0.184227,-0.191622) 0.193748 (2.61703,1.66266) (0.247724,0.0617147) 0.157552 (2,1.8) (0,0) 0.001 (2,0.3) (0,0) 0.001
1.75 (2.45836,1.28529) (0.658979,0.0933817) 0.217154 (5.99563,1.71825) 1.56659 0.140769 (2.94041,0.355597) (0.370533,-0.0566145) 0.165247 (2.49325,0.625457) (0.143444,-0.168053) 0.217524 (2.71802,0.966501) (0.183948,-0.19189) 0.193748 (2.67896,1.67809) (0.247724,0.0617147) 0.157552 (2,1.8) (0,0) 0.001 (2,0.3) (0,0) 0.001
2 (2.6094,1.30758) (0.604156,0.0891602) 0.217154 (5.99563,1.71825) 1.56659 0.146521 (3.03304,0.341449) (0.370537,-0.0565887) 0.165247 (2.5283,0.582761) (0.14018,-0.170785) 0.217524 (2.75937,0.914477) (0.165394,-0.208095) 0.193748 (2.7409,1.69352) (0.247724,0.0617148) 0.157552 (2,1.8) (0,0) 0.001 (2,0.3) (0,0) 0.001
2.25 (2.8576,1.33735) (0.992813,0.119087) 0.217154 (5.99563,1.71825) 1.56659 0.119378 (3.12567,0.327299) (0.370535,-0.0566001) 0.165247 (2.55874,0.536672) (0.121782,-0.184356) 0.217524 (2.81688,0.881175) (0.230031,-0.133209) 0.193748 (2.80283,1.70895) (0.247724,0.0617149) 0.157552 (2,1.8) (0,0) 0.001 (2,0.3) (0,0) 0.001
2.5 (3.10579,1.36746) (0.992767,0.120437) 0.217154 (5.99563,1.71825) 1.56659 0.120725 (3.21831,0.313145) (0.370532,-0.0566187) 0.165247 (2.6003,0.500283) (0.166226,-0.145557) 0.217524 (2.87439,0.847877) (0.230041,-0.133191) 0.193748 (2.8666,1.71153) (0.255087,0.0103344) 0.157552 (2,1.8) (0,0) 0.001 (2,0.3) (0,0) 0.001
2.75 (3.35398,1.39757) (0.992767,0.120462) 0.217154 (5.99563,1.71825) 1.56659 0.12075 (3.31094,0.298986) (0.37053,-0.0566346) 0.165247 (2.64676,0.470408) (0.185844,-0.119499) 0.217524 (2.93189,0.814572) (0.230023,-0.133222) 0.193748 (2.9294,1.70017) (0.25122,-0.0454385) 0.157552 (2,1.8) (0,0) 0.001 (2,0.3) (0,0) 0.001
3 (3.60216,1.4277) (0.992708,0.120508) 0.217154 (5.99563,1.71825) 1.56659 0.120802 (3.40357,0.284839) (0.370537,-0.0565891) 0.165247 (2.69371,0.448255) (0.187803,-0.0886128) 0.217524 (2.9894,0.781266) (0.230022,-0.133223) 0.193748 (2.99221,1.68881) (0.25122,-0.0454388) 0.157552 (2,1.8) (0,0) 0.001 (2,0.3) (0,0) 0.001
3.25 (3.85034,1.45783) (0.992705,0.120508) 0.217154 (5.99563,1.71825) 1.56659 0.120803 (3.49621,0.270684) (0.370532,-0.0566175) 0.165247 (2.737,0.43899) (0.173144,-0.0370593) 0.217524 (3.04691,0.747961) (0.230023,-0.133221) 0.193748 (3.05501,1.67745) (0.251221,-0.0454346) 0.157552 (2,1.8) (0,0) 0.001 (2,0.3) (0,0) 0.001
3.5 (4.09851,1.48795) (0.992712,0.12051) 0.217154 (5.99563,1.71825) 1.56659 0.120804 (3.58884,0.256518) (0.370525,-0.0566662) 0.165247 (2.77931,0.435099) (0.16924,-0.0155616) 0.217524 (3.10442,0.714662) (0.23004,-0.133192) 0.193748 (3.11782,1.66609) (0.251217,-0.0454538) 0.157552 (2,1.8) (0,0) 0.001 (2,0.3) (0,0) 0.001
3.75 (4.34668,1.51808) (0.992657,0.120506) 0.217154 (5.99563,1.71825) 1.56659 0.120807 (3.68147,0.242348) (0.370523,-0.0566782) 0.165247 (2.82079,0.435208) (0.165919,0.000436537) 0.217524 (3.16192,0.681356) (0.23002,-0.133227) 0.193748 (3.18062,1.65472) (0.251217,-0.045455) 0.157552 (2,1.8) (0,0) 0.001 (2,0.3) (0,0) 0.001
4 (4.59484,1.5482) (0.992667,0.120487) 0.217154 (5.99563,1.71825) 1.56659 0.120786 (3.76306,0.229891) (0.326366,-0.0498308) 0.165247 (2.86149,0.438642) (0.162828,0.013735) 0.217524 (3.21943,0.648058) (0.230042,-0.13319) 0.193748 (3.24343,1.64336) (0.251218,-0.0454506) 0.157552 (2,1.8) (0,0) 0.001 (2,0.3) (0,0) 0.001
4.25 (4.84302,1.57831) (0.992709,0.120449) 0.217154 (5.99563,1.71825) 1.56659 0.120744 (3.828,0.220546) (0.259757,-0.0373766) 0.165247 (2.90132,0.44561) (0.159324,0.0278721) 0.217524 (3.27694,0.614755) (0.230028,-0.133214) 0.193748 (3.30623,1.632) (0.25122,-0.0454373) 0.157552 (2,1.8) (0,0) 0.001 (2,0.3) (0,0) 0.001
4.5 (5.09121,1.60843) (0.992751,0.120472) 0.217154 (5.99563,1.71825) 1.56659 0.120762 (3.88378,0.214863) (0.223139,-0.0227348) 0.165247 (2.93928,0.460388) (0.151821,0.0591116) 0.217524 (3.33445,0.581452) (0.23003,-0.13321) 0.193748 (3.36904,1.62064) (0.251215,-0.0454661) 0.157552 (2,1.8) (0,0) 0.001 (2,0.3) (0,0) 0.001
4.75 (5.31732,1.63589) (0.904433,0.109831) 0.217154 (5.99563,1.71825) 1.56659 0.120844 (3.93225,0.215581) (0.193872,0.00287355) 0.165247 (2.97705,0.500692) (0.151087,0.161216) 0.217524 (3.39195,0.548149) (0.230028,-0.133214) 0.193748 (3.43184,1.60928) (0.25122,-0.0454393) 0.157552 (2,1.8) (0,0) 0.001 (2,0.3) (0,0) 0.001
5 (5.48688,1.65647) (0.678245,0.0822998) 0.217154 (5.99563,1.71825) 1.56659 0.120752 (3.97572,0.220745) (0.173871,0.0206537) 0.165247 (3.02603,0.526238) (0.1959,0.102182) 0.217524 (3.44946,0.514847) (0.230032,-0.133206) 0.193748 (3.49464,1.59791) (0.251216,-0.0454623) 0.157552 (2,1.8) (0,0) 0.001 (2,0.3) (0,0) 0.001
