[[(2, 2.1), (0, 2.1), (0, 1.8), (2, 1.8)], [(2, 0.3), (0, 0.3), (0, 0), (2, 0)]]
timestamp position0 velocity0 radius0 goal pref_speed theta position1 velocity1 radius1 position2 velocity2 radius2 position3 velocity3 radius3 position4 velocity4 radius4 position5 velocity5 radius5 position6 velocity6 radius6
0 (1.27593,0.992293) (0,0) 0.205934 (5.98029,1.15206) 1.69912 0 (2.31138,0.438673) (0,0) 0.146991 (2.22434,0.843908) (0,0) 0.137733 (2.3747,1.18557) (0,0) 0.142374 (2.27141,1.63629) (0,0) 0.160771 (1.27593,1.8) (0,0) 0.001 (1.27593,0.3) (0,0) 0.001
0.25 (1.29623,1.02238) (0.0812084,0.120355) 0.205934 (5.98029,1.15206) 1.69912 0.977223 (2.36182,0.430116) (0.201767,-0.034228) 0.146991 (2.2333,0.842513) (0.0358125,-0.00557969) 0.137733 (2.44395,1.16816) (0.276983,-0.0696719) 0.142374 (2.30332,1.63952) (0.127629,0.0129108) 0.160771 (1.29623,1.8) (0,0) 0.001 (1.29623,0.3) (0,0) 0.001
0.5 (1.34262,1.05097) (0.185532,0.114337) 0.205934 (5.98029,1.15206) 1.69912 0.552293 (2.41226,0.42156) (0.201768,-0.0342219) 0.146991 (2.26917,0.846527) (0.143491,0.0160548) 0.137733 (2.50946,1.13975) (0.262041,-0.113617) 0.142374 (2.33462,1.63253) (0.125199,-0.0279516) 0.160771 (1.34262,1.8) (0,0) 0.001 (1.34262,0.3) (0,0) 0.001
0.75 (1.48799,1.15796) (0.581498,0.42796) 0.205934 (5.98029,1.15206) 1.69912 0.634455 (2.4627,0.41301) (0.201771,-0.0342021) 0.146991 (2.31849,0.843751) (0.197268,-0.0111034) 0.137733 (2.57228,1.10582) (0.251292,-0.135743) 0.142374 (2.36592,1.62555) (0.125199,-0.0279504) 0.160771 (1.48799,1.8) (0,0) 0.001 (1.48799,0.3) (0,0) 0.001
1 (1.61458,1.25302) (0.506369,0.380271) 0.205934 (5.98029,1.15206) 1.69912 0.644125 (2.51314,0.404456) (0.201769,-0.0342146) 0.146991 (2.37351,0.835231) (0.220093,-0.0340799) 0.137733 (2.63344,1.06896) (0.244624,-0.147421) 0.142374 (2.39037,1.60479) (0.0977971,-0.0830163) 0.160771 (1.61458,1.8) (0,0) 0.001 (1.61458,0.3) (0,0) 0.001
1.25 (1.73494,1.34341) (0.481441,0.36155) 0.205934 (5.98029,1.15206) 1.69912 0.644125 (2.56359,0.395903) (0.201769,-0.0342122) 0.146991 (2.43025,0.827355) (0.226948,-0.031501) 0.137733 (2.69354,1.03042) (0.240422,-0.15418) 0.142374 (2.41489,1.58413) (0.0981111,-0.0826449) 0.160771 (1.73494,1.8) (0,0) 0.001 (1.73494,0.3) (0,0) 0.001
1.5 (1.8515,1.43094) (0.466224,0.350123) 0.205934 (5.98029,1.15206) 1.69912 0.644125 (2.61403,0.387349) (0.201769,-0.034216) 0.146991 (2.48719,0.820881) (0.227785,-0.0258976) 0.137733 (2.75336,0.991419) (0.23925,-0.155991) 0.142374 (2.43948,1.56354) (0.0983435,-0.0823683) 0.160771 (1.8515,1.8) (0,0) 0.001 (1.8515,0.3) (0,0) 0.001
1.75 (1.96561,1.51664) (0.456456,0.342787) 0.205934 (5.98029,1.15206) 1.69912 0.644125 (2.66447,0.378795) (0.201769,-0.0342172) 0.146991 (2.54408,0.815072) (0.22755,-0.0232349) 0.137733 (2.81317,0.952421) (0.23925,-0.155991) 0.142374 (2.46411,1.543) (0.0985294,-0.0821458) 0.160771 (1.96561,1.8) (0,0) 0.001 (1.96561,0.3) (0,0) 0.001
2 (2.07802,1.60105) (0.449632,0.337662) 0.205934 (5.98029,1.15206) 1.69912 0.644125 (2.71491,0.370244) (0.201771,-0.0342046) 0.146991 (2.60092,0.80987) (0.227337,-0.0208085) 0.137733 (2.87298,0.913423) (0.23925,-0.155991) 0.142374 (2.48879,1.52252) (0.098699,-0.0819419) 0.160771 (2,1.8) (0,0) 0.001 (2,0.3) (0,0) 0.001
2.25 (2.18901,1.6844) (0.443962,0.333403) 0.205934 (5.98029,1.15206) 1.69912 0.644123 (2.76536,0.361686) (0.201767,-0.0342291) 0.146991 (2.65769,0.805293) (0.227116,-0.0183079) 0.137733 (2.93279,0.874425) (0.239251,-0.155991) 0.142374 (2.51351,1.50209) (0.0988997,-0.0816996) 0.160771 (2,1.8) (0,0) 0.001 (2,0.3) (0,0) 0.001
2.5 (2.29621,1.76411) (0.428795,0.318841) 0.205934 (5.98029,1.15206) 1.69912 0.639376 (2.8158,0.35313) (0.201767,-0.0342259) 0.146991 (2.71442,0.801309) (0.226907,-0.0159385) 0.137733 (2.99261,0.835428) (0.23925,-0.155991) 0.142374 (2.53837,1.48182) (0.0994191,-0.0810667) 0.160771 (2,1.8) (0,0) 0.001 (2,0.3) (0,0) 0.001
2.75 (2.46366,1.85481) (0.669818,0.36279) 0.205934 (5.98029,1.15206) 1.69912 0.49639 (2.86624,0.344579) (0.201771,-0.0342049) 0.146991 (2.7711,0.797867) (0.226715,-0.0137672) 0.137733 (3.05242,0.79643) (0.239252,-0.155989) 0.142374 (2.56988,1.4759) (0.12607,-0.0237113) 0.160771 (2,1.8) (0,0) 0.001 (2,0.3) (0,0) 0.001
3 (2.7163,1.88214) (1.01055,0.10931) 0.205934 (5.98029,1.15206) 1.69912 0.10775 (2.91668,0.336019) (0.201765,-0.0342371) 0.146991 (2.83419,0.825855) (0.252363,0.111954) 0.137733 (3.11157,0.756431) (0.236588,-0.16) 0.142374 (2.6014,1.46997) (0.126069,-0.023719) 0.160771 (2,1.8) (0,0) 0.001 (2,0.3) (0,0) 0.001
3.25 (2.96025,1.82758) (0.975805,-0.218245) 0.205934 (5.98029,1.15206) 1.69912 -0.220035 (2.96712,0.327467) (0.20177,-0.0342106) 0.146991 (2.9058,0.841698) (0.286419,0.0633722) 0.137733 (3.17035,0.715892) (0.235117,-0.162154) 0.142374 (2.63292,1.46404) (0.126071,-0.02371) 0.160771 (2,1.8) (0,0) 0.001 (2,0.3) (0,0) 0.001
3.5 (3.2042,1.77301) (0.975797,-0.218281) 0.205934 (5.98029,1.15206) 1.69912 -0.220072 (3.01757,0.318913) (0.201769,-0.0342149) 0.146991 (2.97906,0.844927) (0.293061,0.0129155) 0.137733 (3.22892,0.675062) (0.234308,-0.163321) 0.142374 (2.66444,1.45811) (0.126071,-0.0237087) 0.160771 (2,1.8) (0,0) 0.001 (2,0.3) (0,0) 0.001
3.75 (3.44817,1.71845) (0.975883,-0.218242) 0.205934 (5.98029,1.15206) 1.69912 -0.220016 (3.06801,0.31036) (0.201769,-0.0342134) 0.146991 (3.05233,0.848157) (0.293061,0.0129192) 0.137733 (3.28739,0.63407) (0.233856,-0.163968) 0.142374 (2.69595,1.45218) (0.12607,-0.0237129) 0.160771 (2,1.8) (0,0) 0.001 (2,0.3) (0,0) 0.001
4 (3.69214,1.66388) (0.975857,-0.218279) 0.205934 (5.98029,1.15206) 1.69912 -0.220057 (3.11845,0.301809) (0.201771,-0.0342032) 0.146991 (3.12559,0.851383) (0.293062,0.0129041) 0.137733 (3.34579,0.592987) (0.233601,-0.164331) 0.142374 (2.72747,1.44625) (0.12607,-0.0237141) 0.160771 (2,1.8) (0,0) 0.001 (2,0.3) (0,0) 0.001
4.25 (3.93612,1.6093) (0.97592,-0.218292) 0.205934 (5.98029,1.15206) 1.69912 -0.220056 (3.16889,0.293259) (0.201772,-0.0341996) 0.146991 (3.19886,0.85461) (0.293062,0.0129079) 0.137733 (3.40415,0.551853) (0.233456,-0.164536) 0.142374 (2.75899,1.44032) (0.126069,-0.0237206) 0.160771 (2,1.8) (0,0) 0.001 (2,0.3) (0,0) 0.001
4.5 (4.18009,1.55473) (0.975888,-0.218298) 0.205934 (5.98029,1.15206) 1.69912 -0.220069 (3.21934,0.284705) (0.201769,-0.0342138) 0.146991 (3.27212,0.857843) (0.293061,0.0129335) 0.137733 (3.46249,0.510689) (0.233372,-0.164655) 0.142374 (2.79051,1.4344) (0.12607,-0.0237138) 0.160771 (2,1.8) (0,0) 0.001 (2,0.3) (0,0) 0.001
4.75 (4.42406,1.50016) (0.975885,-0.218296) 0.205934 (5.98029,1.15206) 1.69912 -0.220068 (3.26978,0.276148) (0.201766,-0.0342303) 0.146991 (3.34539,0.861072) (0.293062,0.0129149) 0.137733 (3.52082,0.469506) (0.233319,-0.164731) 0.142374 (2.82202,1.42847) (0.12607,-0.0237117) 0.160771 (2,1.8) (0,0) 0.001 (2,0.3) (0,0) 0.001
5 (4.66805,1.44558) (0.975974,-0.218318) 0.205934 (5.98029,1.15206) 1.69912 -0.22007 (3.32022,0.267594) (0.201769,-0.0342166) 0.146991 (3.41865,0.864305) (0.293061,0.0129314) 0.137733 (3.57914,0.42831) (0.233282,-0.164783) 0.142374 (2.85354,1.42254) (0.126072,-0.0237016) 0.160771 (2,1.8) (0,0) 0.001 (2,0.3) (0,0) 0.001
5.25 (4.91202,1.39101) (0.97588,-0.218278) 0.205934 (5.98029,1.15206) 1.69912 -0.220051 (3.37066,0.259036) (0.201766,-0.0342316) 0.146991 (3.49192,0.867534) (0.293061,0.0129166) 0.137733 (3.63746,0.387107) (0.23326,-0.164814) 0.142374 (2.88506,1.41661) (0.12607,-0.023713) 0.160771 (2,1.8) (0,0) 0.001 (2,0.3) (0,0) 0.001
5.5 (5.156,1.33643) (0.975915,-0.218302) 0.205934 (5.98029,1.15206) 1.69912 -0.220066 (3.4211,0.250489) (0.201773,-0.0341891) 0.146991 (3.56518,0.870769) (0.29306,0.0129396) 0.137733 (3.69577,0.345896) (0.23324,-0.164843) 0.142374 (2.91658,1.41069) (0.126071,-0.0237101) 0.160771 (2,1.8) (0,0) 0.001 (2,0.3) (0,0) 0.001
5.75 (5.36206,1.29034) (0.824249,-0.184374) 0.205934 (5.98029,1.15206) 1.69912 -0.220064 (3.47155,0.241934) (0.201768,-0.0342194) 0.146991 (3.63845,0.873994) (0.293062,0.0129012) 0.137733 (3.75408,0.304682) (0.233232,-0.164854) 0.142374 (2.9481,1.40476) (0.126072,-0.0237038) 0.160771 (2,1.8) (0,0) 0.001 (2,0.3) (0,0) 0.001
6 (5.51661,1.25578) (0.618184,-0.138238) 0.205934 (5.98029,1.15206) 1.69912 -0.220001 (3.52199,0.233375) (0.201765,-0.0342368) 0.146991 (3.71171,0.877229) (0.293061,0.0129377) 0.137733 (3.81118,0.266308) (0.22843,-0.153497) 0.142374 (2.97961,1.39883) (0.126069,-0.0237214) 0.160771 (2,1.8) (0,0) 0.001 (2,0.3) (0,0) 0.001
