[[(2, 2.1), (0, 2.1), (0, 1.8), (2, 1.8)], [(2, 0.3), (0, 0.3), (0, 0), (2, 0)]]
timestamp position0 velocity0 radius0 goal pref_speed theta position1 velocity1 radius1 position2 velocity2 radius2 position3 velocity3 radius3 position4 velocity4 radius4 position5 velocity5 radius5 position6 velocity6 radius6
0 (1.46983,1.008) (0,0) 0.172073 (5.98029,1.15206) 1.78515 0 (2.30412,0.526977) (0,0) 0.152729 (2.38196,0.941269) (0,0) 0.148182 (2.28359,1.15309) (0,0) 0.20952 (2.35372,1.69982) (0,0) 0.190093 (1.46983,1.8) (0,0) 0.001 (1.46983,0.3) (0,0) 0.001
0.25 (1.48282,0.998569) (0.0519257,-0.0377132) 0.172073 (5.98029,1.15206) 1.78515 -0.628154 (2.3769,0.510153) (0.291142,-0.0672938) 0.152729 (2.46047,0.916652) (0.314051,-0.0984675) 0.148182 (2.23441,1.15866) (-0.196721,0.0222539) 0.20952 (2.44333,1.69263) (0.358449,-0.0287666) 0.190093 (1.48282,1.8) (0,0) 0.001 (1.48282,0.3) (0,0) 0.001
0.5 (1.54092,0.972244) (0.232422,-0.105299) 0.172073 (5.98029,1.15206) 1.78515 -0.425389 (2.44969,0.493327) (0.291139,-0.0673057) 0.152729 (2.54261,0.911824) (0.328559,-0.0193145) 0.148182 (2.23161,1.15182) (-0.0111688,-0.0273284) 0.20952 (2.53054,1.67078) (0.348818,-0.087406) 0.190093 (1.54092,1.8) (0,0) 0.001 (1.54092,0.3) (0,0) 0.001
0.75 (1.76231,0.893654) (0.885561,-0.314362) 0.172073 (5.98029,1.15206) 1.78515 -0.341111 (2.52247,0.4765) (0.291139,-0.0673068) 0.152729 (2.62485,0.909264) (0.328967,-0.0102372) 0.148182 (2.2666,1.1329) (0.139946,-0.0756988) 0.20952 (2.61774,1.64893) (0.348819,-0.0874001) 0.190093 (1.76231,1.8) (0,0) 0.001 (1.76231,0.3) (0,0) 0.001
1 (1.87419,0.850118) (0.447501,-0.174144) 0.172073 (5.98029,1.15206) 1.78515 -0.371116 (2.58684,0.438593) (0.25749,-0.151628) 0.152729 (2.70711,0.907408) (0.329042,-0.00742775) 0.148182 (2.32171,1.10754) (0.220419,-0.101457) 0.20952 (2.70495,1.62708) (0.348821,-0.0873928) 0.190093 (1.87419,1.8) (0,0) 0.001 (1.87419,0.3) (0,0) 0.001
1.25 (1.98606,0.806582) (0.447501,-0.174144) 0.172073 (5.98029,1.15206) 1.78515 -0.371116 (2.65122,0.400686) (0.25749,-0.151628) 0.152729 (2.78937,0.905444) (0.329032,-0.00785521) 0.148182 (2.39248,1.07716) (0.283088,-0.121517) 0.20952 (2.79218,1.60533) (0.348921,-0.0869926) 0.190093 (1.98606,1.8) (0,0) 0.001 (1.98606,0.3) (0,0) 0.001
1.5 (2.09794,0.763046) (0.447501,-0.174144) 0.172073 (5.98029,1.15206) 1.78515 -0.371116 (2.71559,0.362779) (0.25749,-0.151628) 0.152729 (2.87162,0.903026) (0.328984,-0.00966913) 0.148182 (2.47153,1.04413) (0.316207,-0.132118) 0.20952 (2.87951,1.58401) (0.349338,-0.0853026) 0.190093 (2,1.8) (0,0) 0.001 (2,0.3) (0,0) 0.001
1.75 (2.20981,0.71951) (0.447501,-0.174144) 0.172073 (5.98029,1.15206) 1.78515 -0.371116 (2.77996,0.324872) (0.25749,-0.151628) 0.152729 (2.95385,0.900183) (0.328929,-0.011374) 0.148182 (2.55058,1.0111) (0.316207,-0.132118) 0.20952 (2.96694,1.56308) (0.349721,-0.0837169) 0.190093 (2,1.8) (0,0) 0.001 (2,0.3) (0,0) 0.001
2 (2.32169,0.675974) (0.447501,-0.174144) 0.172073 (5.98029,1.15206) 1.78515 -0.371116 (2.84433,0.286966) (0.25749,-0.151628) 0.152729 (3.03607,0.896939) (0.32887,-0.0129761) 0.148182 (2.62963,0.978068) (0.316207,-0.132118) 0.20952 (3.05446,1.54252) (0.350074,-0.0822288) 0.190093 (2,1.8) (0,0) 0.001 (2,0.3) (0,0) 0.001
2.25 (2.43356,0.632438) (0.447501,-0.174144) 0.172073 (5.98029,1.15206) 1.78515 -0.371116 (2.90871,0.249059) (0.25749,-0.151628) 0.152729 (3.11827,0.893319) (0.328807,-0.0144801) 0.148182 (2.70869,0.945039) (0.316207,-0.132118) 0.20952 (3.14206,1.52231) (0.350399,-0.0808337) 0.190093 (2,1.8) (0,0) 0.001 (2,0.3) (0,0) 0.001
2.5 (2.54544,0.588902) (0.447501,-0.174144) 0.172073 (5.98029,1.15206) 1.78515 -0.371116 (2.97308,0.211152) (0.25749,-0.151628) 0.152729 (3.20045,0.889346) (0.328742,-0.0158905) 0.148182 (2.78774,0.912009) (0.316207,-0.132118) 0.20952 (3.22974,1.50243) (0.350698,-0.079527) 0.190093 (2,1.8) (0,0) 0.001 (2,0.3) (0,0) 0.001
2.75 (2.65731,0.545366) (0.447501,-0.174144) 0.172073 (5.98029,1.15206) 1.78515 -0.371116 (3.03745,0.173245) (0.25749,-0.151628) 0.152729 (3.28262,0.885043) (0.328675,-0.0172113) 0.148182 (2.86679,0.87898) (0.316207,-0.132118) 0.20952 (3.31748,1.48285) (0.350973,-0.0783044) 0.190093 (2,1.8) (0,0) 0.001 (2,0.3) (0,0) 0.001
3 (2.76919,0.50183) (0.447501,-0.174144) 0.172073 (5.98029,1.15206) 1.78515 -0.371116 (3.10182,0.135338) (0.25749,-0.151628) 0.152729 (3.36477,0.880432) (0.328608,-0.0184467) 0.148182 (2.94584,0.84595) (0.316207,-0.132118) 0.20952 (3.40529,1.46356) (0.351226,-0.0771621) 0.190093 (2,1.8) (0,0) 0.001 (2,0.3) (0,0) 0.001
3.25 (2.88106,0.458294) (0.447501,-0.174144) 0.172073 (5.98029,1.15206) 1.78515 -0.371116 (3.1662,0.097431) (0.25749,-0.151628) 0.152729 (3.44691,0.875532) (0.328542,-0.0196002) 0.148182 (3.02489,0.812921) (0.316207,-0.132118) 0.20952 (3.49315,1.44454) (0.351458,-0.0760964) 0.190093 (2,1.8) (0,0) 0.001 (2,0.3) (0,0) 0.001
3.5 (2.99294,0.414758) (0.447501,-0.174144) 0.172073 (5.98029,1.15206) 1.78515 -0.371116 (3.23057,0.0595241) (0.25749,-0.151628) 0.152729 (3.52903,0.870363) (0.328476,-0.0206756) 0.148182 (3.10394,0.779891) (0.316207,-0.132118) 0.20952 (3.58107,1.42576) (0.351672,-0.0751039) 0.190093 (2,1.8) (0,0) 0.001 (2,0.3) (0,0) 0.001
3.75 (3.10791,0.370854) (0.459898,-0.175613) 0.172073 (5.98029,1.15206) 1.78515 -0.364765 (3.29494,0.0216172) (0.25749,-0.151628) 0.152729 (3.61113,0.864944) (0.328411,-0.021676) 0.148182 (3.1828,0.746393) (0.315417,-0.133993) 0.20952 (3.66903,1.40722) (0.351867,-0.0741813) 0.190093 (2,1.8) (0,0) 0.001 (2,0.3) (0,0) 0.001
4 (3.33561,0.317289) (0.910793,-0.214259) 0.172073 (5.98029,1.15206) 1.78515 -0.231044 (3.35931,-0.0162897) (0.25749,-0.151628) 0.152729 (3.69322,0.859293) (0.328349,-0.0226046) 0.148182 (3.26031,0.709897) (0.31005,-0.145982) 0.20952 (3.75705,1.38889) (0.352047,-0.0733258) 0.190093 (2,1.8) (0,0) 0.001 (2,0.3) (0,0) 0.001
4.25 (3.60495,0.334845) (1.07733,0.0702241) 0.172073 (5.98029,1.15206) 1.78515 0.0650912 (3.42669,-0.0485644) (0.269491,-0.129099) 0.152729 (3.77529,0.853427) (0.328288,-0.0234642) 0.148182 (3.33245,0.664086) (0.288556,-0.183244) 0.20952 (3.8451,1.37075) (0.352211,-0.0725347) 0.190093 (2,1.8) (0,0) 0.001 (2,0.3) (0,0) 0.001
4.5 (3.85633,0.395459) (1.00555,0.242453) 0.172073 (5.98029,1.15206) 1.78515 0.2366 (3.49498,-0.0788494) (0.273161,-0.12114) 0.152729 (3.85735,0.847362) (0.328231,-0.0242575) 0.148182 (3.36048,0.616392) (0.112106,-0.190778) 0.20952 (3.93319,1.3528) (0.35236,-0.0718053) 0.190093 (2,1.8) (0,0) 0.001 (2,0.3) (0,0) 0.001
4.75 (4.09184,0.479345) (0.942011,0.335544) 0.172073 (5.98029,1.15206) 1.78515 0.342187 (3.55949,-0.0732093) (0.258051,0.0225603) 0.152729 (3.93939,0.841116) (0.328176,-0.0249869) 0.148182 (3.37274,0.531599) (0.0490408,-0.339171) 0.20952 (4.02131,1.33502) (0.352496,-0.0711353) 0.190093 (2,1.8) (0,0) 0.001 (2,0.3) (0,0) 0.001
5 (4.32735,0.563241) (0.942044,0.335586) 0.172073 (5.98029,1.15206) 1.78515 0.342216 (3.62142,-0.0392227) (0.247738,0.135946) 0.152729 (4.02142,0.834702) (0.328124,-0.0256548) 0.148182 (3.385,0.446806) (0.0490389,-0.339172) 0.20952 (4.10947,1.31739) (0.352619,-0.0705228) 0.190093 (2,1.8) (0,0) 0.001 (2,0.3) (0,0) 0.001
5.25 (4.56283,0.647143) (0.941946,0.335607) 0.172073 (5.98029,1.15206) 1.78515 0.342269 (3.67948,0.00778688) (0.232236,0.188038) 0.152729 (4.10344,0.828136) (0.328076,-0.026263) 0.148182 (3.39726,0.362014) (0.0490628,-0.339168) 0.20952 (4.19765,1.2999) (0.35273,-0.0699658) 0.190093 (2,1.8) (0,0) 0.001 (2,0.3) (0,0) 0.001
5.5 (4.79835,0.731036) (0.94205,0.335573) 0.172073 (5.98029,1.15206) 1.78515 0.342201 (3.72933,0.0454005) (0.199392,0.150454) 0.152729 (4.18545,0.821433) (0.328032,-0.0268133) 0.148182 (3.40882,0.281995) (0.0462164,-0.320074) 0.20952 (4.28586,1.28253) (0.352829,-0.0694626) 0.190093 (2,1.8) (0,0) 0.001 (2,0.3) (0,0) 0.001
5.75 (5.03386,0.81492) (0.942046,0.335535) 0.172073 (5.98029,1.15206) 1.78515 0.342167 (3.77065,0.0748174) (0.165264,0.117668) 0.152729 (4.26745,0.814606) (0.327991,-0.0273073) 0.148182 (3.41752,0.221962) (0.0348056,-0.240133) 0.20952 (4.37409,1.26528) (0.352918,-0.0690119) 0.190093 (2,1.8) (0,0) 0.001 (2,0.3) (0,0) 0.001
6 (5.26935,0.898826) (0.941958,0.335625) 0.172073 (5.98029,1.15206) 1.78515 0.342282 (3.79862,0.103379) (0.111897,0.114247) 0.152729 (4.34944,0.807669) (0.327954,-0.027746) 0.148182 (3.42403,0.176951) (0.0260317,-0.180044) 0.20952 (4.46234,1.24812) (0.352996,-0.0686123) 0.190093 (2,1.8) (0,0) 0.001 (2,0.3) (0,0) 0.001
6.25 (5.44708,0.962138) (0.71093,0.253245) 0.172073 (5.98029,1.15206) 1.78515 0.342202 (3.81118,0.131761) (0.0502547,0.113526) 0.152729 (4.43142,0.800637) (0.327921,-0.0281306) 0.148182 (3.42892,0.143197) (0.0195662,-0.135017) 0.20952 (4.5506,1.23106) (0.353063,-0.0682629) 0.190093 (2,1.8) (0,0) 0.001 (2,0.3) (0,0) 0.001
6.5 (5.58038,1.00961) (0.533204,0.189876) 0.172073 (5.98029,1.15206) 1.78515 0.342102 (3.81164,0.15616) (0.00181415,0.0975981) 0.152729 (4.51339,0.793521) (0.327893,-0.0284616) 0.148182 (3.43257,0.117892) (0.0146006,-0.101217) 0.20952 (4.63888,1.21407) (0.353121,-0.0679632) 0.190093 (2,1.8) (0,0) 0.001 (2,0.3) (0,0) 0.001
