[[(2, 2.1), (0, 2.1), (0, 1.8), (2, 1.8)], [(2, 0.3), (0, 0.3), (0, 0), (2, 0)]]
timestamp position0 velocity0 radius0 goal pref_speed theta position1 velocity1 radius1 position2 velocity2 radius2 position3 velocity3 radius3 position4 velocity4 radius4 position5 velocity5 radius5 position6 velocity6 radius6
0 (1.10259,1.13594) (0,0) 0.211848 (5.98029,1.15206) 1.89643 0 (2.20601,0.478376) (0,0) 0.140159 (2.37881,0.848238) (0,0) 0.151983 (2.37739,1.2808) (0,0) 0.169848 (2.28983,1.56982) (0,0) 0.176702 (1.10259,1.8) (0,0) 0.001 (1.10259,0.3) (0,0) 0.001
0.25 (1.35261,1.13677) (1.00007,0.00329409) 0.211848 (5.98029,1.15206) 1.89643 0.00329384 (2.29091,0.441911) (0.339624,-0.145863) 0.140159 (2.42688,0.849944) (0.192279,0.00682353) 0.151983 (2.40163,1.27163) (0.0969614,-0.0366573) 0.169848 (2.31952,1.60209) (0.118749,0.129076) 0.176702 (1.35261,1.8) (0,0) 0.001 (1.35261,0.3) (0,0) 0.001
0.5 (1.60263,1.1376) (1.00008,0.00335072) 0.211848 (5.98029,1.15206) 1.89643 0.00335045 (2.38202,0.426475) (0.364429,-0.0617425) 0.140159 (2.47495,0.851645) (0.192279,0.00680742) 0.151983 (2.41839,1.25186) (0.0670094,-0.0790886) 0.169848 (2.35972,1.6196) (0.160807,0.0700221) 0.176702 (1.60263,1.8) (0,0) 0.001 (1.60263,0.3) (0,0) 0.001
0.75 (1.71522,1.13556) (0.450346,-0.00819068) 0.211848 (5.98029,1.15206) 1.89643 -0.0181855 (2.47313,0.411034) (0.364426,-0.0617638) 0.140159 (2.52238,0.843669) (0.189736,-0.0319045) 0.151983 (2.43929,1.26718) (0.0835974,0.0612927) 0.169848 (2.40352,1.61767) (0.175221,-0.00771881) 0.176702 (1.71522,1.8) (0,0) 0.001 (1.71522,0.3) (0,0) 0.001
1 (1.8091,1.13181) (0.375553,-0.0149964) 0.211848 (5.98029,1.15206) 1.89643 -0.0399103 (2.56423,0.395601) (0.364431,-0.0617302) 0.140159 (2.56982,0.835693) (0.189736,-0.0319045) 0.151983 (2.45992,1.28287) (0.0825189,0.0627367) 0.169848 (2.44698,1.62348) (0.173842,0.0232558) 0.176702 (1.8091,1.8) (0,0) 0.001 (1.8091,0.3) (0,0) 0.001
1.25 (1.89297,1.12715) (0.33547,-0.0186437) 0.211848 (5.98029,1.15206) 1.89643 -0.0555179 (2.65534,0.380167) (0.36443,-0.0617384) 0.140159 (2.61725,0.827717) (0.189736,-0.0319045) 0.151983 (2.48191,1.29657) (0.0879709,0.0548305) 0.169848 (2.48864,1.63718) (0.166609,0.0548014) 0.176702 (1.89297,1.8) (0,0) 0.001 (1.89297,0.3) (0,0) 0.001
1.5 (1.96968,1.12183) (0.306823,-0.0212504) 0.211848 (5.98029,1.15206) 1.89643 -0.0691489 (2.74645,0.364734) (0.364431,-0.0617326) 0.140159 (2.66469,0.819741) (0.189736,-0.0319045) 0.151983 (2.50356,1.31082) (0.0865925,0.0569825) 0.169848 (2.52936,1.65343) (0.162911,0.0649762) 0.176702 (1.96968,1.8) (0,0) 0.001 (1.96968,0.3) (0,0) 0.001
1.75 (2.04415,1.11562) (0.297906,-0.0248415) 0.211848 (5.98029,1.15206) 1.89643 -0.0831948 (2.83756,0.349299) (0.36443,-0.0617388) 0.140159 (2.71216,0.811987) (0.189883,-0.0310176) 0.151983 (2.52421,1.32647) (0.0826145,0.0626108) 0.169848 (2.57029,1.66916) (0.163714,0.0629249) 0.176702 (2,1.8) (0,0) 0.001 (2,0.3) (0,0) 0.001
2 (2.11783,1.10926) (0.294697,-0.0254581) 0.211848 (5.98029,1.15206) 1.89643 -0.0861736 (2.92866,0.333864) (0.36443,-0.061741) 0.140159 (2.7596,0.804069) (0.189775,-0.031669) 0.151983 (2.54428,1.34287) (0.0802753,0.0655832) 0.169848 (2.61174,1.68348) (0.165775,0.0572768) 0.176702 (2,1.8) (0,0) 0.001 (2,0.3) (0,0) 0.001
2.25 (2.19124,1.10301) (0.293634,-0.0250069) 0.211848 (5.98029,1.15206) 1.89643 -0.0849584 (3.01977,0.318428) (0.364429,-0.061742) 0.140159 (2.80701,0.795934) (0.189628,-0.032542) 0.151983 (2.56435,1.35926) (0.0802753,0.0655831) 0.169848 (2.6538,1.69585) (0.16826,0.0495035) 0.176702 (2,1.8) (0,0) 0.001 (2,0.3) (0,0) 0.001
2.5 (2.26442,1.09685) (0.292742,-0.0246282) 0.211848 (5.98029,1.15206) 1.89643 -0.0839317 (3.11088,0.302997) (0.364433,-0.0617232) 0.140159 (2.85439,0.787634) (0.189514,-0.0332001) 0.151983 (2.58442,1.37566) (0.0802753,0.0655831) 0.169848 (2.69649,1.70587) (0.170748,0.0400894) 0.176702 (2,1.8) (0,0) 0.001 (2,0.3) (0,0) 0.001
2.75 (2.33744,1.09076) (0.292082,-0.0243478) 0.211848 (5.98029,1.15206) 1.89643 -0.0831672 (3.20199,0.287563) (0.36443,-0.0617395) 0.140159 (2.90175,0.779225) (0.189437,-0.033635) 0.151983 (2.60449,1.39206) (0.0802753,0.0655831) 0.169848 (2.73966,1.71355) (0.172682,0.0307078) 0.176702 (2,1.8) (0,0) 0.001 (2,0.3) (0,0) 0.001
3 (2.41036,1.08472) (0.291685,-0.0241791) 0.211848 (5.98029,1.15206) 1.89643 -0.0827056 (3.29309,0.272128) (0.36443,-0.0617385) 0.140159 (2.9491,0.770759) (0.189396,-0.0338663) 0.151983 (2.62455,1.40845) (0.0802754,0.065583) 0.169848 (2.78317,1.71892) (0.174069,0.0214917) 0.176702 (2,1.8) (0,0) 0.001 (2,0.3) (0,0) 0.001
3.25 (2.48326,1.07868) (0.291591,-0.0241395) 0.211848 (5.98029,1.15206) 1.89643 -0.082597 (3.3842,0.256697) (0.364432,-0.0617243) 0.140159 (2.99644,0.76228) (0.189387,-0.0339157) 0.151983 (2.64462,1.42485) (0.0802752,0.0655832) 0.169848 (2.82692,1.72194) (0.174974,0.012081) 0.176702 (2,1.8) (0,0) 0.001 (2,0.3) (0,0) 0.001
3.5 (2.55616,1.07265) (0.291591,-0.0241394) 0.211848 (5.98029,1.15206) 1.89643 -0.0825968 (3.46755,0.242572) (0.333378,-0.0565001) 0.140159 (3.04379,0.753801) (0.189387,-0.0339157) 0.151983 (2.66469,1.44124) (0.0802755,0.0655829) 0.169848 (2.87076,1.72243) (0.17538,0.00192597) 0.176702 (2,1.8) (0,0) 0.001 (2,0.3) (0,0) 0.001
3.75 (2.65381,1.06898) (0.390622,-0.0146668) 0.211848 (5.98029,1.15206) 1.89643 -0.0375296 (3.53003,0.231966) (0.249949,-0.042425) 0.140159 (3.09113,0.745322) (0.189387,-0.0339157) 0.151983 (2.68899,1.45026) (0.097183,0.0360658) 0.169848 (2.91455,1.72004) (0.175131,-0.00954295) 0.176702 (2,1.8) (0,0) 0.001 (2,0.3) (0,0) 0.001
4 (2.80562,1.0705) (0.607224,0.00605212) 0.211848 (5.98029,1.15206) 1.89643 0.00996653 (3.57689,0.224032) (0.187435,-0.0317355) 0.140159 (3.13848,0.736843) (0.189387,-0.0339157) 0.151983 (2.71471,1.45338) (0.102903,0.0125031) 0.169848 (2.95775,1.71256) (0.17282,-0.0299214) 0.176702 (2,1.8) (0,0) 0.001 (2,0.3) (0,0) 0.001
4.25 (3.05513,1.08135) (0.998031,0.0434344) 0.211848 (5.98029,1.15206) 1.89643 0.0434926 (3.61208,0.218088) (0.140745,-0.0237735) 0.140159 (3.18583,0.728364) (0.189387,-0.0339157) 0.151983 (2.7266,1.43036) (0.0475576,-0.0921062) 0.169848 (2.99965,1.69963) (0.167597,-0.0517025) 0.176702 (2,1.8) (0,0) 0.001 (2,0.3) (0,0) 0.001
4.5 (3.30459,1.09221) (0.997854,0.0434177) 0.211848 (5.98029,1.15206) 1.89643 0.0434836 (3.63845,0.21362) (0.10547,-0.0178721) 0.140159 (3.23317,0.719885) (0.189387,-0.0339159) 0.151983 (2.7385,1.40733) (0.0475677,-0.0921009) 0.169848 (3.04155,1.68671) (0.167599,-0.0516955) 0.176702 (2,1.8) (0,0) 0.001 (2,0.3) (0,0) 0.001
4.75 (3.55451,1.09779) (0.999669,0.0223193) 0.211848 (5.98029,1.15206) 1.89643 0.022323 (3.65822,0.210269) (0.0791093,-0.0134066) 0.140159 (3.28105,0.724511) (0.191508,0.0185055) 0.151983 (2.75038,1.38431) (0.0475549,-0.0921075) 0.169848 (3.08345,1.67379) (0.1676,-0.0516923) 0.176702 (2,1.8) (0,0) 0.001 (2,0.3) (0,0) 0.001
5 (3.80446,1.10339) (0.999788,0.0224152) 0.211848 (5.98029,1.15206) 1.89643 0.0224162 (3.67305,0.207751) (0.0593148,-0.0100695) 0.140159 (3.32893,0.729141) (0.191506,0.0185201) 0.151983 (2.76228,1.36128) (0.0475676,-0.092101) 0.169848 (3.12535,1.66086) (0.167599,-0.0516971) 0.176702 (2,1.8) (0,0) 0.001 (2,0.3) (0,0) 0.001
5.25 (4.05437,1.10897) (0.999674,0.0223113) 0.211848 (5.98029,1.15206) 1.89643 0.0223149 (3.68418,0.205866) (0.0445093,-0.00754029) 0.140159 (3.3768,0.73377) (0.191507,0.0185145) 0.151983 (2.77417,1.33826) (0.0475679,-0.0921008) 0.169848 (3.16725,1.64794) (0.167599,-0.0516955) 0.176702 (2,1.8) (0,0) 0.001 (2,0.3) (0,0) 0.001
5.5 (4.3043,1.11456) (0.99971,0.0223447) 0.211848 (5.98029,1.15206) 1.89643 0.0223475 (3.69251,0.204458) (0.033327,-0.00563183) 0.140159 (3.42468,0.738401) (0.191506,0.0185246) 0.151983 (2.78606,1.31523) (0.0475584,-0.0921058) 0.169848 (3.20915,1.63502) (0.1676,-0.0516916) 0.176702 (2,1.8) (0,0) 0.001 (2,0.3) (0,0) 0.001
5.75 (4.55424,1.12015) (0.999749,0.0223792) 0.211848 (5.98029,1.15206) 1.89643 0.022381 (3.69876,0.203381) (0.0249791,-0.00430869) 0.140159 (3.47256,0.743033) (0.191505,0.0185282) 0.151983 (2.79795,1.2922) (0.0475571,-0.0921064) 0.169848 (3.25105,1.62209) (0.1676,-0.0516913) 0.176702 (2,1.8) (0,0) 0.001 (2,0.3) (0,0) 0.001
6 (4.80419,1.12575) (0.999819,0.0223932) 0.211848 (5.98029,1.15206) 1.89643 0.0223935 (3.70348,0.202579) (0.0188824,-0.0032088) 0.140159 (3.52043,0.747661) (0.191507,0.0185105) 0.151983 (2.80984,1.26918) (0.0475659,-0.0921019) 0.169848 (3.29295,1.60917) (0.167597,-0.0517029) 0.176702 (2,1.8) (0,0) 0.001 (2,0.3) (0,0) 0.001
6.25 (5.05412,1.13135) (0.999719,0.0223863) 0.211848 (5.98029,1.15206) 1.89643 0.0223888 (3.70699,0.202008) (0.0140473,-0.00228328) 0.140159 (3.56831,0.752289) (0.191507,0.0185122) 0.151983 (2.82173,1.24615) (0.0475623,-0.0921037) 0.169848 (3.33485,1.59625) (0.167603,-0.0516845) 0.176702 (2,1.8) (0,0) 0.001 (2,0.3) (0,0) 0.001
6.5 (5.28566,1.13653) (0.926154,0.0207365) 0.211848 (5.98029,1.15206) 1.89643 0.0223862 (3.70965,0.201571) (0.0106478,-0.00174872) 0.140159 (3.61619,0.756922) (0.191505,0.0185314) 0.151983 (2.83362,1.22313) (0.047565,-0.0921023) 0.169848 (3.37675,1.58332) (0.167599,-0.0516966) 0.176702 (2,1.8) (0,0) 0.001 (2,0.3) (0,0) 0.001
6.75 (5.45931,1.14039) (0.694605,0.0154549) 0.211848 (5.98029,1.15206) 1.89643 0.0222463 (3.71164,0.201237) (0.00796127,-0.00133717) 0.140159 (3.66406,0.761549) (0.191507,0.018508) 0.151983 (2.84551,1.2001) (0.0475541,-0.092108) 0.169848 (3.41865,1.5704) (0.167599,-0.0516958) 0.176702 (2,1.8) (0,0) 0.001 (2,0.3) (0,0) 0.001
