[[(2, 2.1), (0, 2.1), (0, 1.8), (2, 1.8)], [(2, 0.3), (0, 0.3), (0, 0), (2, 0)]]
timestamp position0 velocity0 radius0 goal pref_speed theta position1 velocity1 radius1 position2 velocity2 radius2 position3 velocity3 radius3 position4 velocity4 radius4 position5 velocity5 radius5 position6 velocity6 radius6
0 (1.06625,1.05192) (0,0) 0.212454 (5.98029,1.15206) 1.60772 0 (2.365,0.532403) (0,0) 0.217722 (2.21484,0.848678) (0,0) 0.150711 (2.29299,1.30762) (0,0) 0.185602 (2.383,1.5606) (0,0) 0.198586 (1.06625,1.8) (0,0) 0.001 (1.06625,0.3) (0,0) 0.001
0.25 (1.31621,1.05701) (0.999838,0.0203825) 0.212454 (5.98029,1.15206) 1.60772 0.020383 (2.45825,0.509502) (0.373006,-0.0916044) 0.217722 (2.2042,0.853767) (-0.0425608,0.0203569) 0.150711 (2.22966,1.29247) (-0.253326,-0.0605915) 0.185602 (2.39554,1.59584) (0.050143,0.140929) 0.198586 (1.31621,1.8) (0,0) 0.001 (1.31621,0.3) (0,0) 0.001
0.5 (1.3956,1.05457) (0.317578,-0.00977992) 0.212454 (5.98029,1.15206) 1.60772 -0.0307856 (2.5515,0.486595) (0.373,-0.0916301) 0.217722 (2.2452,0.844135) (0.163988,-0.0385311) 0.150711 (2.17186,1.30857) (-0.231193,0.0643851) 0.185602 (2.43209,1.58794) (0.146216,-0.0315639) 0.198586 (1.3956,1.8) (0,0) 0.001 (1.3956,0.3) (0,0) 0.001
0.75 (1.46533,1.04989) (0.278912,-0.0187246) 0.212454 (5.98029,1.15206) 1.60772 -0.067034 (2.64475,0.463694) (0.373007,-0.0916023) 0.217722 (2.31914,0.841326) (0.295797,-0.0112335) 0.150711 (2.14846,1.32207) (-0.0935986,0.0540128) 0.185602 (2.46864,1.58005) (0.146217,-0.0315615) 0.198586 (1.46533,1.8) (0,0) 0.001 (1.46533,0.3) (0,0) 0.001
1 (1.54955,1.04238) (0.336876,-0.030043) 0.212454 (5.98029,1.15206) 1.60772 -0.0889458 (2.738,0.440787) (0.373001,-0.0916271) 0.217722 (2.3931,0.844048) (0.29581,0.0108855) 0.150711 (2.15336,1.33005) (0.0195956,0.0319102) 0.185602 (2.5052,1.57216) (0.146217,-0.0315588) 0.198586 (1.54955,1.8) (0,0) 0.001 (1.54955,0.3) (0,0) 0.001
1.25 (1.64066,1.03352) (0.364439,-0.035425) 0.212454 (5.98029,1.15206) 1.60772 -0.0968998 (2.83125,0.417879) (0.372999,-0.0916329) 0.217722 (2.46705,0.846767) (0.29581,0.0108785) 0.150711 (2.17333,1.33508) (0.0798764,0.0201396) 0.185602 (2.54175,1.56427) (0.146215,-0.0315671) 0.198586 (1.64066,1.8) (0,0) 0.001 (1.64066,0.3) (0,0) 0.001
1.5 (1.73489,1.02405) (0.376932,-0.0378644) 0.212454 (5.98029,1.15206) 1.60772 -0.100118 (2.9245,0.394977) (0.373005,-0.0916084) 0.217722 (2.541,0.849488) (0.29581,0.0108829) 0.150711 (2.20123,1.33857) (0.111606,0.013944) 0.185602 (2.57831,1.55638) (0.146216,-0.0315657) 0.198586 (1.73489,1.8) (0,0) 0.001 (1.73489,0.3) (0,0) 0.001
1.75 (1.83185,1.00516) (0.387834,-0.0755649) 0.212454 (5.98029,1.15206) 1.60772 -0.192428 (3.01775,0.372079) (0.373009,-0.0915911) 0.217722 (2.61495,0.852215) (0.295809,0.0109083) 0.150711 (2.23329,1.34124) (0.128255,0.0106931) 0.185602 (2.61486,1.54849) (0.146217,-0.0315591) 0.198586 (1.83185,1.8) (0,0) 0.001 (1.83185,0.3) (0,0) 0.001
2 (1.98174,0.927535) (0.599543,-0.310511) 0.212454 (5.98029,1.15206) 1.60772 -0.477876 (3.11101,0.349175) (0.373003,-0.0916181) 0.217722 (2.68891,0.854935) (0.29581,0.0108797) 0.150711 (2.26761,1.33822) (0.137257,-0.0121033) 0.185602 (2.65142,1.5406) (0.146215,-0.031569) 0.198586 (1.98174,1.8) (0,0) 0.001 (1.98174,0.3) (0,0) 0.001
2.25 (2.15779,0.842478) (0.704228,-0.340229) 0.212454 (5.98029,1.15206) 1.60772 -0.450055 (3.20426,0.326275) (0.373007,-0.0915989) 0.217722 (2.76286,0.857651) (0.295811,0.0108636) 0.150711 (2.31302,1.29589) (0.18167,-0.169316) 0.185602 (2.68797,1.53271) (0.146218,-0.0315559) 0.198586 (2,1.8) (0,0) 0.001 (2,0.3) (0,0) 0.001
2.5 (2.33625,0.763271) (0.713834,-0.316828) 0.212454 (5.98029,1.15206) 1.60772 -0.41772 (3.29751,0.30336) (0.372993,-0.0916588) 0.217722 (2.83681,0.860372) (0.29581,0.0108827) 0.150711 (2.37756,1.22431) (0.258136,-0.286323) 0.185602 (2.72452,1.52482) (0.146216,-0.0315643) 0.198586 (2,1.8) (0,0) 0.001 (2,0.3) (0,0) 0.001
2.75 (2.5155,0.688655) (0.716992,-0.298463) 0.212454 (5.98029,1.15206) 1.60772 -0.394454 (3.39076,0.280457) (0.373004,-0.0916135) 0.217722 (2.91076,0.863091) (0.29581,0.0108769) 0.150711 (2.44209,1.15273) (0.258132,-0.286326) 0.185602 (2.76108,1.51693) (0.146216,-0.0315655) 0.198586 (2,1.8) (0,0) 0.001 (2,0.3) (0,0) 0.001
3 (2.65731,0.632919) (0.567233,-0.222945) 0.212454 (5.98029,1.15206) 1.60772 -0.374492 (3.48676,0.282206) (0.384026,0.00699639) 0.217722 (2.98472,0.865809) (0.29581,0.0108746) 0.150711 (2.50662,1.08114) (0.258132,-0.286327) 0.185602 (2.79763,1.50904) (0.146216,-0.031565) 0.198586 (2,1.8) (0,0) 0.001 (2,0.3) (0,0) 0.001
3.25 (2.79399,0.583616) (0.546729,-0.197211) 0.212454 (5.98029,1.15206) 1.60772 -0.346185 (3.57872,0.289037) (0.367829,0.0273248) 0.217722 (3.05867,0.86853) (0.29581,0.0108826) 0.150711 (2.57116,1.00957) (0.258149,-0.286312) 0.185602 (2.83419,1.50114) (0.146216,-0.0315667) 0.198586 (2,1.8) (0,0) 0.001 (2,0.3) (0,0) 0.001
3.5 (2.92774,0.537992) (0.535005,-0.182497) 0.212454 (5.98029,1.15206) 1.60772 -0.328735 (3.6626,0.306006) (0.33552,0.0678758) 0.217722 (3.13262,0.871251) (0.29581,0.0108855) 0.150711 (2.63569,0.93798) (0.25811,-0.286347) 0.185602 (2.87074,1.49325) (0.146216,-0.0315641) 0.198586 (2,1.8) (0,0) 0.001 (2,0.3) (0,0) 0.001
3.75 (3.05848,0.496154) (0.522939,-0.167352) 0.212454 (5.98029,1.15206) 1.60772 -0.309723 (3.74041,0.330591) (0.311248,0.0983402) 0.217722 (3.20657,0.873971) (0.29581,0.0108797) 0.150711 (2.70023,0.866404) (0.258156,-0.286305) 0.185602 (2.90729,1.48536) (0.146216,-0.0315652) 0.198586 (2,1.8) (0,0) 0.001 (2,0.3) (0,0) 0.001
4 (3.18609,0.458234) (0.510452,-0.15168) 0.212454 (5.98029,1.15206) 1.60772 -0.288839 (3.81366,0.360908) (0.292979,0.12127) 0.217722 (3.28053,0.876694) (0.29581,0.0108887) 0.150711 (2.76476,0.794822) (0.258134,-0.286325) 0.185602 (2.94385,1.47747) (0.146216,-0.0315652) 0.198586 (2,1.8) (0,0) 0.001 (2,0.3) (0,0) 0.001
4.25 (3.31052,0.42431) (0.497715,-0.135694) 0.212454 (5.98029,1.15206) 1.60772 -0.266166 (3.88349,0.395514) (0.279314,0.13842) 0.217722 (3.35448,0.879415) (0.29581,0.0108876) 0.150711 (2.8293,0.723242) (0.258136,-0.286323) 0.185602 (2.9804,1.46958) (0.146217,-0.0315583) 0.198586 (2,1.8) (0,0) 0.001 (2,0.3) (0,0) 0.001
4.5 (3.43171,0.394448) (0.484772,-0.119449) 0.212454 (5.98029,1.15206) 1.60772 -0.24159 (3.95075,0.433335) (0.269063,0.151286) 0.217722 (3.42843,0.882135) (0.29581,0.0108785) 0.150711 (2.89383,0.651658) (0.258124,-0.286334) 0.185602 (3.01696,1.46169) (0.146216,-0.0315668) 0.198586 (2,1.8) (0,0) 0.001 (2,0.3) (0,0) 0.001
4.75 (3.54963,0.3687) (0.471658,-0.10299) 0.212454 (5.98029,1.15206) 1.60772 -0.214983 (4.0161,0.473564) (0.26139,0.160916) 0.217722 (3.50238,0.884861) (0.295809,0.0109047) 0.150711 (2.95836,0.580076) (0.258128,-0.28633) 0.185602 (3.05351,1.4538) (0.146216,-0.031565) 0.198586 (2,1.8) (0,0) 0.001 (2,0.3) (0,0) 0.001
5 (3.66424,0.3471) (0.458443,-0.0864034) 0.212454 (5.98029,1.15206) 1.60772 -0.186286 (4.07999,0.515615) (0.255584,0.168204) 0.217722 (3.57634,0.887578) (0.295811,0.010865) 0.150711 (3.02289,0.508491) (0.258119,-0.286338) 0.185602 (3.09006,1.4459) (0.146214,-0.0315743) 0.198586 (2,1.8) (0,0) 0.001 (2,0.3) (0,0) 0.001
5.25 (3.7755,0.329699) (0.445057,-0.0696032) 0.212454 (5.98029,1.15206) 1.60772 -0.155135 (4.14282,0.559014) (0.251287,0.173597) 0.217722 (3.65029,0.890298) (0.29581,0.0108823) 0.150711 (3.08743,0.436918) (0.258169,-0.286293) 0.185602 (3.12662,1.43801) (0.146214,-0.0315732) 0.198586 (2,1.8) (0,0) 0.001 (2,0.3) (0,0) 0.001
5.5 (3.88345,0.316458) (0.431801,-0.0529649) 0.212454 (5.98029,1.15206) 1.60772 -0.122051 (4.20483,0.603428) (0.248052,0.177656) 0.217722 (3.72424,0.893019) (0.29581,0.0108817) 0.150711 (3.15197,0.365338) (0.25814,-0.286319) 0.185602 (3.16317,1.43012) (0.146216,-0.0315645) 0.198586 (2,1.8) (0,0) 0.001 (2,0.3) (0,0) 0.001
5.75 (4.00353,0.296919) (0.480327,-0.0781551) 0.212454 (5.98029,1.15206) 1.60772 -0.161299 (4.26851,0.640332) (0.254716,0.147617) 0.217722 (3.79819,0.895744) (0.295809,0.0109014) 0.150711 (3.21651,0.293766) (0.258177,-0.286286) 0.185602 (3.19973,1.42223) (0.146218,-0.0315576) 0.198586 (2,1.8) (0,0) 0.001 (2,0.3) (0,0) 0.001
6 (4.15854,0.268735) (0.620018,-0.112736) 0.212454 (5.98029,1.15206) 1.60772 -0.179862 (4.33639,0.663033) (0.271514,0.0908025) 0.217722 (3.87215,0.898462) (0.29581,0.0108729) 0.150711 (3.27329,0.230819) (0.227102,-0.251791) 0.185602 (3.23628,1.41434) (0.146217,-0.0315604) 0.198586 (2,1.8) (0,0) 0.001 (2,0.3) (0,0) 0.001
6.25 (4.33904,0.243194) (0.722014,-0.102163) 0.212454 (5.98029,1.15206) 1.60772 -0.140564 (4.40806,0.67342) (0.28669,0.0415483) 0.217722 (3.9461,0.901186) (0.295809,0.0108956) 0.150711 (3.31584,0.1836) (0.170218,-0.188876) 0.185602 (3.27283,1.40645) (0.146215,-0.0315682) 0.198586 (2,1.8) (0,0) 0.001 (2,0.3) (0,0) 0.001
6.5 (4.55783,0.235684) (0.875164,-0.0300389) 0.212454 (5.98029,1.15206) 1.60772 -0.0343103 (4.47512,0.6658) (0.268261,-0.0304781) 0.217722 (4.02005,0.90391) (0.295809,0.0108973) 0.150711 (3.34777,0.148183) (0.127734,-0.141668) 0.185602 (3.30939,1.39856) (0.146216,-0.031563) 0.198586 (2,1.8) (0,0) 0.001 (2,0.3) (0,0) 0.001
6.75 (4.80796,0.270839) (1.0005,0.140617) 0.212454 (5.98029,1.15206) 1.60772 0.139632 (4.42889,0.582852) (-0.184946,-0.331794) 0.217722 (4.094,0.906631) (0.29581,0.0108806) 0.150711 (3.37173,0.121618) (0.0958394,-0.106259) 0.185602 (3.34594,1.39067) (0.146216,-0.0315647) 0.198586 (2,1.8) (0,0) 0.001 (2,0.3) (0,0) 0.001
7 (5.00778,0.421052) (0.799284,0.600854) 0.212454 (5.98029,1.15206) 1.60772 0.644614 (4.34925,0.529198) (-0.318537,-0.214614) 0.217722 (4.16796,0.909349) (0.29581,0.0108756) 0.150711 (3.38968,0.101691) (0.0717785,-0.0797094) 0.185602 (3.3825,1.38278) (0.146217,-0.0315593) 0.198586 (2,1.8) (0,0) 0.001 (2,0.3) (0,0) 0.001
7.25 (5.20762,0.571241) (0.799381,0.600756) 0.212454 (5.98029,1.15206) 1.60772 0.644478 (4.26408,0.484856) (-0.340684,-0.177368) 0.217722 (4.24191,0.912071) (0.29581,0.0108878) 0.150711 (3.40313,0.0867562) (0.0538241,-0.0597375) 0.185602 (3.41905,1.37489) (0.146216,-0.0315651) 0.198586 (2,1.8) (0,0) 0.001 (2,0.3) (0,0) 0.001
7.5 (5.40078,0.716422) (0.772631,0.580723) 0.212454 (5.98029,1.15206) 1.60772 0.644536 (4.17264,0.455556) (-0.365771,-0.117202) 0.217722 (4.31586,0.914791) (0.29581,0.010877) 0.150711 (3.41313,0.0568394) (0.0399778,-0.119667) 0.185602 (3.4556,1.36699) (0.146216,-0.0315646) 0.198586 (2,1.8) (0,0) 0.001 (2,0.3) (0,0) 0.001
7.75 (5.54564,0.825317) (0.579439,0.435578) 0.212454 (5.98029,1.15206) 1.60772 0.644603 (4.0812,0.426255) (-0.365771,-0.117202) 0.217722 (4.38981,0.917508) (0.29581,0.01087) 0.150711 (3.42058,0.0269381) (0.0297841,-0.119605) 0.185602 (3.49216,1.3591) (0.146216,-0.0315647) 0.198586 (2,1.8) (0,0) 0.001 (2,0.3) (0,0) 0.001
