[[(2, 2.1), (0, 2.1), (0, 1.8), (2, 1.8)], [(2, 0.3), (0, 0.3), (0, 0), (2, 0)]]
timestamp position0 velocity0 radius0 goal pref_speed theta position1 velocity1 radius1 position2 velocity2 radius2 position3 velocity3 radius3 position4 velocity4 radius4 position5 velocity5 radius5 position6 velocity6 radius6
0 (1.12227,1.09606) (0,0) 0.145861 (5.98029,1.15206) 1.87312 0 (2.34796,0.471222) (0,0) 0.180832 (2.21297,0.778128) (0,0) 0.129834 (2.32474,1.16653) (0,0) 0.210163 (2.22303,1.54758) (0,0) 0.13567 (1.12227,1.8) (0,0) 0.001 (1.12227,0.3) (0,0) 0.001
0.25 (1.37224,1.09895) (0.999897,0.0115672) 0.145861 (5.98029,1.15206) 1.87312 0.0115679 (2.38436,0.464016) (0.145618,-0.0288215) 0.180832 (2.21619,0.778871) (0.0128731,0.00297302) 0.129834 (2.37886,1.16072) (0.21647,-0.0232605) 0.210163 (2.27318,1.55971) (0.200566,0.0485104) 0.13567 (1.37224,1.8) (0,0) 0.001 (1.37224,0.3) (0,0) 0.001
0.5 (1.62222,1.10184) (0.999904,0.0115667) 0.145861 (5.98029,1.15206) 1.87312 0.0115673 (2.42077,0.456813) (0.145619,-0.0288121) 0.180832 (2.24069,0.783028) (0.097991,0.0166266) 0.129834 (2.43081,1.14448) (0.207806,-0.0649356) 0.210163 (2.32475,1.56101) (0.206283,0.00519842) 0.13567 (1.62222,1.8) (0,0) 0.001 (1.62222,0.3) (0,0) 0.001
0.75 (1.80113,1.11073) (0.715652,0.035547) 0.145861 (5.98029,1.15206) 1.87312 0.0496301 (2.45717,0.449609) (0.145618,-0.0288193) 0.180832 (2.2756,0.783056) (0.139662,0.000111906) 0.129834 (2.4655,1.10254) (0.138737,-0.167786) 0.210163 (2.37542,1.55131) (0.202672,-0.0387794) 0.13567 (1.80113,1.8) (0,0) 0.001 (1.80113,0.3) (0,0) 0.001
1 (1.94727,1.1185) (0.584586,0.0310669) 0.145861 (5.98029,1.15206) 1.87312 0.0530935 (2.48661,0.42701) (0.117746,-0.0903938) 0.180832 (2.3022,0.773612) (0.106402,-0.0377771) 0.129834 (2.49732,1.05838) (0.127278,-0.176637) 0.210163 (2.426,1.54118) (0.202329,-0.0405312) 0.13567 (1.94727,1.8) (0,0) 0.001 (1.94727,0.3) (0,0) 0.001
1.25 (2.07271,1.12471) (0.501726,0.0248554) 0.145861 (5.98029,1.15206) 1.87312 0.0494994 (2.51271,0.400631) (0.104411,-0.105516) 0.180832 (2.32478,0.753301) (0.0903022,-0.0812411) 0.129834 (2.52941,1.01442) (0.128369,-0.175845) 0.210163 (2.47658,1.53104) (0.202324,-0.0405549) 0.13567 (2,1.8) (0,0) 0.001 (2,0.3) (0,0) 0.001
1.5 (2.18424,1.12938) (0.446147,0.0186778) 0.145861 (5.98029,1.15206) 1.87312 0.0418404 (2.53695,0.372532) (0.0969622,-0.112399) 0.180832 (2.34245,0.723789) (0.0706901,-0.118048) 0.129834 (2.56403,0.972416) (0.138471,-0.168006) 0.210163 (2.52716,1.5209) (0.202325,-0.0405531) 0.13567 (2,1.8) (0,0) 0.001 (2,0.3) (0,0) 0.001
1.75 (2.2856,1.13248) (0.405446,0.0124096) 0.145861 (5.98029,1.15206) 1.87312 0.0305977 (2.56133,0.344554) (0.0975275,-0.111909) 0.180832 (2.3612,0.690097) (0.0749757,-0.13477) 0.129834 (2.59722,0.929283) (0.132787,-0.172533) 0.210163 (2.57774,1.51077) (0.202328,-0.0405366) 0.13567 (2,1.8) (0,0) 0.001 (2,0.3) (0,0) 0.001
2 (2.37833,1.13385) (0.370919,0.00545415) 0.145861 (5.98029,1.15206) 1.87312 0.0147034 (2.58496,0.315941) (0.0945261,-0.114455) 0.180832 (2.38126,0.654888) (0.0802411,-0.140837) 0.129834 (2.63223,0.887607) (0.140035,-0.166705) 0.210163 (2.62832,1.50063) (0.202327,-0.0405432) 0.13567 (2,1.8) (0,0) 0.001 (2,0.3) (0,0) 0.001
2.25 (2.46199,1.13298) (0.334628,-0.00345415) 0.145861 (5.98029,1.15206) 1.87312 -0.010322 (2.60905,0.28771) (0.0963528,-0.112922) 0.180832 (2.40442,0.622406) (0.0926642,-0.129927) 0.129834 (2.66437,0.84368) (0.12856,-0.175706) 0.210163 (2.67891,1.4905) (0.20233,-0.0405254) 0.13567 (2,1.8) (0,0) 0.001 (2,0.3) (0,0) 0.001
2.5 (2.57821,1.14197) (0.464892,0.0359527) 0.145861 (5.98029,1.15206) 1.87312 0.0771819 (2.63184,0.258419) (0.0911451,-0.117165) 0.180832 (2.42821,0.58967) (0.0951497,-0.130943) 0.129834 (2.70231,0.804647) (0.151733,-0.156132) 0.210163 (2.72949,1.48036) (0.202326,-0.0405471) 0.13567 (2,1.8) (0,0) 0.001 (2,0.3) (0,0) 0.001
2.75 (2.82364,1.16368) (0.981683,0.0868377) 0.145861 (5.98029,1.15206) 1.87312 0.0882284 (2.65672,0.230887) (0.0995339,-0.110128) 0.180832 (2.45627,0.559636) (0.11226,-0.120136) 0.129834 (2.74024,0.765612) (0.151725,-0.15614) 0.210163 (2.78007,1.47022) (0.202323,-0.0405612) 0.13567 (2,1.8) (0,0) 0.001 (2,0.3) (0,0) 0.001
3 (3.07364,1.16275) (1.00002,-0.00370576) 0.145861 (5.98029,1.15206) 1.87312 -0.00370567 (2.68159,0.203343) (0.0994834,-0.110174) 0.180832 (2.48697,0.530897) (0.122768,-0.114957) 0.129834 (2.77817,0.726581) (0.151738,-0.156127) 0.210163 (2.83065,1.46008) (0.202325,-0.0405532) 0.13567 (2,1.8) (0,0) 0.001 (2,0.3) (0,0) 0.001
3.25 (3.32363,1.16183) (0.999953,-0.0036953) 0.145861 (5.98029,1.15206) 1.87312 -0.00369546 (2.70658,0.175904) (0.0999414,-0.109758) 0.180832 (2.51932,0.502511) (0.129413,-0.113543) 0.129834 (2.81611,0.68755) (0.151743,-0.156122) 0.210163 (2.88123,1.44995) (0.20233,-0.0405288) 0.13567 (2,1.8) (0,0) 0.001 (2,0.3) (0,0) 0.001
3.5 (3.57364,1.16091) (1.00004,-0.00369182) 0.145861 (5.98029,1.15206) 1.87312 -0.00369167 (2.73155,0.148452) (0.099889,-0.109806) 0.180832 (2.55265,0.474263) (0.133321,-0.112995) 0.129834 (2.85404,0.648518) (0.151738,-0.156127) 0.210163 (2.93181,1.43982) (0.202326,-0.0405485) 0.13567 (2,1.8) (0,0) 0.001 (2,0.3) (0,0) 0.001
3.75 (3.82364,1.16) (1.00001,-0.00364211) 0.145861 (5.98029,1.15206) 1.87312 -0.00364205 (2.75651,0.120986) (0.0998224,-0.109866) 0.180832 (2.58656,0.44605) (0.135635,-0.112849) 0.129834 (2.89198,0.609487) (0.151738,-0.156127) 0.210163 (2.9824,1.42968) (0.202329,-0.0405318) 0.13567 (2,1.8) (0,0) 0.001 (2,0.3) (0,0) 0.001
4 (4.07366,1.15909) (1.00006,-0.00364492) 0.145861 (5.98029,1.15206) 1.87312 -0.00364469 (2.78145,0.0935099) (0.0997816,-0.109904) 0.180832 (2.62004,0.420339) (0.133939,-0.102843) 0.129834 (2.92991,0.570451) (0.151724,-0.156141) 0.210163 (3.03298,1.41954) (0.202325,-0.0405539) 0.13567 (2,1.8) (0,0) 0.001 (2,0.3) (0,0) 0.001
4.25 (4.32364,1.15817) (0.999921,-0.00365431) 0.145861 (5.98029,1.15206) 1.87312 -0.00365458 (2.80771,0.0672901) (0.10505,-0.104879) 0.180832 (2.65265,0.398263) (0.130421,-0.0883071) 0.129834 (2.96784,0.531416) (0.151724,-0.15614) 0.210163 (3.08356,1.40941) (0.202327,-0.0405437) 0.13567 (2,1.8) (0,0) 0.001 (2,0.3) (0,0) 0.001
4.5 (4.57363,1.15726) (0.999988,-0.00365404) 0.145861 (5.98029,1.15206) 1.87312 -0.00365407 (2.83489,0.0420219) (0.108718,-0.101073) 0.180832 (2.68446,0.379406) (0.127252,-0.0754257) 0.129834 (3.00577,0.492386) (0.151743,-0.156123) 0.210163 (3.13414,1.39927) (0.202327,-0.0405423) 0.13567 (2,1.8) (0,0) 0.001 (2,0.3) (0,0) 0.001
4.75 (4.82364,1.15634) (1.00001,-0.00365729) 0.145861 (5.98029,1.15206) 1.87312 -0.00365722 (2.86255,0.0172788) (0.110633,-0.0989726) 0.180832 (2.7154,0.364219) (0.123749,-0.0607495) 0.129834 (3.04371,0.453354) (0.15174,-0.156126) 0.210163 (3.18472,1.38914) (0.202326,-0.040546) 0.13567 (2,1.8) (0,0) 0.001 (2,0.3) (0,0) 0.001
5 (5.07364,1.15542) (1,-0.00370623) 0.145861 (5.98029,1.15206) 1.87312 -0.0037062 (2.89046,-0.00717986) (0.11164,-0.0978345) 0.180832 (2.74418,0.361159) (0.115122,-0.0122398) 0.129834 (3.08165,0.414323) (0.151741,-0.156124) 0.210163 (3.2353,1.379) (0.202326,-0.0405484) 0.13567 (2,1.8) (0,0) 0.001 (2,0.3) (0,0) 0.001
5.25 (5.3003,1.15458) (0.906648,-0.00335834) 0.145861 (5.98029,1.15206) 1.87312 -0.00370411 (2.91851,-0.0314844) (0.112178,-0.0972181) 0.180832 (2.7742,0.397097) (0.120077,0.143752) 0.129834 (3.11957,0.375286) (0.151717,-0.156147) 0.210163 (3.28588,1.36886) (0.202323,-0.040564) 0.13567 (2,1.8) (0,0) 0.001 (2,0.3) (0,0) 0.001
5.5 (5.47028,1.15393) (0.679942,-0.00260026) 0.145861 (5.98029,1.15206) 1.87312 -0.00382422 (2.94662,-0.055709) (0.112454,-0.0968982) 0.180832 (2.82825,0.473992) (0.216212,0.30758) 0.129834 (3.15751,0.336251) (0.151725,-0.156139) 0.210163 (3.33646,1.35872) (0.202325,-0.040552) 0.13567 (2,1.8) (0,0) 0.001 (2,0.3) (0,0) 0.001
5.75 (5.59777,1.15346) (0.509938,-0.00186641) 0.145861 (5.98029,1.15206) 1.87312 -0.00366005 (2.97477,-0.0798889) (0.112608,-0.0967198) 0.180832 (2.90469,0.528688) (0.305757,0.218782) 0.129834 (3.19543,0.297211) (0.151704,-0.156161) 0.210163 (3.38705,1.34858) (0.202325,-0.0405522) 0.13567 (2,1.8) (0,0) 0.001 (2,0.3) (0,0) 0.001
