[[(7.0, 6.0), (0, 6.0), (0, 5.0), (7.0, 5.0)], [(7.0, 1.0), (0, 1.0), (0, 0), (7.0, 0)]]
timestamp position0 velocity0 radius0 heading0 goal pref_speed theta position1 velocity1 radius1 heading1 position2 velocity2 radius2 heading2 position3 velocity3 radius3 heading3 position4 velocity4 radius4 heading4 position5 velocity5 radius5 heading5 position6 velocity6 radius6 heading6 
0.0 (6.0,2.572988986968994) (0.0,0.0) 0.5 -0.3296161801628231 (10.0,3.178606083661191) 3.0 0.0 (7.199326992034912,1.5) (0.0,0.0) 0.5 0.10258656964052071 (8.053208351135254,2.5) (0.0,0.0) 0.5 0.23821710815908725 (7.295011043548584,3.5) (0.0,0.0) 0.5 0.18239324063925288 (8.49460220336914,4.5) (0.0,0.0) 0.5 -0.26470836913438023 (6.0,5.0) (0,0) 1e-07 -0.3296161801628231 (6.0,1.0) (0,0) 1e-07 -0.3296161801628231 
1.0 (6.192054271697998,2.5592200756073) (0.19205430150032043,-0.013768889009952545) 0.5 -0.3296161801628231 (10.0,3.178606083661191) 3.0 -0.07157023517323506 (7.444870471954346,1.3938740491867065) (0.24554337561130524,-0.10612595081329346) 0.5 0.10258656964052071 (8.67820930480957,2.1847641468048096) (0.625001072883606,-0.31523582339286804) 0.5 0.23821710815908725 (7.4478888511657715,3.5359296798706055) (0.15287794172763824,0.03592972829937935) 0.5 0.18239324063925288 (9.156316757202148,4.72832727432251) (0.6617149710655212,0.22832706570625305) 0.5 -0.26470836913438023 (6.192054271697998,5.0) (0,0) 1e-07 -0.3296161801628231 (6.192054271697998,1.0) (0,0) 1e-07 -0.3296161801628231 
2.0 (6.640574932098389,2.4853715896606445) (0.44852083921432495,-0.07384859770536423) 0.5 -0.3296161801628231 (10.0,3.178606083661191) 3.0 -0.1631850977480437 (8.00919246673584,0.9796993732452393) (0.5643219947814941,-0.4141746461391449) 0.5 0.10258656964052071 (9.303210258483887,1.8695282936096191) (0.6250011324882507,-0.31523582339286804) 0.5 0.23821710815908725 (8.137667655944824,3.65511417388916) (0.6897790431976318,0.11918437480926514) 0.5 0.18239324063925288 (9.818031311035156,4.956654071807861) (0.661715030670166,0.22832699120044708) 0.5 -0.26470836913438023 (6.640574932098389,5.0) (0,0) 1e-07 -0.3296161801628231 (6.640574932098389,1.0) (0,0) 1e-07 -0.3296161801628231 
3.0 (7.28236722946167,2.5176899433135986) (0.6417921781539917,0.032318323850631714) 0.5 -0.3296161801628231 (10.0,3.178606083661191) 3.0 0.0503138698530707 (8.67314624786377,0.7579667568206787) (0.6639537811279297,-0.22173264622688293) 0.5 0.10258656964052071 (9.928211212158203,1.5542924404144287) (0.625001072883606,-0.31523579359054565) 0.5 0.23821710815908725 (8.827446937561035,3.7742984294891357) (0.6897790431976318,0.11918432265520096) 0.5 0.18239324063925288 (10.479745864868164,5.184980869293213) (0.661715030670166,0.22832700610160828) 0.5 -0.26470836913438023 (7.0,5.0) (0,0) 1e-07 -0.3296161801628231 (7.0,1.0) (0,0) 1e-07 -0.3296161801628231 
4.0 (7.856688499450684,2.550497055053711) (0.5743213295936584,0.03280720114707947) 0.5 -0.3296161801628231 (10.0,3.178606083661191) 3.0 0.05706141305370715 (9.365129470825195,0.6523292064666748) (0.691983163356781,-0.1056375652551651) 0.5 0.10258656964052071 (10.55321216583252,1.2390567064285278) (0.6250011324882507,-0.31523576378822327) 0.5 0.23821710815908725 (9.517226219177246,3.8934829235076904) (0.6897790431976318,0.11918438225984573) 0.5 0.18239324063925288 (11.141460418701172,5.4133076667785645) (0.6617149710655212,0.22832700610160828) 0.5 -0.26470836913438023 (7.0,5.0) (0,0) 1e-07 -0.3296161801628231 (7.0,1.0) (0,0) 1e-07 -0.3296161801628231 
5.0 (8.366644859313965,2.5649728775024414) (0.5099561214447021,0.014475803822278976) 0.5 -0.3296161801628231 (10.0,3.178606083661191) 3.0 0.028378750560493504 (10.057112693786621,0.5466915965080261) (0.6919832229614258,-0.10563758760690689) 0.5 0.10258656964052071 (11.146055221557617,1.0188932418823242) (0.5928428173065186,-0.22016344964504242) 0.5 0.23821710815908725 (10.13369369506836,4.0) (0.6164674758911133,0.10651707649230957) 0.5 0.18239324063925288 (11.422771453857422,5.533328056335449) (0.28131142258644104,0.12002050876617432) 0.5 -0.26470836913438023 (7.0,5.0) (0,0) 1e-07 -0.3296161801628231 (7.0,1.0) (0,0) 1e-07 -0.3296161801628231 
6.0 (8.894796371459961,2.5778543949127197) (0.5281515717506409,0.012881431728601456) 0.5 -0.3296161801628231 (10.0,3.178606083661191) 3.0 0.02438481514396377 (10.362968444824219,0.5) (0.30585527420043945,-0.04669159650802612) 0.5 0.10258656964052071 (11.656907081604004,1.1719157695770264) (0.5108516812324524,0.15302246809005737) 0.5 0.23821710815908725 (10.253851890563965,4.0982537269592285) (0.1201583594083786,0.09825374186038971) 0.5 0.18239324063925288 (11.425031661987305,5.581521034240723) (0.0022599101066589355,0.048192933201789856) 0.5 -0.26470836913438023 (7.0,5.0) (0,0) 1e-07 -0.3296161801628231 (7.0,1.0) (0,0) 1e-07 -0.3296161801628231 
7.0 (9.591288566589355,2.612255334854126) (0.6964922547340393,0.034400925040245056) 0.5 -0.3296161801628231 (10.0,3.178606083661191) 3.0 0.04935157793335035 (10.362968444824219,0.5) (-4.732989111744246e-07,0.0) 0.5 0.10258656964052071 (11.776688575744629,1.4712538719177246) (0.11978136003017426,0.29933810234069824) 0.5 0.23821710815908725 (10.154032707214355,4.063337326049805) (-0.09981891512870789,-0.034916315227746964) 0.5 0.18239324063925288 (11.39270305633545,5.5) (-0.032328199595212936,-0.08152103424072266) 0.5 -0.26470836913438023 (7.0,5.0) (0,0) 1e-07 -0.3296161801628231 (7.0,1.0) (0,0) 1e-07 -0.3296161801628231 
8.0 (10.376500129699707,2.6986606121063232) (0.7852112650871277,0.08640533685684204) 0.5 -0.3296161801628231 (10.0,3.178606083661191) 3.0 0.10959991567162904 (10.362968444824219,0.5) (-4.732989111744246e-07,0.0) 0.5 0.10258656964052071 (11.691308975219727,1.5219581127166748) (-0.0853797048330307,0.05070418119430542) 0.5 0.23821710815908725 (10.13369369506836,4.0) (-0.020338984206318855,-0.06333732604980469) 0.5 0.18239324063925288 (11.39270305633545,5.5) (4.0526367683924036e-07,0.0) 0.5 -0.26470836913438023 (7.0,5.0) (0,0) 1e-07 -0.3296161801628231 (7.0,1.0) (0,0) 1e-07 -0.3296161801628231 
