[[(7.0, 6.0), (0, 6.0), (0, 5.0), (7.0, 5.0)], [(7.0, 1.0), (0, 1.0), (0, 0), (7.0, 0)]]
timestamp position0 velocity0 radius0 heading0 goal pref_speed theta position1 velocity1 radius1 heading1 position2 velocity2 radius2 heading2 position3 velocity3 radius3 heading3 position4 velocity4 radius4 heading4 position5 velocity5 radius5 heading5 position6 velocity6 radius6 heading6 
0.0 (6.0,3.002376079559326) (0.0,0.0) 0.5 0.37828625780635705 (10.0,3.2096438766490274) 3.0 0.0 (7.129349708557129,1.5) (0.0,0.0) 0.5 0.3139926447462287 (8.162434577941895,2.5) (0.0,0.0) 0.5 0.38099365723387213 (7.38876485824585,3.5) (0.0,0.0) 0.5 0.3767510230069503 (8.07542896270752,4.5) (0.0,0.0) 0.5 -0.1389961755311208 (6.0,5.0) (0,0) 1e-07 0.37828625780635705 (6.0,1.0) (0,0) 1e-07 0.37828625780635705 
1.0 (6.173088550567627,2.8715310096740723) (0.17308837175369263,-0.13084514439105988) 0.5 0.37828625780635705 (10.0,3.2096438766490274) 3.0 -0.647294531775104 (7.336955547332764,1.442892074584961) (0.20760583877563477,-0.05710797756910324) 0.5 0.3139926447462287 (8.795064926147461,2.200368642807007) (0.6326302886009216,-0.2996312975883484) 0.5 0.38099365723387213 (7.490226745605469,3.4949424266815186) (0.10146168619394302,-0.00505746528506279) 0.5 0.3767510230069503 (8.740754127502441,4.717584133148193) (0.665324866771698,0.21758410334587097) 0.5 -0.1389961755311208 (6.173088550567627,5.0) (0,0) 1e-07 0.37828625780635705 (6.173088550567627,1.0) (0,0) 1e-07 0.37828625780635705 
2.0 (6.547612190246582,2.664585590362549) (0.3745238482952118,-0.20694544911384583) 0.5 0.37828625780635705 (10.0,3.2096438766490274) 3.0 -0.5048035741725843 (7.917352199554443,1.0515615940093994) (0.5803967714309692,-0.3913305401802063) 0.5 0.3139926447462287 (9.427695274353027,1.9007372856140137) (0.6326302886009216,-0.2996313273906708) 0.5 0.38099365723387213 (8.189653396606445,3.4666194915771484) (0.6994267106056213,-0.028322994709014893) 0.5 0.3767510230069503 (9.406079292297363,4.935168266296387) (0.665324866771698,0.21758410334587097) 0.5 -0.1389961755311208 (6.547612190246582,5.0) (0,0) 1e-07 0.37828625780635705 (6.547612190246582,1.0) (0,0) 1e-07 0.37828625780635705 
3.0 (7.258307933807373,2.661712646484375) (0.7106958627700806,-0.002872990444302559) 0.5 0.37828625780635705 (10.0,3.2096438766490274) 3.0 -0.004042481383359384 (8.596101760864258,0.8803899884223938) (0.6787490844726562,-0.17117160558700562) 0.5 0.3139926447462287 (10.060325622558594,1.6011059284210205) (0.6326302289962769,-0.2996312975883484) 0.5 0.38099365723387213 (8.866089820861816,3.6467137336730957) (0.6764363050460815,0.18009424209594727) 0.5 0.3767510230069503 (10.071404457092285,5.15275239944458) (0.6653248071670532,0.21758411824703217) 0.5 -0.1389961755311208 (7.0,5.0) (0,0) 1e-07 0.37828625780635705 (7.0,1.0) (0,0) 1e-07 0.37828625780635705 
4.0 (7.955156326293945,2.699647903442383) (0.6968483924865723,0.03793533518910408) 0.5 0.37828625780635705 (10.0,3.2096438766490274) 3.0 0.054384752490742365 (9.274850845336914,0.7092183232307434) (0.6787490844726562,-0.1711716651916504) 0.5 0.3139926447462287 (10.69295597076416,1.3014745712280273) (0.6326302886009216,-0.2996313273906708) 0.5 0.38099365723387213 (9.542526245117188,3.826807975769043) (0.6764362454414368,0.18009424209594727) 0.5 0.3767510230069503 (10.736729621887207,5.370336532592773) (0.665324866771698,0.21758420765399933) 0.5 -0.1389961755311208 (7.0,5.0) (0,0) 1e-07 0.37828625780635705 (7.0,1.0) (0,0) 1e-07 0.37828625780635705 
5.0 (8.645624160766602,2.731066942214966) (0.6904678344726562,0.03141895681619644) 0.5 0.37828625780635705 (10.0,3.2096438766490274) 3.0 0.04547249960894922 (9.95359992980957,0.538046658039093) (0.6787490844726562,-0.1711716502904892) 0.5 0.3139926447462287 (11.325586318969727,1.0018432140350342) (0.6326302289962769,-0.2996312975883484) 0.5 0.38099365723387213 (10.193037033081055,4.0) (0.6505112051963806,0.17319202423095703) 0.5 0.3767510230069503 (11.133211135864258,5.5) (0.3964819014072418,0.12966346740722656) 0.5 -0.1389961755311208 (7.0,5.0) (0,0) 1e-07 0.37828625780635705 (7.0,1.0) (0,0) 1e-07 0.37828625780635705 
6.0 (9.411694526672363,2.7688276767730713) (0.7660699486732483,0.03776064142584801) 0.5 0.37828625780635705 (10.0,3.2096438766490274) 3.0 0.04925151340415041 (10.104466438293457,0.5) (0.15086692571640015,-0.03804665803909302) 0.5 0.3139926447462287 (11.822151184082031,1.0796427726745605) (0.49656441807746887,0.07779958844184875) 0.5 0.38099365723387213 (10.391321182250977,4.209765911102295) (0.19828391075134277,0.20976568758487701) 0.5 0.3767510230069503 (11.16847038269043,5.615291118621826) (0.03525945544242859,0.11529100686311722) 0.5 -0.1389961755311208 (7.0,5.0) (0,0) 1e-07 0.37828625780635705 (7.0,1.0) (0,0) 1e-07 0.37828625780635705 
7.0 (10.370892524719238,2.8518331050872803) (0.9591979384422302,0.0830053761601448) 0.5 0.37828625780635705 (10.0,3.2096438766490274) 3.0 0.08632118882816193 (10.104466438293457,0.5) (4.098925501239137e-07,0.0) 0.5 0.3139926447462287 (11.90022087097168,1.1922160387039185) (0.0780695453286171,0.11257325112819672) 0.5 0.38099365723387213 (10.17689323425293,4.184783458709717) (-0.2144276648759842,-0.02498256042599678) 0.5 0.3767510230069503 (11.191040992736816,5.655959606170654) (0.022570200264453888,0.04066853225231171) 0.5 -0.1389961755311208 (7.0,5.0) (0,0) 1e-07 0.37828625780635705 (7.0,1.0) (0,0) 1e-07 0.37828625780635705 
