[[(7.0, 6.0), (0, 6.0), (0, 5.0), (7.0, 5.0)], [(7.0, 1.0), (0, 1.0), (0, 0), (7.0, 0)]]
timestamp position0 velocity0 radius0 heading0 goal pref_speed theta position1 velocity1 radius1 heading1 position2 velocity2 radius2 heading2 position3 velocity3 radius3 heading3 position4 velocity4 radius4 heading4 position5 velocity5 radius5 heading5 position6 velocity6 radius6 heading6 
0.0 (6.0,3.3199517726898193) (0.0,0.0) 0.5 -0.23886696221615855 (10.0,3.0049107072553096) 3.0 0.0 (7.373371124267578,1.5) (0.0,0.0) 0.5 -0.2669769164500652 (8.008879661560059,2.5) (0.0,0.0) 0.5 0.37840911055841286 (7.036792755126953,3.5) (0.0,0.0) 0.5 -0.004089016138578649 (8.169899940490723,4.5) (0.0,0.0) 0.5 -0.2443365984496473 (6.0,5.0) (0,0) 1e-07 -0.23886696221615855 (6.0,1.0) (0,0) 1e-07 -0.23886696221615855 
1.0 (6.05823278427124,3.06105637550354) (0.05823272466659546,-0.2588953673839569) 0.5 -0.23886696221615855 (10.0,3.0049107072553096) 3.0 -1.3495507563260558 (7.987660884857178,1.1643688678741455) (0.6142895817756653,-0.3356311619281769) 0.5 -0.2669769164500652 (8.62951946258545,2.176262855529785) (0.620640218257904,-0.32373708486557007) 0.5 0.37840911055841286 (7.193904399871826,3.515141725540161) (0.1571114957332611,0.015141725540161133) 0.5 -0.004089016138578649 (8.8316650390625,4.728180885314941) (0.6617653369903564,0.2281811237335205) 0.5 -0.2443365984496473 (6.05823278427124,5.0) (0,0) 1e-07 -0.23886696221615855 (6.05823278427124,1.0) (0,0) 1e-07 -0.23886696221615855 
2.0 (6.365455627441406,2.748845100402832) (0.3072226047515869,-0.312211275100708) 0.5 -0.23886696221615855 (10.0,3.0049107072553096) 3.0 -0.793451585497592 (8.627059936523438,0.8794666528701782) (0.6393986940383911,-0.2849022150039673) 0.5 -0.2669769164500652 (9.25015926361084,1.8525258302688599) (0.620640218257904,-0.3237369954586029) 0.5 0.37840911055841286 (7.882455348968506,3.6412277221679688) (0.6885508894920349,0.12608595192432404) 0.5 -0.004089016138578649 (9.493430137634277,4.956362247467041) (0.6617653965950012,0.2281811684370041) 0.5 -0.2443365984496473 (6.365455627441406,5.0) (0,0) 1e-07 -0.23886696221615855 (6.365455627441406,1.0) (0,0) 1e-07 -0.23886696221615855 
3.0 (7.060024738311768,2.7063581943511963) (0.6945689916610718,-0.04248680919408798) 0.5 -0.23886696221615855 (10.0,3.0049107072553096) 3.0 -0.0610939105498284 (9.273469924926758,0.6108514666557312) (0.6464099884033203,-0.268615186214447) 0.5 -0.2669769164500652 (9.870800018310547,1.5287889242172241) (0.6206403374671936,-0.32373690605163574) 0.5 0.37840911055841286 (8.571005821228027,3.7673137187957764) (0.6885508894920349,0.12608593702316284) 0.5 -0.004089016138578649 (10.155195236206055,5.184543132781982) (0.6617653369903564,0.22818101942539215) 0.5 -0.2443365984496473 (7.0,5.0) (0,0) 1e-07 -0.23886696221615855 (7.0,1.0) (0,0) 1e-07 -0.23886696221615855 
4.0 (7.840154647827148,2.7647459506988525) (0.7801299095153809,0.058387741446495056) 0.5 -0.23886696221615855 (10.0,3.0049107072553096) 3.0 0.07470433417591785 (9.917388916015625,0.336319237947464) (0.6439192891120911,-0.2745322287082672) 0.5 -0.2669769164500652 (10.49434757232666,1.2106876373291016) (0.6235474944114685,-0.31810131669044495) 0.5 0.37840911055841286 (9.259556770324707,3.893399477005005) (0.6885508298873901,0.12608586251735687) 0.5 -0.004089016138578649 (10.816960334777832,5.412724018096924) (0.6617653369903564,0.22818106412887573) 0.5 -0.2443365984496473 (7.0,5.0) (0,0) 1e-07 -0.23886696221615855 (7.0,1.0) (0,0) 1e-07 -0.23886696221615855 
5.0 (8.596235275268555,2.7937076091766357) (0.7560809850692749,0.028961654752492905) 0.5 -0.23886696221615855 (10.0,3.0049107072553096) 3.0 0.03828624568418205 (10.22720718383789,0.2749895751476288) (0.3098178207874298,-0.061329662799835205) 0.5 -0.2669769164500652 (10.915207862854004,1.0450127124786377) (0.420860230922699,-0.16567488014698029) 0.5 0.37840911055841286 (9.841697692871094,4.0) (0.5821413397789001,0.10660052299499512) 0.5 -0.004089016138578649 (11.104920387268066,5.539935111999512) (0.2879601716995239,0.12721087038516998) 0.5 -0.2443365984496473 (7.0,5.0) (0,0) 1e-07 -0.23886696221615855 (7.0,1.0) (0,0) 1e-07 -0.23886696221615855 
6.0 (9.473859786987305,2.8476762771606445) (0.8776246905326843,0.05396858602762222) 0.5 -0.23886696221615855 (10.0,3.0049107072553096) 3.0 0.061416586258232216 (10.370530128479004,0.49334970116615295) (0.14332281053066254,0.21836012601852417) 0.5 -0.2669769164500652 (11.126457214355469,1.1618379354476929) (0.21124973893165588,0.11682523787021637) 0.5 0.37840911055841286 (9.98023509979248,4.210150718688965) (0.13853737711906433,0.21015067398548126) 0.5 -0.004089016138578649 (11.109589576721191,5.592578887939453) (0.0046694278717041016,0.052643679082393646) 0.5 -0.2443365984496473 (7.0,5.0) (0,0) 1e-07 -0.23886696221615855 (7.0,1.0) (0,0) 1e-07 -0.23886696221615855 
7.0 (10.414860725402832,2.9171955585479736) (0.9410005211830139,0.06951926648616791) 0.5 -0.23886696221615855 (10.0,3.0049107072553096) 3.0 0.07374406243991312 (10.380470275878906,0.5) (0.009940560907125473,0.006650298833847046) 0.5 -0.2669769164500652 (11.326382637023926,1.2955899238586426) (0.19992583990097046,0.13375204801559448) 0.5 0.37840911055841286 (9.831868171691895,4.020028591156006) (-0.14836707711219788,-0.19012191891670227) 0.5 -0.004089016138578649 (11.100106239318848,5.53720235824585) (-0.009483788162469864,-0.05537635460495949) 0.5 -0.2443365984496473 (7.0,5.0) (0,0) 1e-07 -0.23886696221615855 (7.0,1.0) (0,0) 1e-07 -0.23886696221615855 
