[[(7.0, 6.0), (0, 6.0), (0, 5.0), (7.0, 5.0)], [(7.0, 1.0), (0, 1.0), (0, 0), (7.0, 0)]]
timestamp position0 velocity0 radius0 heading0 goal pref_speed theta position1 velocity1 radius1 heading1 position2 velocity2 radius2 heading2 position3 velocity3 radius3 heading3 position4 velocity4 radius4 heading4 position5 velocity5 radius5 heading5 position6 velocity6 radius6 heading6 
0.0 (6.0,2.975820779800415) (0.0,0.0) 0.5 -0.38930144140755424 (10.0,3.468214948881678) 3.0 0.0 (7.476395606994629,1.5) (0.0,0.0) 0.5 -0.16325751644691264 (8.433685302734375,2.5) (0.0,0.0) 0.5 0.017119875631732617 (7.188973426818848,3.5) (0.0,0.0) 0.5 -0.021344169550738867 (8.060026168823242,4.5) (0.0,0.0) 0.5 0.08318265800532088 (6.0,5.0) (0,0) 1e-07 -0.38930144140755424 (6.0,1.0) (0,0) 1e-07 -0.38930144140755424 
1.0 (6.141136169433594,2.8412294387817383) (0.14113616943359375,-0.1345912367105484) 0.5 -0.38930144140755424 (10.0,3.468214948881678) 3.0 -0.7616656516521857 (8.043708801269531,1.0899322032928467) (0.5673132538795471,-0.4100677967071533) 0.5 -0.16325751644691264 (9.05482006072998,2.177212715148926) (0.6211347579956055,-0.32278716564178467) 0.5 0.017119875631732617 (7.352651119232178,3.4655683040618896) (0.16367760300636292,-0.03443169593811035) 0.5 -0.021344169550738867 (8.727192878723145,4.711869716644287) (0.6671665906906128,0.21186977624893188) 0.5 0.08318265800532088 (6.141136169433594,5.0) (0,0) 1e-07 -0.38930144140755424 (6.141136169433594,1.0) (0,0) 1e-07 -0.38930144140755424 
2.0 (6.465571880340576,2.65653657913208) (0.3244357705116272,-0.18469282984733582) 0.5 -0.38930144140755424 (10.0,3.468214948881678) 3.0 -0.5175203472507892 (8.695394515991211,0.8343831300735474) (0.6516860127449036,-0.2555490732192993) 0.5 -0.16325751644691264 (9.675954818725586,1.8544255495071411) (0.6211347579956055,-0.32278716564178467) 0.5 0.017119875631732617 (8.050000190734863,3.526430368423462) (0.6973491311073303,0.06086207926273346) 0.5 -0.021344169550738867 (9.394359588623047,4.923739433288574) (0.667166531085968,0.21186977624893188) 0.5 0.08318265800532088 (6.465571880340576,5.0) (0,0) 1e-07 -0.38930144140755424 (6.465571880340576,1.0) (0,0) 1e-07 -0.38930144140755424 
3.0 (7.074206352233887,2.6887431144714355) (0.6086344122886658,0.03220650553703308) 0.5 -0.38930144140755424 (10.0,3.468214948881678) 3.0 0.05286670415867635 (9.37152099609375,0.6531291007995605) (0.6761264204978943,-0.1812540590763092) 0.5 -0.16325751644691264 (10.297089576721191,1.5316383838653564) (0.6211348176002502,-0.32278716564178467) 0.5 0.017119875631732617 (8.731220245361328,3.6874887943267822) (0.6812195777893066,0.16105838119983673) 0.5 -0.021344169550738867 (10.06152629852295,5.135609149932861) (0.667166531085968,0.21186983585357666) 0.5 0.08318265800532088 (7.0,5.0) (0,0) 1e-07 -0.38930144140755424 (7.0,1.0) (0,0) 1e-07 -0.38930144140755424 
4.0 (7.702474594116211,2.7283217906951904) (0.6282684206962585,0.039578720927238464) 0.5 -0.38930144140755424 (10.0,3.468214948881678) 3.0 0.06291337760585906 (10.048458099365234,0.4749269485473633) (0.6769372224807739,-0.17820213735103607) 0.5 -0.16325751644691264 (10.918224334716797,1.2088512182235718) (0.6211347579956055,-0.32278716564178467) 0.5 0.017119875631732617 (9.412440299987793,3.8485472202301025) (0.6812196373939514,0.16105841100215912) 0.5 -0.021344169550738867 (10.728693008422852,5.347478866577148) (0.667166531085968,0.21186991035938263) 0.5 0.08318265800532088 (7.0,5.0) (0,0) 1e-07 -0.38930144140755424 (7.0,1.0) (0,0) 1e-07 -0.38930144140755424 
5.0 (8.357857704162598,2.771188735961914) (0.6553828716278076,0.042866967618465424) 0.5 -0.38930144140755424 (10.0,3.468214948881678) 3.0 0.06531448342861083 (10.594422340393066,0.46019893884658813) (0.5459645986557007,-0.014727994799613953) 0.5 -0.16325751644691264 (11.459596633911133,1.0818239450454712) (0.5413727164268494,-0.127027228474617) 0.5 0.017119875631732617 (10.053030967712402,4.0) (0.6405909061431885,0.15145277976989746) 0.5 -0.021344169550738867 (11.208972930908203,5.5) (0.48027968406677246,0.15252113342285156) 0.5 0.08318265800532088 (7.0,5.0) (0,0) 1e-07 -0.38930144140755424 (7.0,1.0) (0,0) 1e-07 -0.38930144140755424 
6.0 (9.066730499267578,2.8239855766296387) (0.7088726758956909,0.052796870470047) 0.5 -0.38930144140755424 (10.0,3.468214948881678) 3.0 0.07434278343592567 (10.662270545959473,0.5) (0.06784825026988983,0.039801061153411865) 0.5 -0.16325751644691264 (11.875968933105469,1.2578175067901611) (0.4163726568222046,0.17599356174468994) 0.5 0.017119875631732617 (10.26567554473877,4.18460750579834) (0.2126445472240448,0.1846073865890503) 0.5 -0.021344169550738867 (11.299863815307617,5.663447856903076) (0.090891033411026,0.1634477823972702) 0.5 0.08318265800532088 (7.0,5.0) (0,0) 1e-07 -0.38930144140755424 (7.0,1.0) (0,0) 1e-07 -0.38930144140755424 
7.0 (9.793025970458984,2.8816258907318115) (0.726295530796051,0.05764037370681763) 0.5 -0.38930144140755424 (10.0,3.468214948881678) 3.0 0.07919615836278163 (10.662270545959473,0.5) (4.593906055561092e-08,0.0) 0.5 -0.16325751644691264 (11.996954917907715,1.364927053451538) (0.1209859699010849,0.10710956156253815) 0.5 0.017119875631732617 (10.085892677307129,4.258492469787598) (-0.1797824203968048,0.07388501614332199) 0.5 -0.021344169550738867 (11.312211036682129,5.687564373016357) (0.012346898205578327,0.02411647140979767) 0.5 0.08318265800532088 (7.0,5.0) (0,0) 1e-07 -0.38930144140755424 (7.0,1.0) (0,0) 1e-07 -0.38930144140755424 
8.0 (10.471719741821289,2.9369795322418213) (0.6786938905715942,0.05535365641117096) 0.5 -0.38930144140755424 (10.0,3.468214948881678) 3.0 0.08137896823009337 (10.662270545959473,0.5) (4.593906055561092e-08,0.0) 0.5 -0.16325751644691264 (11.8955717086792,1.3938733339309692) (-0.10138346254825592,0.028946302831172943) 0.5 0.017119875631732617 (9.995024681091309,4.090268135070801) (-0.09086795151233673,-0.16822423040866852) 0.5 -0.021344169550738867 (11.208972930908203,5.5) (-0.10323833674192429,-0.18756437301635742) 0.5 0.08318265800532088 (7.0,5.0) (0,0) 1e-07 -0.38930144140755424 (7.0,1.0) (0,0) 1e-07 -0.38930144140755424 
