[[(7.0, 6.0), (0, 6.0), (0, 5.0), (7.0, 5.0)], [(7.0, 1.0), (0, 1.0), (0, 0), (7.0, 0)]]
timestamp position0 velocity0 radius0 heading0 goal pref_speed theta position1 velocity1 radius1 heading1 position2 velocity2 radius2 heading2 position3 velocity3 radius3 heading3 position4 velocity4 radius4 heading4 position5 velocity5 radius5 heading5 position6 velocity6 radius6 heading6 
0.0 (6.0,2.68537974357605) (0.0,0.0) 0.5 0.256694552124474 (10.0,3.4510853193510687) 3.0 0.0 (7.420975685119629,1.5) (0.0,0.0) 0.5 0.2758618329773237 (8.223701477050781,2.5) (0.0,0.0) 0.5 0.3873688930493334 (7.051768779754639,3.5) (0.0,0.0) 0.5 -0.2515669829703596 (8.245034217834473,4.5) (0.0,0.0) 0.5 -0.2678286607907784 (6.0,5.0) (0,0) 1e-07 0.256694552124474 (6.0,1.0) (0,0) 1e-07 0.256694552124474 
1.0 (6.187477111816406,2.5781967639923096) (0.18747708201408386,-0.10718293488025665) 0.5 0.256694552124474 (10.0,3.4510853193510687) 3.0 -0.5193598999179534 (8.008258819580078,1.1190823316574097) (0.5872833132743835,-0.38091766834259033) 0.5 0.2758618329773237 (8.84737777709961,2.1821508407592773) (0.6236761212348938,-0.3178490996360779) 0.5 0.3873688930493334 (7.23144006729126,3.502354383468628) (0.17967134714126587,0.0023544058203697205) 0.5 -0.2515669829703596 (8.906532287597656,4.72895622253418) (0.6614975929260254,0.2289561927318573) 0.5 -0.2678286607907784 (6.187477111816406,5.0) (0,0) 1e-07 0.256694552124474 (6.187477111816406,1.0) (0,0) 1e-07 0.256694552124474 
2.0 (6.63852596282959,2.4147305488586426) (0.4510487914085388,-0.1634661704301834) 0.5 0.256694552124474 (10.0,3.4510853193510687) 3.0 -0.3476905307694572 (8.65449047088623,0.8500388264656067) (0.6462318301200867,-0.269043505191803) 0.5 0.2758618329773237 (9.471054077148438,1.8643018007278442) (0.6236761212348938,-0.3178490698337555) 0.5 0.3873688930493334 (7.920331954956055,3.6265645027160645) (0.6888918280601501,0.12421004474163055) 0.5 -0.2515669829703596 (9.568029403686523,4.957912445068359) (0.6614975929260254,0.22895623743534088) 0.5 -0.2678286607907784 (6.63852596282959,5.0) (0,0) 1e-07 0.256694552124474 (6.63852596282959,1.0) (0,0) 1e-07 0.256694552124474 
3.0 (7.139827728271484,2.4357776641845703) (0.5013017058372498,0.021047092974185944) 0.5 0.256694552124474 (10.0,3.4510853193510687) 3.0 0.04196023873333434 (9.319092750549316,0.6302573084831238) (0.6646022200584412,-0.21978150308132172) 0.5 0.2758618329773237 (10.094730377197266,1.5464526414871216) (0.6236761212348938,-0.31784912943840027) 0.5 0.3873688930493334 (8.609223365783691,3.750774621963501) (0.6888917684555054,0.12421001493930817) 0.5 -0.2515669829703596 (10.22952651977539,5.186868667602539) (0.6614975929260254,0.2289561927318573) 0.5 -0.2678286607907784 (7.0,5.0) (0,0) 1e-07 0.256694552124474 (7.0,1.0) (0,0) 1e-07 0.256694552124474 
4.0 (7.684099197387695,2.4587314128875732) (0.54427170753479,0.022953800857067108) 0.5 0.256694552124474 (10.0,3.4510853193510687) 3.0 0.04214844629718896 (9.983687400817871,0.4104527533054352) (0.6645945906639099,-0.2198045551776886) 0.5 0.2758618329773237 (10.718417167663574,1.228623867034912) (0.6236864924430847,-0.3178287446498871) 0.5 0.3873688930493334 (9.298114776611328,3.8749845027923584) (0.6888917684555054,0.1242099404335022) 0.5 -0.2515669829703596 (10.891023635864258,5.415824890136719) (0.6614975929260254,0.22895602881908417) 0.5 -0.2678286607907784 (7.0,5.0) (0,0) 1e-07 0.256694552124474 (7.0,1.0) (0,0) 1e-07 0.256694552124474 
5.0 (8.258490562438965,2.489549160003662) (0.5743916034698486,0.030817786231637) 0.5 0.256694552124474 (10.0,3.4510853193510687) 3.0 0.053601525431926686 (10.358858108520508,0.45882606506347656) (0.3751707375049591,0.04837331175804138) 0.5 0.2758618329773237 (11.231976509094238,1.061943531036377) (0.513559103012085,-0.16668033599853516) 0.5 0.3873688930493334 (9.987006187438965,3.999194383621216) (0.6888918280601501,0.1242099404335022) 0.5 -0.2515669829703596 (11.16877555847168,5.53931999206543) (0.2777518033981323,0.12349526584148407) 0.5 -0.2678286607907784 (7.0,5.0) (0,0) 1e-07 0.256694552124474 (7.0,1.0) (0,0) 1e-07 0.256694552124474 
6.0 (8.84305477142334,2.5203473567962646) (0.5845643281936646,0.03079817444086075) 0.5 0.256694552124474 (10.0,3.4510853193510687) 3.0 0.0526370221120206 (10.402070045471191,0.5) (0.04321170225739479,0.04117393493652344) 0.5 0.2758618329773237 (11.642538070678711,1.1281942129135132) (0.41056114435195923,0.06625068187713623) 0.5 0.3873688930493334 (10.142964363098145,4.131285190582275) (0.15595850348472595,0.1320907473564148) 0.5 -0.2515669829703596 (11.153461456298828,5.582345962524414) (-0.015314280986785889,0.04302619397640228) 0.5 -0.2678286607907784 (7.0,5.0) (0,0) 1e-07 0.256694552124474 (7.0,1.0) (0,0) 1e-07 0.256694552124474 
7.0 (9.437152862548828,2.551410675048828) (0.5940980315208435,0.031063314527273178) 0.5 0.256694552124474 (10.0,3.4510853193510687) 3.0 0.052238942798017426 (10.402070045471191,0.5) (-2.329545623069862e-07,0.0) 0.5 0.2758618329773237 (11.761994361877441,1.2043551206588745) (0.11945614218711853,0.07616085559129715) 0.5 0.3873688930493334 (10.018054008483887,4.108882427215576) (-0.12491079419851303,-0.022402919828891754) 0.5 -0.2515669829703596 (11.135828018188477,5.5030598640441895) (-0.017633315175771713,-0.0792861059308052) 0.5 -0.2678286607907784 (7.0,5.0) (0,0) 1e-07 0.256694552124474 (7.0,1.0) (0,0) 1e-07 0.256694552124474 
8.0 (10.221622467041016,2.638190269470215) (0.784469723701477,0.08677967637777328) 0.5 0.256694552124474 (10.0,3.4510853193510687) 3.0 0.11017413280679396 (10.402070045471191,0.5) (-2.329545623069862e-07,0.0) 0.5 0.2758618329773237 (11.659509658813477,1.2639105319976807) (-0.10248471051454544,0.059555426239967346) 0.5 0.3873688930493334 (9.991474151611328,4.0) (-0.02657967060804367,-0.10888242721557617) 0.5 -0.2515669829703596 (11.134222984313965,5.5) (-0.0016054798616096377,-0.003059864044189453) 0.5 -0.2678286607907784 (7.0,5.0) (0,0) 1e-07 0.256694552124474 (7.0,1.0) (0,0) 1e-07 0.256694552124474 
