[[(7.0, 6.0), (0, 6.0), (0, 5.0), (7.0, 5.0)], [(7.0, 1.0), (0, 1.0), (0, 0), (7.0, 0)]]
timestamp position0 velocity0 radius0 heading0 goal pref_speed theta position1 velocity1 radius1 heading1 position2 velocity2 radius2 heading2 position3 velocity3 radius3 heading3 position4 velocity4 radius4 heading4 position5 velocity5 radius5 heading5 position6 velocity6 radius6 heading6 
0.0 (6.0,3.265273332595825) (0.0,0.0) 0.5 0.29856475666139737 (10.0,3.462477655960072) 3.0 0.0 (7.226116180419922,1.5) (0.0,0.0) 0.5 0.08900302409304334 (8.062361717224121,2.5) (0.0,0.0) 0.5 0.3886372479808978 (7.227380752563477,3.5) (0.0,0.0) 0.5 0.3352075359814132 (8.482633590698242,4.5) (0.0,0.0) 0.5 0.16924492874963115 (6.0,5.0) (0,0) 1e-07 0.29856475666139737 (6.0,1.0) (0,0) 1e-07 0.29856475666139737 
1.0 (6.090320587158203,3.1252222061157227) (0.09032059460878372,-0.14005109667778015) 0.5 0.29856475666139737 (10.0,3.462477655960072) 3.0 -0.9980064203077137 (7.5116119384765625,1.360188603401184) (0.2854955494403839,-0.13981136679649353) 0.5 0.08900302409304334 (8.6866455078125,2.1833462715148926) (0.624284029006958,-0.31665363907814026) 0.5 0.3886372479808978 (7.390664100646973,3.537731170654297) (0.16328352689743042,0.03773124888539314) 0.5 0.3352075359814132 (9.144434928894043,4.728075981140137) (0.6618016362190247,0.2280757874250412) 0.5 0.16924492874963115 (6.090320587158203,5.0) (0,0) 1e-07 0.29856475666139737 (6.090320587158203,1.0) (0,0) 1e-07 0.29856475666139737 
2.0 (6.392035961151123,2.926950216293335) (0.30171534419059753,-0.1982720047235489) 0.5 0.29856475666139737 (10.0,3.462477655960072) 3.0 -0.581384631399915 (8.094786643981934,0.973009467124939) (0.5831742882728577,-0.3871791660785675) 0.5 0.08900302409304334 (9.310929298400879,1.8666927814483643) (0.6242839694023132,-0.3166535496711731) 0.5 0.3886372479808978 (8.081534385681152,3.6504156589508057) (0.6908705830574036,0.11268454045057297) 0.5 0.3352075359814132 (9.806236267089844,4.956151485443115) (0.6618016362190247,0.22807571291923523) 0.5 0.16924492874963115 (6.392035961151123,5.0) (0,0) 1e-07 0.29856475666139737 (6.392035961151123,1.0) (0,0) 1e-07 0.29856475666139737 
3.0 (7.082392692565918,2.953470468521118) (0.690356969833374,0.02652023732662201) 0.5 0.29856475666139737 (10.0,3.462477655960072) 3.0 0.038396372368930155 (8.75827693939209,0.7498949766159058) (0.6634907126426697,-0.2231144905090332) 0.5 0.08900302409304334 (9.935213088989258,1.550039291381836) (0.6242839694023132,-0.3166535496711731) 0.5 0.3886372479808978 (8.772404670715332,3.7631001472473145) (0.6908705830574036,0.11268454045057297) 0.5 0.3352075359814132 (10.468037605285645,5.184226989746094) (0.6618016362190247,0.22807572782039642) 0.5 0.16924492874963115 (7.0,5.0) (0,0) 1e-07 0.29856475666139737 (7.0,1.0) (0,0) 1e-07 0.29856475666139737 
4.0 (7.811319828033447,2.9895026683807373) (0.7289271950721741,0.03603215143084526) 0.5 0.29856475666139737 (10.0,3.462477655960072) 3.0 0.049391553034338696 (9.445479393005371,0.6166548728942871) (0.6872023940086365,-0.13324013352394104) 0.5 0.08900302409304334 (10.559496879577637,1.2333858013153076) (0.6242839694023132,-0.3166535496711731) 0.5 0.3886372479808978 (9.463274955749512,3.8757846355438232) (0.6908706426620483,0.11268456280231476) 0.5 0.3352075359814132 (11.129838943481445,5.4123029708862305) (0.6618015766143799,0.2280758172273636) 0.5 0.16924492874963115 (7.0,5.0) (0,0) 1e-07 0.29856475666139737 (7.0,1.0) (0,0) 1e-07 0.29856475666139737 
5.0 (8.562650680541992,3.028339147567749) (0.7513312101364136,0.038836557418107986) 0.5 0.29856475666139737 (10.0,3.462477655960072) 3.0 0.051644365674254955 (10.134785652160645,0.494765967130661) (0.6893061995506287,-0.1218889057636261) 0.5 0.08900302409304334 (11.149445533752441,1.032832384109497) (0.5899485945701599,-0.20055337250232697) 0.5 0.3886372479808978 (10.154145240783691,3.988469123840332) (0.6908705830574036,0.11268456280231476) 0.5 0.3352075359814132 (11.404889106750488,5.522614002227783) (0.2750503420829773,0.11031125485897064) 0.5 0.16924492874963115 (7.0,5.0) (0,0) 1e-07 0.29856475666139737 (7.0,1.0) (0,0) 1e-07 0.29856475666139737 
6.0 (9.380971908569336,3.0762932300567627) (0.8183208703994751,0.04795398935675621) 0.5 0.29856475666139737 (10.0,3.462477655960072) 3.0 0.058533531691006224 (10.298345565795898,0.5) (0.16356037557125092,0.005234032869338989) 0.5 0.08900302409304334 (11.568990707397461,1.256348967552185) (0.4195448160171509,0.2235165387392044) 0.5 0.3886372479808978 (10.501136779785156,4.208141326904297) (0.34699106216430664,0.21967214345932007) 0.5 0.3352075359814132 (11.400135040283203,5.557755947113037) (-0.004754200577735901,0.03514186292886734) 0.5 0.16924492874963115 (7.0,5.0) (0,0) 1e-07 0.29856475666139737 (7.0,1.0) (0,0) 1e-07 0.29856475666139737 
7.0 (10.352099418640137,3.167640447616577) (0.9711272120475769,0.0913471132516861) 0.5 0.29856475666139737 (10.0,3.462477655960072) 3.0 0.09378701888789406 (10.298345565795898,0.5) (4.613689839061408e-07,0.0) 0.5 0.08900302409304334 (11.672757148742676,1.4370763301849365) (0.10376636683940887,0.18072742223739624) 0.5 0.3886372479808978 (10.269963264465332,4.375020503997803) (-0.231173574924469,0.16687920689582825) 0.5 0.3352075359814132 (11.402552604675293,5.59150505065918) (0.002417601179331541,0.033748943358659744) 0.5 0.16924492874963115 (7.0,5.0) (0,0) 1e-07 0.29856475666139737 (7.0,1.0) (0,0) 1e-07 0.29856475666139737 
