[[(2, 2.1), (0, 2.1), (0, 1.8), (2, 1.8)], [(2, 0.3), (0, 0.3), (0, 0), (2, 0)]]
timestamp position0 velocity0 radius0 goal pref_speed theta position1 velocity1 radius1 position2 velocity2 radius2 position3 velocity3 radius3 position4 velocity4 radius4 position5 velocity5 radius5 position6 velocity6 radius6
0 (1.27095,1.09702) (0,0) 0.219791 (5.99563,1.71825) 1.83462 0 (2.39861,0.49424) (0,0) 0.174366 (2.22747,0.944489) (0,0) 0.200963 (2.29666,1.25447) (0,0) 0.134706 (2.31904,1.5888) (0,0) 0.175806 (1.27095,1.8) (0,0) 0.001 (1.27095,0.3) (0,0) 0.001
0.25 (1.28867,1.12118) (0.0708872,0.0966384) 0.219791 (5.99563,1.71825) 1.83462 0.937919 (2.49013,0.477079) (0.366073,-0.0686439) 0.174366 (2.21685,0.937609) (-0.0424707,-0.0275209) 0.200963 (2.35718,1.25104) (0.242091,-0.0137412) 0.134706 (2.41296,1.58933) (0.375694,0.00211914) 0.175806 (1.28867,1.8) (0,0) 0.001 (1.28867,0.3) (0,0) 0.001
0.5 (1.33183,1.14413) (0.172636,0.0918065) 0.219791 (5.99563,1.71825) 1.83462 0.488757 (2.58165,0.459916) (0.366071,-0.068653) 0.174366 (2.2429,0.931646) (0.104195,-0.0238532) 0.200963 (2.41567,1.22124) (0.233944,-0.119195) 0.134706 (2.50688,1.58986) (0.375694,0.00211612) 0.175806 (1.33183,1.8) (0,0) 0.001 (1.33183,0.3) (0,0) 0.001
0.75 (1.52174,1.2556) (0.759633,0.445906) 0.219791 (5.99563,1.71825) 1.83462 0.530807 (2.67316,0.442755) (0.366073,-0.0686412) 0.174366 (2.26895,0.925683) (0.104195,-0.0238533) 0.200963 (2.47415,1.19144) (0.233944,-0.119195) 0.134706 (2.60081,1.5904) (0.375694,0.00215302) 0.175806 (1.52174,1.8) (0,0) 0.001 (1.52174,0.3) (0,0) 0.001
1 (1.75416,1.3315) (0.929704,0.303565) 0.219791 (5.99563,1.71825) 1.83462 0.315604 (2.76468,0.42559) (0.36607,-0.0686603) 0.174366 (2.29521,0.920776) (0.105073,-0.0196285) 0.200963 (2.53219,1.16077) (0.232141,-0.12267) 0.134706 (2.69473,1.59093) (0.375694,0.00214118) 0.175806 (1.75416,1.8) (0,0) 0.001 (1.75416,0.3) (0,0) 0.001
1.25 (1.96105,1.40554) (0.827544,0.296166) 0.219791 (5.99563,1.71825) 1.83462 0.343682 (2.8562,0.408429) (0.366073,-0.0686439) 0.174366 (2.32193,0.921543) (0.106847,0.003069) 0.200963 (2.58812,1.12642) (0.223737,-0.1374) 0.134706 (2.78642,1.57055) (0.366747,-0.081529) 0.175806 (1.96105,1.8) (0,0) 0.001 (1.96105,0.3) (0,0) 0.001
1.5 (2.16646,1.47837) (0.82164,0.291326) 0.219791 (5.99563,1.71825) 1.83462 0.340737 (2.94772,0.391266) (0.366071,-0.068653) 0.174366 (2.34831,0.925767) (0.105547,0.0168975) 0.200963 (2.64305,1.09049) (0.219716,-0.143742) 0.134706 (2.8781,1.55017) (0.366747,-0.0815288) 0.175806 (2,1.8) (0,0) 0.001 (2,0.3) (0,0) 0.001
1.75 (2.3702,1.54984) (0.81498,0.285867) 0.219791 (5.99563,1.71825) 1.83462 0.337357 (3.03924,0.374101) (0.36607,-0.0686581) 0.174366 (2.37426,0.932148) (0.103799,0.0255215) 0.200963 (2.69436,1.04954) (0.205221,-0.163773) 0.134706 (2.96979,1.52979) (0.366747,-0.0815288) 0.175806 (2,1.8) (0,0) 0.001 (2,0.3) (0,0) 0.001
2 (2.57212,1.6198) (0.80765,0.27986) 0.219791 (5.99563,1.71825) 1.83462 0.333563 (3.13075,0.356937) (0.36607,-0.0686585) 0.174366 (2.40021,0.938527) (0.1038,0.0255188) 0.200963 (2.74387,1.00645) (0.198038,-0.17239) 0.134706 (3.06148,1.5094) (0.366747,-0.0815288) 0.175806 (2,1.8) (0,0) 0.001 (2,0.3) (0,0) 0.001
2.25 (2.77195,1.68806) (0.79933,0.273039) 0.219791 (5.99563,1.71825) 1.83462 0.329159 (3.22227,0.339775) (0.366072,-0.0686474) 0.174366 (2.42616,0.944909) (0.103798,0.0255254) 0.200963 (2.79338,0.963355) (0.198058,-0.172366) 0.134706 (3.15317,1.48902) (0.366747,-0.0815288) 0.175806 (2,1.8) (0,0) 0.001 (2,0.3) (0,0) 0.001
2.5 (2.96947,1.75442) (0.790065,0.265446) 0.219791 (5.99563,1.71825) 1.83462 0.32413 (3.31379,0.322614) (0.366072,-0.0686445) 0.174366 (2.45211,0.951289) (0.103799,0.0255222) 0.200963 (2.8429,0.920266) (0.198067,-0.172356) 0.134706 (3.24485,1.46864) (0.366747,-0.0815289) 0.175806 (2,1.8) (0,0) 0.001 (2,0.3) (0,0) 0.001
2.75 (3.16436,1.81864) (0.779581,0.256852) 0.219791 (5.99563,1.71825) 1.83462 0.318274 (3.40531,0.305453) (0.366073,-0.0686414) 0.174366 (2.47806,0.957671) (0.103798,0.0255255) 0.200963 (2.89241,0.877173) (0.198054,-0.172371) 0.134706 (3.33654,1.44826) (0.366747,-0.0815289) 0.175806 (2,1.8) (0,0) 0.001 (2,0.3) (0,0) 0.001
3 (3.40512,1.85866) (0.963055,0.160098) 0.219791 (5.99563,1.71825) 1.83462 0.164733 (3.49683,0.288298) (0.366077,-0.0686209) 0.174366 (2.50401,0.964052) (0.103798,0.0255246) 0.200963 (2.94193,0.83408) (0.198053,-0.172373) 0.134706 (3.43029,1.45389) (0.375024,0.0225369) 0.175806 (2,1.8) (0,0) 0.001 (2,0.3) (0,0) 0.001
3.25 (3.65838,1.86762) (1.01304,0.0358376) 0.219791 (5.99563,1.71825) 1.83462 0.0353617 (3.58835,0.271149) (0.366082,-0.0685951) 0.174366 (2.52996,0.970431) (0.1038,0.0255168) 0.200963 (2.99144,0.790991) (0.198067,-0.172357) 0.134706 (3.52405,1.45952) (0.375026,0.0225033) 0.175806 (2,1.8) (0,0) 0.001 (2,0.3) (0,0) 0.001
3.5 (3.90787,1.85168) (0.99796,-0.0637761) 0.219791 (5.99563,1.71825) 1.83462 -0.0638197 (3.67986,0.253985) (0.36607,-0.0686596) 0.174366 (2.55591,0.976812) (0.103799,0.0255228) 0.200963 (3.04095,0.747894) (0.198037,-0.17239) 0.134706 (3.61781,1.46515) (0.375024,0.0225381) 0.175806 (2,1.8) (0,0) 0.001 (2,0.3) (0,0) 0.001
3.75 (4.15737,1.83573) (0.99799,-0.0637976) 0.219791 (5.99563,1.71825) 1.83462 -0.0638392 (3.76182,0.238629) (0.327807,-0.0614207) 0.174366 (2.58186,0.98319) (0.103801,0.0255138) 0.200963 (3.09046,0.704799) (0.198047,-0.17238) 0.134706 (3.71156,1.47079) (0.375022,0.0225593) 0.175806 (2,1.8) (0,0) 0.001 (2,0.3) (0,0) 0.001
4 (4.40687,1.81977) (0.997989,-0.0638165) 0.219791 (5.99563,1.71825) 1.83462 -0.0638581 (3.8233,0.227099) (0.24592,-0.0461216) 0.174366 (2.60781,0.989573) (0.103797,0.0255317) 0.200963 (3.13998,0.661708) (0.198061,-0.172363) 0.134706 (3.80532,1.47642) (0.375026,0.0225055) 0.175806 (2,1.8) (0,0) 0.001 (2,0.3) (0,0) 0.001
4.25 (4.65635,1.80383) (0.997936,-0.0637644) 0.219791 (5.99563,1.71825) 1.83462 -0.0638096 (3.8694,0.218438) (0.184435,-0.0346424) 0.174366 (2.63376,0.995955) (0.103797,0.0255286) 0.200963 (3.18949,0.618615) (0.198053,-0.172373) 0.134706 (3.89908,1.48205) (0.375024,0.0225265) 0.175806 (2,1.8) (0,0) 0.001 (2,0.3) (0,0) 0.001
4.5 (4.90584,1.7879) (0.997929,-0.063717) 0.219791 (5.99563,1.71825) 1.83462 -0.0637627 (3.90427,0.212096) (0.13945,-0.0253714) 0.174366 (2.65971,1.00234) (0.103799,0.0255214) 0.200963 (3.239,0.575522) (0.198052,-0.172373) 0.134706 (3.99283,1.48768) (0.375025,0.0225197) 0.175806 (2,1.8) (0,0) 0.001 (2,0.3) (0,0) 0.001
4.75 (5.15534,1.77194) (0.998005,-0.0638438) 0.219791 (5.99563,1.71825) 1.83462 -0.0638844 (3.93091,0.207789) (0.106572,-0.0172247) 0.174366 (2.68566,1.00871) (0.1038,0.025518) 0.200963 (3.28852,0.532434) (0.198072,-0.172351) 0.134706 (4.08659,1.49332) (0.375022,0.0225641) 0.175806 (2,1.8) (0,0) 0.001 (2,0.3) (0,0) 0.001
5 (5.3654,1.75851) (0.84024,-0.0537315) 0.219791 (5.99563,1.71825) 1.83462 -0.0638609 (3.95229,0.205652) (0.0855259,-0.0085482) 0.174366 (2.71161,1.0151) (0.103798,0.0255247) 0.200963 (3.33804,0.489345) (0.198069,-0.172354) 0.134706 (4.18034,1.49895) (0.375025,0.0225078) 0.175806 (2,1.8) (0,0) 0.001 (2,0.3) (0,0) 0.001
5.25 (5.52298,1.74844) (0.630332,-0.040272) 0.219791 (5.99563,1.71825) 1.83462 -0.0638033 (3.97016,0.205512) (0.0714931,-0.000559524) 0.174366 (2.73756,1.02148) (0.103799,0.0255223) 0.200963 (3.38755,0.44625) (0.198045,-0.172381) 0.134706 (4.2741,1.50458) (0.375023,0.022547) 0.175806 (2,1.8) (0,0) 0.001 (2,0.3) (0,0) 0.001
5.5 (5.64116,1.74091) (0.472723,-0.0301214) 0.219791 (5.99563,1.71825) 1.83462 -0.0636328 (3.98564,0.207053) (0.0618992,0.00616408) 0.174366 (2.76351,1.02786) (0.103799,0.0255237) 0.200963 (3.43707,0.403158) (0.198056,-0.172369) 0.134706 (4.36786,1.51022) (0.375023,0.0225431) 0.175806 (2,1.8) (0,0) 0.001 (2,0.3) (0,0) 0.001
5.75 (5.7298,1.73525) (0.354558,-0.022627) 0.219791 (5.99563,1.71825) 1.83462 -0.063731 (3.99945,0.20995) (0.0552308,0.0115853) 0.174366 (2.78946,1.03424) (0.103798,0.025524) 0.200963 (3.48658,0.360063) (0.198045,-0.172382) 0.134706 (4.46161,1.51585) (0.375024,0.0225287) 0.175806 (2,1.8) (0,0) 0.001 (2,0.3) (0,0) 0.001
6 (5.79628,1.73102) (0.265899,-0.0169297) 0.219791 (5.99563,1.71825) 1.83462 -0.0635839 (4.01205,0.213935) (0.0504182,0.0159397) 0.174366 (2.81541,1.04062) (0.103799,0.0255234) 0.200963 (3.53609,0.316968) (0.198049,-0.172377) 0.134706 (4.55537,1.52149) (0.375023,0.0225461) 0.175806 (2,1.8) (0,0) 0.001 (2,0.3) (0,0) 0.001
6.25 (5.84612,1.72782) (0.199362,-0.0128168) 0.219791 (5.99563,1.71825) 1.83462 -0.064201 (4.02381,0.218742) (0.0470241,0.0192284) 0.174366 (2.84136,1.047) (0.1038,0.0255188) 0.200963 (3.5856,0.273875) (0.19805,-0.172375) 0.134706 (4.64912,1.52712) (0.375025,0.02251) 0.175806 (2,1.8) (0,0) 0.001 (2,0.3) (0,0) 0.001
6.5 (5.88347,1.72544) (0.149435,-0.00950941) 0.219791 (5.99563,1.71825) 1.83462 -0.0635501 (4.03494,0.224184) (0.0445418,0.021767) 0.174366 (2.86731,1.05338) (0.103799,0.0255227) 0.200963 (3.6351,0.230771) (0.198016,-0.172415) 0.134706 (4.74288,1.53275) (0.375023,0.0225499) 0.175806 (2,1.8) (0,0) 0.001 (2,0.3) (0,0) 0.001
6.75 (5.91151,1.72365) (0.112138,-0.00713958) 0.219791 (5.99563,1.71825) 1.83462 -0.0635818 (4.0456,0.230123) (0.0426279,0.0237584) 0.174366 (2.89326,1.05976) (0.103799,0.0255215) 0.200963 (3.68462,0.187677) (0.198049,-0.172377) 0.134706 (4.83664,1.53839) (0.375024,0.0225331) 0.175806 (2,1.8) (0,0) 0.001 (2,0.3) (0,0) 0.001
7 (5.93254,1.72232) (0.0841093,-0.00531444) 0.219791 (5.99563,1.71825) 1.83462 -0.063101 (4.05593,0.236416) (0.0413254,0.0251729) 0.174366 (2.91921,1.06614) (0.103799,0.0255233) 0.200963 (3.73412,0.144575) (0.198025,-0.172404) 0.134706 (4.93039,1.54401) (0.375025,0.0225084) 0.175806 (2,1.8) (0,0) 0.001 (2,0.3) (0,0) 0.001
7.25 (5.94831,1.72131) (0.0630766,-0.00407025) 0.219791 (5.99563,1.71825) 1.83462 -0.0644393 (4.06598,0.243007) (0.0402128,0.0263626) 0.174366 (2.94516,1.07252) (0.1038,0.025518) 0.200963 (3.77655,0.107659) (0.16972,-0.147666) 0.134706 (5.02415,1.54964) (0.375025,0.0225195) 0.175806 (2,1.8) (0,0) 0.001 (2,0.3) (0,0) 0.001
7.5 (5.96354,1.73374) (0.0609267,0.0497247) 0.219791 (5.99563,1.71825) 1.83462 0.684505 (4.07429,0.249405) (0.0332358,0.0255916) 0.174366 (2.97111,1.0789) (0.103799,0.0255218) 0.200963 (3.80837,0.0799694) (0.127264,-0.110758) 0.134706 (5.11776,1.542) (0.374454,-0.0305786) 0.175806 (2,1.8) (0,0) 0.001 (2,0.3) (0,0) 0.001
7.75 (5.97592,1.7469) (0.0495414,0.0526409) 0.219791 (5.99563,1.71825) 1.83462 0.815722 (4.07848,0.255246) (0.0167348,0.0233626) 0.174366 (2.99706,1.08528) (0.103799,0.0255204) 0.200963 (3.83225,0.0592077) (0.0955347,-0.0830468) 0.134706 (5.21137,1.53435) (0.374454,-0.0305786) 0.175806 (2,1.8) (0,0) 0.001 (2,0.3) (0,0) 0.001
