[[(2, 2.1), (0, 2.1), (0, 1.8), (2, 1.8)], [(2, 0.3), (0, 0.3), (0, 0), (2, 0)]]
timestamp position0 velocity0 radius0 goal pref_speed theta position1 velocity1 radius1 position2 velocity2 radius2 position3 velocity3 radius3 position4 velocity4 radius4 position5 velocity5 radius5 position6 velocity6 radius6
0 (1.20937,1.02639) (0,0) 0.208104 (5.99563,1.71825) 1.61999 0 (2.28751,0.449136) (0,0) 0.157915 (2.36725,0.895121) (0,0) 0.140011 (2.32847,1.1992) (0,0) 0.215584 (2.29461,1.63965) (0,0) 0.142229 (1.20937,1.8) (0,0) 0.001 (1.20937,0.3) (0,0) 0.001
0.25 (1.4568,1.05467) (0.989709,0.1131) 0.208104 (5.99563,1.71825) 1.61999 0.113783 (2.38516,0.434562) (0.390572,-0.0582975) 0.157915 (2.43636,0.879207) (0.276454,-0.0636582) 0.140011 (2.29845,1.20952) (-0.120085,0.0412848) 0.215584 (2.38809,1.64474) (0.373908,0.0203274) 0.142229 (1.4568,1.8) (0,0) 0.001 (1.4568,0.3) (0,0) 0.001
0.5 (1.60718,1.05941) (0.601518,0.0189735) 0.208104 (5.99563,1.71825) 1.61999 0.0315323 (2.4828,0.419996) (0.390577,-0.0582638) 0.157915 (2.5066,0.869356) (0.280939,-0.0394035) 0.140011 (2.34744,1.22826) (0.19593,0.07498) 0.215584 (2.4817,1.64383) (0.374443,-0.00360948) 0.142229 (1.60718,1.8) (0,0) 0.001 (1.60718,0.3) (0,0) 0.001
0.75 (1.73547,1.06013) (0.513169,0.00288535) 0.208104 (5.99563,1.71825) 1.61999 0.00562254 (2.58044,0.405428) (0.390575,-0.0582726) 0.157915 (2.57683,0.859505) (0.280939,-0.0394035) 0.140011 (2.40402,1.25661) (0.226321,0.113397) 0.215584 (2.57531,1.64293) (0.374443,-0.00360326) 0.142229 (1.73547,1.8) (0,0) 0.001 (1.73547,0.3) (0,0) 0.001
1 (1.86376,1.06085) (0.513169,0.00288536) 0.208104 (5.99563,1.71825) 1.61999 0.00562257 (2.67809,0.39086) (0.390576,-0.0582689) 0.157915 (2.64707,0.849654) (0.280939,-0.0394036) 0.140011 (2.4606,1.28496) (0.226321,0.113397) 0.215584 (2.66892,1.64202) (0.374443,-0.00364344) 0.142229 (1.86376,1.8) (0,0) 0.001 (1.86376,0.3) (0,0) 0.001
1.25 (1.99205,1.06158) (0.513169,0.00288536) 0.208104 (5.99563,1.71825) 1.61999 0.00562258 (2.77573,0.376298) (0.390579,-0.0582506) 0.157915 (2.7173,0.839803) (0.280939,-0.0394036) 0.140011 (2.51718,1.31331) (0.226321,0.113397) 0.215584 (2.76253,1.64112) (0.374443,-0.00359771) 0.142229 (1.99205,1.8) (0,0) 0.001 (1.99205,0.3) (0,0) 0.001
1.5 (2.12034,1.0623) (0.513169,0.00288538) 0.208104 (5.99563,1.71825) 1.61999 0.0056226 (2.87337,0.361724) (0.390572,-0.058295) 0.157915 (2.78754,0.829953) (0.280939,-0.0394036) 0.140011 (2.57376,1.34166) (0.226321,0.113397) 0.215584 (2.85614,1.64022) (0.374443,-0.00360463) 0.142229 (2,1.8) (0,0) 0.001 (2,0.3) (0,0) 0.001
1.75 (2.24864,1.06302) (0.513169,0.00288539) 0.208104 (5.99563,1.71825) 1.61999 0.00562262 (2.97102,0.34715) (0.390572,-0.0582966) 0.157915 (2.85777,0.820102) (0.280939,-0.0394036) 0.140011 (2.63034,1.37001) (0.226321,0.113397) 0.215584 (2.94975,1.63932) (0.374443,-0.0036003) 0.142229 (2,1.8) (0,0) 0.001 (2,0.3) (0,0) 0.001
2 (2.37693,1.06374) (0.513169,0.0028854) 0.208104 (5.99563,1.71825) 1.61999 0.00562264 (3.06866,0.332592) (0.390581,-0.0582331) 0.157915 (2.92801,0.810251) (0.280939,-0.0394036) 0.140011 (2.68692,1.39836) (0.226321,0.113397) 0.215584 (3.04336,1.63842) (0.374443,-0.00361937) 0.142229 (2,1.8) (0,0) 0.001 (2,0.3) (0,0) 0.001
2.25 (2.50522,1.06446) (0.51317,0.00288544) 0.208104 (5.99563,1.71825) 1.61999 0.00562272 (3.16631,0.318029) (0.390579,-0.0582498) 0.157915 (2.99824,0.8004) (0.280939,-0.0394036) 0.140011 (2.7435,1.42671) (0.226321,0.113397) 0.215584 (3.13697,1.63751) (0.374443,-0.00362168) 0.142229 (2,1.8) (0,0) 0.001 (2,0.3) (0,0) 0.001
2.5 (2.63351,1.06518) (0.51317,0.00288545) 0.208104 (5.99563,1.71825) 1.61999 0.00562274 (3.26395,0.303463) (0.390577,-0.058265) 0.157915 (3.06847,0.790549) (0.280939,-0.0394036) 0.140011 (2.80008,1.45506) (0.226321,0.113397) 0.215584 (3.23059,1.63661) (0.374443,-0.0036101) 0.142229 (2,1.8) (0,0) 0.001 (2,0.3) (0,0) 0.001
2.75 (2.76181,1.0659) (0.51317,0.0028856) 0.208104 (5.99563,1.71825) 1.61999 0.00562302 (3.3616,0.288898) (0.390578,-0.0582582) 0.157915 (3.13871,0.780698) (0.280939,-0.0394036) 0.140011 (2.85666,1.4834) (0.226321,0.113396) 0.215584 (3.3242,1.63571) (0.374443,-0.00358739) 0.142229 (2,1.8) (0,0) 0.001 (2,0.3) (0,0) 0.001
3 (2.93209,1.07427) (0.681128,0.0334704) 0.208104 (5.99563,1.71825) 1.61999 0.0491001 (3.45924,0.274333) (0.390577,-0.058263) 0.157915 (3.20894,0.770847) (0.280939,-0.0394035) 0.140011 (2.91761,1.50043) (0.243803,0.0681192) 0.215584 (3.41781,1.6348) (0.374443,-0.00362945) 0.142229 (2,1.8) (0,0) 0.001 (2,0.3) (0,0) 0.001
3.25 (3.17958,1.1065) (0.98998,0.128898) 0.208104 (5.99563,1.71825) 1.61999 0.129474 (3.55689,0.259774) (0.390581,-0.058235) 0.157915 (3.27918,0.760996) (0.280939,-0.0394036) 0.140011 (2.9807,1.50536) (0.252374,0.0196889) 0.215584 (3.51142,1.6339) (0.374443,-0.00360641) 0.142229 (2,1.8) (0,0) 0.001 (2,0.3) (0,0) 0.001
3.5 (3.42579,1.15523) (0.984823,0.194932) 0.208104 (5.99563,1.71825) 1.61999 0.19541 (3.65453,0.245222) (0.390585,-0.0582079) 0.157915 (3.34956,0.769742) (0.281523,0.0349838) 0.140011 (3.03001,1.48341) (0.197213,-0.087803) 0.215584 (3.60503,1.63299) (0.374443,-0.00364073) 0.142229 (2,1.8) (0,0) 0.001 (2,0.3) (0,0) 0.001
3.75 (3.66998,1.20872) (0.976758,0.213977) 0.208104 (5.99563,1.71825) 1.61999 0.215662 (3.74282,0.232053) (0.353147,-0.0526755) 0.157915 (3.41485,0.797426) (0.261183,0.110736) 0.140011 (3.06208,1.42885) (0.128292,-0.218223) 0.215584 (3.69864,1.63209) (0.374443,-0.00360918) 0.142229 (2,1.8) (0,0) 0.001 (2,0.3) (0,0) 0.001
4 (3.91418,1.26225) (0.976796,0.214094) 0.208104 (5.99563,1.71825) 1.61999 0.215768 (3.80904,0.222176) (0.264878,-0.0395079) 0.157915 (3.48015,0.825108) (0.261187,0.110727) 0.140011 (3.09415,1.37429) (0.128282,-0.218229) 0.215584 (3.79225,1.63119) (0.374443,-0.00360657) 0.142229 (2,1.8) (0,0) 0.001 (2,0.3) (0,0) 0.001
4.25 (4.15838,1.31575) (0.97681,0.213994) 0.208104 (5.99563,1.71825) 1.61999 0.215667 (3.85873,0.214766) (0.19877,-0.0296382) 0.157915 (3.54544,0.852797) (0.261175,0.110755) 0.140011 (3.12622,1.31974) (0.128297,-0.21822) 0.215584 (3.88586,1.63029) (0.374443,-0.00359049) 0.142229 (2,1.8) (0,0) 0.001 (2,0.3) (0,0) 0.001
4.5 (4.40257,1.36926) (0.976755,0.214063) 0.208104 (5.99563,1.71825) 1.61999 0.215746 (3.89597,0.209188) (0.148941,-0.0223119) 0.157915 (3.61074,0.88048) (0.261185,0.110731) 0.140011 (3.15829,1.26518) (0.128284,-0.218228) 0.215584 (3.97947,1.62939) (0.374443,-0.00359873) 0.142229 (2,1.8) (0,0) 0.001 (2,0.3) (0,0) 0.001
4.75 (4.64679,1.42277) (0.9769,0.214027) 0.208104 (5.99563,1.71825) 1.61999 0.21568 (3.9239,0.205014) (0.111731,-0.0166967) 0.157915 (3.67604,0.908167) (0.261177,0.110751) 0.140011 (3.19037,1.21062) (0.128285,-0.218227) 0.215584 (4.07308,1.62848) (0.374443,-0.00362999) 0.142229 (2,1.8) (0,0) 0.001 (2,0.3) (0,0) 0.001
5 (4.891,1.47627) (0.976824,0.21401) 0.208104 (5.99563,1.71825) 1.61999 0.21568 (3.94487,0.20188) (0.0838805,-0.0125388) 0.157915 (3.74133,0.935854) (0.261179,0.110745) 0.140011 (3.22244,1.15607) (0.128286,-0.218227) 0.215584 (4.16669,1.62758) (0.374443,-0.00362838) 0.142229 (2,1.8) (0,0) 0.001 (2,0.3) (0,0) 0.001
5.25 (5.13521,1.52977) (0.97684,0.213984) 0.208104 (5.99563,1.71825) 1.61999 0.215652 (3.96058,0.199533) (0.062827,-0.00938615) 0.157915 (3.80663,0.963538) (0.261182,0.110739) 0.140011 (3.25451,1.10151) (0.128292,-0.218223) 0.215584 (4.2603,1.62668) (0.374443,-0.00359464) 0.142229 (2,1.8) (0,0) 0.001 (2,0.3) (0,0) 0.001
5.5 (5.35032,1.57689) (0.860457,0.188493) 0.208104 (5.99563,1.71825) 1.61999 0.215654 (3.97237,0.197784) (0.0471942,-0.00699584) 0.157915 (3.87192,0.991221) (0.261185,0.110732) 0.140011 (3.28658,1.04695) (0.128283,-0.218228) 0.215584 (4.35391,1.62577) (0.374443,-0.00362489) 0.142229 (2,1.8) (0,0) 0.001 (2,0.3) (0,0) 0.001
5.75 (5.51165,1.61223) (0.645308,0.141357) 0.208104 (5.99563,1.71825) 1.61999 0.215647 (3.9812,0.196454) (0.0353035,-0.00532188) 0.157915 (3.93722,1.01891) (0.261177,0.110751) 0.140011 (3.31865,0.992397) (0.128278,-0.218231) 0.215584 (4.44753,1.62486) (0.374443,-0.00362468) 0.142229 (2,1.8) (0,0) 0.001 (2,0.3) (0,0) 0.001
6 (5.63265,1.63875) (0.483985,0.106079) 0.208104 (5.99563,1.71825) 1.61999 0.215766 (3.98782,0.195465) (0.0264664,-0.00395631) 0.157915 (4.00251,1.04659) (0.261181,0.110742) 0.140011 (3.35073,0.937843) (0.128303,-0.218217) 0.215584 (4.54114,1.62396) (0.374443,-0.00361977) 0.142229 (2,1.8) (0,0) 0.001 (2,0.3) (0,0) 0.001
6.25 (5.72338,1.65863) (0.36292,0.079541) 0.208104 (5.99563,1.71825) 1.61999 0.215758 (3.99775,0.19634) (0.0397307,0.00350265) 0.157915 (4.0678,1.07428) (0.261174,0.110757) 0.140011 (3.37947,0.881463) (0.114986,-0.225518) 0.215584 (4.63475,1.62306) (0.374443,-0.0036144) 0.142229 (2,1.8) (0,0) 0.001 (2,0.3) (0,0) 0.001
6.5 (5.79144,1.67354) (0.272232,0.0596405) 0.208104 (5.99563,1.71825) 1.61999 0.215672 (4.00751,0.19775) (0.0390289,0.00563855) 0.157915 (4.1331,1.10197) (0.261181,0.110741) 0.140011 (3.40822,0.825084) (0.114986,-0.225518) 0.215584 (4.72836,1.62216) (0.374443,-0.00360125) 0.142229 (2,1.8) (0,0) 0.001 (2,0.3) (0,0) 0.001
6.75 (5.84249,1.68473) (0.204208,0.044748) 0.208104 (5.99563,1.71825) 1.61999 0.21572 (4.01713,0.199562) (0.0385001,0.00724778) 0.157915 (4.19839,1.12966) (0.261175,0.110754) 0.140011 (3.43697,0.768705) (0.114986,-0.225518) 0.215584 (4.82197,1.62125) (0.374443,-0.00363627) 0.142229 (2,1.8) (0,0) 0.001 (2,0.3) (0,0) 0.001
7 (5.88077,1.69311) (0.153131,0.0335309) 0.208104 (5.99563,1.71825) 1.61999 0.215566 (4.02665,0.201695) (0.0380777,0.0085333) 0.157915 (4.26369,1.15734) (0.261186,0.11073) 0.140011 (3.46571,0.712325) (0.114986,-0.225518) 0.215584 (4.91558,1.62034) (0.374443,-0.00360784) 0.142229 (2,1.8) (0,0) 0.001 (2,0.3) (0,0) 0.001
7.25 (5.91193,1.70743) (0.124627,0.0572624) 0.208104 (5.99563,1.71825) 1.61999 0.430702 (4.03609,0.204068) (0.0377627,0.0094919) 0.157915 (4.32898,1.18503) (0.261178,0.110748) 0.140011 (3.49446,0.655946) (0.114986,-0.225518) 0.215584 (5.00908,1.61571) (0.374001,-0.0185406) 0.142229 (2,1.8) (0,0) 0.001 (2,0.3) (0,0) 0.001
7.5 (5.93695,1.72361) (0.10011,0.0647149) 0.208104 (5.99563,1.71825) 1.61999 0.573868 (4.04549,0.206578) (0.0375825,0.0100402) 0.157915 (4.39428,1.21271) (0.261183,0.110737) 0.140011 (3.52321,0.599566) (0.114986,-0.225518) 0.215584 (5.10258,1.61107) (0.374001,-0.0185406) 0.142229 (2,1.8) (0,0) 0.001 (2,0.3) (0,0) 0.001
7.75 (5.95738,1.74119) (0.0816919,0.0703135) 0.208104 (5.99563,1.71825) 1.61999 0.710682 (4.05483,0.209235) (0.0373897,0.0106268) 0.157915 (4.45957,1.2404) (0.261171,0.110764) 0.140011 (3.55195,0.543187) (0.114986,-0.225518) 0.215584 (5.19608,1.60644) (0.374001,-0.0185406) 0.142229 (2,1.8) (0,0) 0.001 (2,0.3) (0,0) 0.001
8 (5.97436,1.75981) (0.0679235,0.0744987) 0.208104 (5.99563,1.71825) 1.61999 0.831532 (4.06416,0.211973) (0.0372825,0.0109531) 0.157915 (4.52487,1.26809) (0.261171,0.110764) 0.140011 (3.5807,0.486807) (0.114986,-0.225518) 0.215584 (5.28958,1.6018) (0.374001,-0.0185406) 0.142229 (2,1.8) (0,0) 0.001 (2,0.3) (0,0) 0.001
8.25 (5.98873,1.77923) (0.0575018,0.0776667) 0.208104 (5.99563,1.71825) 1.61999 0.933489 (4.07345,0.21479) (0.0371789,0.0112681) 0.157915 (4.59016,1.29578) (0.261179,0.110745) 0.140011 (3.60945,0.430428) (0.114987,-0.225518) 0.215584 (5.38308,1.59717) (0.374001,-0.0185406) 0.142229 (2,1.8) (0,0) 0.001 (2,0.3) (0,0) 0.001
