[[(2, 2.1), (0, 2.1), (0, 1.8), (2, 1.8)], [(2, 0.3), (0, 0.3), (0, 0), (2, 0)]]
timestamp position0 velocity0 radius0 goal pref_speed theta position1 velocity1 radius1 position2 velocity2 radius2 position3 velocity3 radius3 position4 velocity4 radius4 position5 velocity5 radius5 position6 velocity6 radius6
0 (1.34135,0.953049) (0,0) 0.152618 (5.99563,1.71825) 1.52003 0 (2.31144,0.485755) (0,0) 0.121407 (2.27748,0.878747) (0,0) 0.125784 (2.21705,1.27286) (0,0) 0.167833 (2.27216,1.61507) (0,0) 0.217026 (1.34135,1.8) (0,0) 0.001 (1.34135,0.3) (0,0) 0.001
0.25 (1.35787,0.952407) (0.0660719,-0.00256681) 0.152618 (5.99563,1.71825) 1.52003 -0.0388292 (2.38708,0.472676) (0.302569,-0.0523143) 0.121407 (2.3759,0.889297) (0.393654,0.0422029) 0.125784 (2.19897,1.26192) (-0.0723353,-0.0437514) 0.167833 (2.30202,1.62963) (0.119473,0.058214) 0.217026 (1.35787,1.8) (0,0) 0.001 (1.35787,0.3) (0,0) 0.001
0.5 (1.38707,0.927418) (0.116833,-0.099958) 0.152618 (5.99563,1.71825) 1.52003 -0.707715 (2.46273,0.459601) (0.302571,-0.0523009) 0.121407 (2.47171,0.914144) (0.383232,0.0993882) 0.125784 (2.22144,1.22221) (0.0898875,-0.158817) 0.167833 (2.33525,1.62945) (0.132899,-0.000705827) 0.217026 (1.38707,1.8) (0,0) 0.001 (1.38707,0.3) (0,0) 0.001
0.75 (1.42572,0.963416) (0.154577,0.143993) 0.152618 (5.99563,1.71825) 1.52003 0.749964 (2.53837,0.446519) (0.302567,-0.0523286) 0.121407 (2.56751,0.938992) (0.383231,0.0993923) 0.125784 (2.26505,1.15329) (0.174439,-0.275685) 0.167833 (2.36847,1.62927) (0.132899,-0.000712356) 0.217026 (1.42572,1.8) (0,0) 0.001 (1.42572,0.3) (0,0) 0.001
1 (1.63282,1.0615) (0.82841,0.392318) 0.152618 (5.99563,1.71825) 1.52003 0.442288 (2.61401,0.433446) (0.302573,-0.0522912) 0.121407 (2.66332,0.963826) (0.383245,0.099335) 0.125784 (2.32434,1.09728) (0.237144,-0.224039) 0.167833 (2.4017,1.62909) (0.132899,-0.000717052) 0.217026 (1.63282,1.8) (0,0) 0.001 (1.63282,0.3) (0,0) 0.001
1.25 (1.85578,1.13547) (0.891835,0.29589) 0.152618 (5.99563,1.71825) 1.52003 0.320349 (2.68965,0.420369) (0.30257,-0.0523097) 0.121407 (2.75914,0.98866) (0.383245,0.0993356) 0.125784 (2.39126,1.05066) (0.267681,-0.186487) 0.167833 (2.42356,1.65411) (0.0874402,0.100084) 0.217026 (1.85578,1.8) (0,0) 0.001 (1.85578,0.3) (0,0) 0.001
1.5 (2.09255,1.19641) (0.947094,0.24376) 0.152618 (5.99563,1.71825) 1.52003 0.25191 (2.7653,0.407292) (0.30257,-0.0523069) 0.121407 (2.85494,1.0135) (0.383236,0.0993711) 0.125784 (2.45818,1.00404) (0.267685,-0.186482) 0.167833 (2.44542,1.67914) (0.0874401,0.100084) 0.217026 (2,1.8) (0,0) 0.001 (2,0.3) (0,0) 0.001
1.75 (2.33779,1.24942) (0.980927,0.212062) 0.152618 (5.99563,1.71825) 1.52003 0.212909 (2.84094,0.39421) (0.302567,-0.0523282) 0.121407 (2.95075,1.03835) (0.383234,0.099381) 0.125784 (2.5251,0.95742) (0.267683,-0.186485) 0.167833 (2.47504,1.69419) (0.118482,0.0602051) 0.217026 (2,1.8) (0,0) 0.001 (2,0.3) (0,0) 0.001
2 (2.58397,1.29688) (0.984746,0.189835) 0.152618 (5.99563,1.71825) 1.52003 0.19044 (2.91658,0.381132) (0.302569,-0.0523133) 0.121407 (3.04656,1.06318) (0.383243,0.0993455) 0.125784 (2.59202,0.910799) (0.267685,-0.186482) 0.167833 (2.50826,1.6934) (0.132863,-0.00315942) 0.217026 (2,1.8) (0,0) 0.001 (2,0.3) (0,0) 0.001
2.25 (2.83079,1.34058) (0.987281,0.174802) 0.152618 (5.99563,1.71825) 1.52003 0.175238 (2.99222,0.368055) (0.302571,-0.0523059) 0.121407 (3.14237,1.08802) (0.383241,0.0993514) 0.125784 (2.65894,0.864177) (0.26768,-0.186489) 0.167833 (2.54147,1.6926) (0.132863,-0.00316919) 0.217026 (2,1.8) (0,0) 0.001 (2,0.3) (0,0) 0.001
2.5 (3.07807,1.3814) (0.989105,0.163283) 0.152618 (5.99563,1.71825) 1.52003 0.163606 (3.06787,0.354983) (0.302574,-0.0522886) 0.121407 (3.23818,1.11286) (0.38324,0.0993563) 0.125784 (2.72586,0.817558) (0.26769,-0.186475) 0.167833 (2.57469,1.69181) (0.132863,-0.00316687) 0.217026 (2,1.8) (0,0) 0.001 (2,0.3) (0,0) 0.001
2.75 (3.32582,1.41921) (0.991004,0.151217) 0.152618 (5.99563,1.71825) 1.52003 0.151422 (3.14351,0.341907) (0.302571,-0.0523061) 0.121407 (3.33399,1.13771) (0.383235,0.0993774) 0.125784 (2.79278,0.770936) (0.267679,-0.186491) 0.167833 (2.6079,1.69102) (0.132863,-0.00316462) 0.217026 (2,1.8) (0,0) 0.001 (2,0.3) (0,0) 0.001
3 (3.57427,1.44703) (0.993796,0.11127) 0.152618 (5.99563,1.71825) 1.52003 0.1115 (3.21915,0.328827) (0.302569,-0.0523173) 0.121407 (3.4298,1.16255) (0.38324,0.0993569) 0.125784 (2.8597,0.724316) (0.267688,-0.186477) 0.167833 (2.64112,1.69023) (0.132863,-0.00316692) 0.217026 (2,1.8) (0,0) 0.001 (2,0.3) (0,0) 0.001
3.25 (3.82273,1.47486) (0.993831,0.111349) 0.152618 (5.99563,1.71825) 1.52003 0.111575 (3.29479,0.31575) (0.30257,-0.0523098) 0.121407 (3.52561,1.18739) (0.383235,0.0993768) 0.125784 (2.92662,0.677694) (0.267681,-0.186487) 0.167833 (2.67433,1.68944) (0.132863,-0.00316905) 0.217026 (2,1.8) (0,0) 0.001 (2,0.3) (0,0) 0.001
3.5 (4.07116,1.50269) (0.993733,0.111291) 0.152618 (5.99563,1.71825) 1.52003 0.111528 (3.37043,0.302669) (0.302567,-0.0523241) 0.121407 (3.62142,1.21223) (0.38324,0.0993557) 0.125784 (2.99354,0.631071) (0.267677,-0.186493) 0.167833 (2.70755,1.68865) (0.132863,-0.00316516) 0.217026 (2,1.8) (0,0) 0.001 (2,0.3) (0,0) 0.001
3.75 (4.31961,1.5305) (0.993808,0.111273) 0.152618 (5.99563,1.71825) 1.52003 0.111502 (3.44608,0.289591) (0.30257,-0.0523114) 0.121407 (3.71723,1.23707) (0.383237,0.0993677) 0.125784 (3.06046,0.584448) (0.267677,-0.186493) 0.167833 (2.74077,1.68785) (0.132863,-0.003167) 0.217026 (2,1.8) (0,0) 0.001 (2,0.3) (0,0) 0.001
4 (4.56806,1.55832) (0.993814,0.111249) 0.152618 (5.99563,1.71825) 1.52003 0.111477 (3.52172,0.27651) (0.302568,-0.0523218) 0.121407 (3.81304,1.26192) (0.383233,0.0993829) 0.125784 (3.12738,0.537826) (0.267683,-0.186486) 0.167833 (2.77398,1.68707) (0.132863,-0.00315697) 0.217026 (2,1.8) (0,0) 0.001 (2,0.3) (0,0) 0.001
4.25 (4.81649,1.58614) (0.993711,0.111283) 0.152618 (5.99563,1.71825) 1.52003 0.111522 (3.59736,0.263442) (0.302576,-0.0522755) 0.121407 (3.90885,1.28676) (0.383239,0.0993611) 0.125784 (3.1943,0.491201) (0.267672,-0.186501) 0.167833 (2.8072,1.68627) (0.132863,-0.003163) 0.217026 (2,1.8) (0,0) 0.001 (2,0.3) (0,0) 0.001
4.5 (5.06496,1.61398) (0.993866,0.111359) 0.152618 (5.99563,1.71825) 1.52003 0.111581 (3.67301,0.250368) (0.302572,-0.0522952) 0.121407 (4.00466,1.3116) (0.383237,0.0993698) 0.125784 (3.26122,0.444576) (0.267671,-0.186502) 0.167833 (2.84041,1.68548) (0.132863,-0.00316548) 0.217026 (2,1.8) (0,0) 0.001 (2,0.3) (0,0) 0.001
4.75 (5.29764,1.64003) (0.930726,0.104223) 0.152618 (5.99563,1.71825) 1.52003 0.111515 (3.74865,0.237303) (0.302579,-0.0522601) 0.121407 (4.10047,1.33644) (0.383239,0.099361) 0.125784 (3.32814,0.397949) (0.267667,-0.186508) 0.167833 (2.87363,1.68469) (0.132863,-0.00316115) 0.217026 (2,1.8) (0,0) 0.001 (2,0.3) (0,0) 0.001
5 (5.47214,1.65959) (0.697984,0.0782223) 0.152618 (5.99563,1.71825) 1.52003 0.111603 (3.81343,0.226085) (0.259131,-0.0448717) 0.121407 (4.19628,1.36128) (0.383239,0.0993584) 0.125784 (3.39506,0.35133) (0.267692,-0.186473) 0.167833 (2.90684,1.6839) (0.132863,-0.00316435) 0.217026 (2,1.8) (0,0) 0.001 (2,0.3) (0,0) 0.001
5.25 (5.60302,1.67425) (0.523516,0.0586433) 0.152618 (5.99563,1.71825) 1.52003 0.111553 (3.86529,0.219696) (0.207408,-0.0255543) 0.121407 (4.29209,1.38612) (0.38324,0.0993562) 0.125784 (3.46198,0.304716) (0.267701,-0.186459) 0.167833 (2.94006,1.68311) (0.132863,-0.00316731) 0.217026 (2,1.8) (0,0) 0.001 (2,0.3) (0,0) 0.001
5.5 (5.70118,1.68525) (0.392674,0.0440168) 0.152618 (5.99563,1.71825) 1.52003 0.111629 (3.90835,0.217829) (0.172267,-0.00747071) 0.121407 (4.3879,1.41096) (0.383239,0.0993604) 0.125784 (3.5289,0.258086) (0.26766,-0.186518) 0.167833 (2.97328,1.68232) (0.132863,-0.00316576) 0.217026 (2,1.8) (0,0) 0.001 (2,0.3) (0,0) 0.001
5.75 (5.7748,1.69349) (0.294447,0.0329609) 0.152618 (5.99563,1.71825) 1.52003 0.111478 (3.94521,0.219812) (0.147428,0.00793302) 0.121407 (4.48371,1.4358) (0.383234,0.099379) 0.125784 (3.59582,0.211468) (0.267691,-0.186474) 0.167833 (3.00649,1.68153) (0.132863,-0.00316211) 0.217026 (2,1.8) (0,0) 0.001 (2,0.3) (0,0) 0.001
6 (5.83002,1.6997) (0.220893,0.0248418) 0.152618 (5.99563,1.71825) 1.52003 0.11199 (3.97754,0.2249) (0.129327,0.0203517) 0.121407 (4.57952,1.46064) (0.383243,0.0993434) 0.125784 (3.66274,0.164851) (0.267695,-0.186468) 0.167833 (3.03971,1.68074) (0.132863,-0.00316481) 0.217026 (2,1.8) (0,0) 0.001 (2,0.3) (0,0) 0.001
6.25 (5.87142,1.70434) (0.165611,0.0185528) 0.152618 (5.99563,1.71825) 1.52003 0.111561 (4.00637,0.232443) (0.115317,0.0301746) 0.121407 (4.67533,1.48548) (0.383234,0.0993804) 0.125784 (3.72302,0.12286) (0.241107,-0.167963) 0.167833 (3.07292,1.67995) (0.132863,-0.00316275) 0.217026 (2,1.8) (0,0) 0.001 (2,0.3) (0,0) 0.001
6.5 (5.90247,1.70782) (0.12421,0.0139314) 0.152618 (5.99563,1.71825) 1.52003 0.111693 (4.02992,0.241204) (0.0941826,0.0350429) 0.121407 (4.77114,1.51031) (0.38325,0.0993196) 0.125784 (3.76823,0.0913841) (0.180828,-0.125904) 0.167833 (3.10614,1.67916) (0.132863,-0.00316309) 0.217026 (2,1.8) (0,0) 0.001 (2,0.3) (0,0) 0.001
6.75 (5.92577,1.71043) (0.0931745,0.0104254) 0.152618 (5.99563,1.71825) 1.52003 0.111427 (4.04389,0.249405) (0.0558868,0.0328042) 0.121407 (4.86695,1.53516) (0.383237,0.0993691) 0.125784 (3.80214,0.0677568) (0.135652,-0.0945091) 0.167833 (3.13935,1.67837) (0.132863,-0.00315814) 0.217026 (2,1.8) (0,0) 0.001 (2,0.3) (0,0) 0.001
7 (5.94325,1.71239) (0.0699366,0.00784588) 0.152618 (5.99563,1.71825) 1.52003 0.111718 (4.04942,0.255126) (0.0221388,0.0228841) 0.121407 (4.96276,1.56) (0.383238,0.0993647) 0.125784 (3.82758,0.0500425) (0.101767,-0.0708573) 0.167833 (3.17257,1.67758) (0.132863,-0.00315899) 0.217026 (2,1.8) (0,0) 0.001 (2,0.3) (0,0) 0.001
7.25 (5.95962,1.7069) (0.0654524,-0.0219748) 0.152618 (5.99563,1.71825) 1.52003 -0.323912 (4.04988,0.257969) (0.00183886,0.0113701) 0.121407 (5.05678,1.59093) (0.376081,0.123725) 0.125784 (3.84664,0.0367537) (0.0762416,-0.0531553) 0.167833 (3.20579,1.67679) (0.132863,-0.00315884) 0.217026 (2,1.8) (0,0) 0.001 (2,0.3) (0,0) 0.001
7.5 (5.97315,1.70008) (0.0541322,-0.0272846) 0.152618 (5.99563,1.71825) 1.52003 -0.466871 (4.048,0.258653) (-0.00752388,0.00273745) 0.121407 (5.1508,1.62186) (0.376081,0.123725) 0.125784 (3.86094,0.0267978) (0.0571791,-0.0398234) 0.167833 (3.239,1.676) (0.132863,-0.00315556) 0.217026 (2,1.8) (0,0) 0.001 (2,0.3) (0,0) 0.001
7.75 (5.98456,1.69226) (0.0456511,-0.0312627) 0.152618 (5.99563,1.71825) 1.52003 -0.600464 (4.04541,0.258128) (-0.0103703,-0.00209855) 0.121407 (5.24482,1.65279) (0.376081,0.123725) 0.125784 (3.87166,0.0193031) (0.0428976,-0.0299787) 0.167833 (3.27222,1.67521) (0.132863,-0.00316441) 0.217026 (2,1.8) (0,0) 0.001 (2,0.3) (0,0) 0.001
