[]
timestamp position0 velocity0 radius0 goal pref_speed theta position1 velocity1 radius1 position2 velocity2 radius2 position3 velocity3 radius3 position4 velocity4 radius4 position5 velocity5 radius5 position6 velocity6 radius6
0 (-1.76404,-1.97688) (0,0) 0.170024 (2.79844,2.7831) 1.93675 0 (-0.801049,-0.780106) (0,0) 0.180455 (2.84677,2.71038) (0,0) 0.192829 (3.53545,3.27093) (0,0) 0.157938 (-1.21197,-1.47626) (0,0) 0.158643
0.1 (-1.76565,-1.9689) (-0.0161132,0.0797843) 0.170024 (2.79844,2.7831) 1.93675 1.77007 (-0.786023,-0.76523) (0.150268,0.14876) 0.180455 (2.83856,2.7028) (-0.0820611,-0.0757309) 0.192829 (3.53452,3.26356) (-0.00931045,-0.0736612) 0.157938 (-1.19033,-1.48359) (0.216446,-0.0732685) 0.158643
0.2 (-1.75357,-1.94566) (0.120859,0.232386) 0.170024 (2.79844,2.7831) 1.93675 1.09121 (-0.770995,-0.750354) (0.150272,0.148757) 0.180455 (2.83036,2.69523) (-0.082068,-0.0757235) 0.192829 (3.52578,3.25271) (-0.0874222,-0.10853) 0.157938 (-1.16428,-1.47617) (0.260445,0.0741726) 0.158643
0.3 (-1.73746,-1.91026) (0.16105,0.354045) 0.170024 (2.79844,2.7831) 1.93675 1.14389 (-0.755968,-0.735479) (0.150273,0.148756) 0.180455 (2.82215,2.68766) (-0.0820706,-0.0757206) 0.192829 (3.51543,3.24338) (-0.103535,-0.0932838) 0.157938 (-1.14156,-1.46144) (0.227243,0.147288) 0.158643
0.4 (-1.7199,-1.84665) (0.1756,0.636016) 0.170024 (2.79844,2.7831) 1.93675 1.30141 (-0.740941,-0.720603) (0.150269,0.14876) 0.180455 (2.81394,2.68009) (-0.0820674,-0.0757242) 0.192829 (3.50507,3.23405) (-0.103533,-0.0932857) 0.157938 (-1.12195,-1.44277) (0.196116,0.18674) 0.158643
0.5 (-1.67904,-1.76005) (0.408652,0.866066) 0.170024 (2.79844,2.7831) 1.93675 1.12992 (-0.725915,-0.705727) (0.150267,0.148761) 0.180455 (2.80574,2.67251) (-0.0820601,-0.075732) 0.192829 (3.49472,3.22472) (-0.10353,-0.0932887) 0.157938 (-1.10344,-1.423) (0.185086,0.197677) 0.158643
0.6 (-1.63342,-1.67584) (0.456167,0.84203) 0.170024 (2.79844,2.7831) 1.93675 1.07431 (-0.710888,-0.69085) (0.150266,0.148763) 0.180455 (2.79753,2.66494) (-0.0820636,-0.0757283) 0.192829 (3.48436,3.2154) (-0.103542,-0.0932754) 0.157938 (-1.08493,-1.40323) (0.185093,0.197671) 0.158643
0.7 (-1.58532,-1.59297) (0.480978,0.828704) 0.170024 (2.79844,2.7831) 1.93675 1.04491 (-0.695861,-0.675974) (0.150271,0.148758) 0.180455 (2.78932,2.65737) (-0.08207,-0.0757213) 0.192829 (3.47401,3.20607) (-0.103537,-0.0932818) 0.157938 (-1.06642,-1.38347) (0.185098,0.197666) 0.158643
0.8 (-1.53593,-1.51086) (0.49389,0.821146) 0.170024 (2.79844,2.7831) 1.93675 1.0293 (-0.680832,-0.6611) (0.150286,0.148743) 0.180455 (2.78112,2.6498) (-0.0820685,-0.0757229) 0.192829 (3.46366,3.19674) (-0.103533,-0.0932858) 0.157938 (-1.04791,-1.3637) (0.185089,0.197675) 0.158643
0.9 (-1.48588,-1.42919) (0.500566,0.81672) 0.170024 (2.79844,2.7831) 1.93675 1.02095 (-0.665804,-0.646225) (0.15028,0.148748) 0.180455 (2.77291,2.64222) (-0.0820643,-0.0757274) 0.192829 (3.4533,3.18741) (-0.103538,-0.0932798) 0.157938 (-1.0294,-1.34393) (0.185085,0.197678) 0.158643
1 (-1.43549,-1.3478) (0.503852,0.81383) 0.170024 (2.79844,2.7831) 1.93675 1.01644 (-0.650777,-0.63135) (0.150272,0.148757) 0.180455 (2.7647,2.63465) (-0.0820684,-0.075723) 0.192829 (3.44295,3.17808) (-0.103532,-0.093287) 0.157938 (-1.01089,-1.32416) (0.1851,0.197664) 0.158643
1.1 (-1.38496,-1.26662) (0.505353,0.8118) 0.170024 (2.79844,2.7831) 1.93675 1.01399 (-0.63575,-0.616474) (0.150271,0.148757) 0.180455 (2.7565,2.62708) (-0.0820685,-0.0757229) 0.192829 (3.4326,3.16875) (-0.103532,-0.0932864) 0.157938 (-0.992383,-1.3044) (0.185105,0.19766) 0.158643
1.2 (-1.33436,-1.1856) (0.505931,0.810271) 0.170024 (2.79844,2.7831) 1.93675 1.01263 (-0.620722,-0.601599) (0.150283,0.148746) 0.180455 (2.74829,2.6195) (-0.0820617,-0.0757303) 0.192829 (3.42224,3.15943) (-0.103536,-0.093282) 0.157938 (-0.973874,-1.28463) (0.185088,0.197676) 0.158643
1.3 (-1.28377,-1.10472) (0.505921,0.80882) 0.170024 (2.79844,2.7831) 1.93675 1.01183 (-0.605694,-0.586724) (0.150273,0.148755) 0.180455 (2.74008,2.61193) (-0.0820679,-0.0757236) 0.192829 (3.41189,3.1501) (-0.10354,-0.0932779) 0.157938 (-0.955365,-1.26486) (0.185093,0.197671) 0.158643
1.4 (-1.2332,-1.02395) (0.505684,0.807611) 0.170024 (2.79844,2.7831) 1.93675 1.01137 (-0.590667,-0.571848) (0.150272,0.148757) 0.180455 (2.73188,2.60436) (-0.0820672,-0.0757243) 0.192829 (3.40154,3.14077) (-0.103535,-0.0932839) 0.157938 (-0.936854,-1.2451) (0.185108,0.197657) 0.158643
1.5 (-1.18268,-0.943324) (0.505205,0.806299) 0.170024 (2.79844,2.7831) 1.93675 1.01107 (-0.575639,-0.556973) (0.150278,0.148751) 0.180455 (2.72367,2.59679) (-0.0820653,-0.0757264) 0.192829 (3.39118,3.13144) (-0.103542,-0.0932761) 0.157938 (-0.918344,-1.22533) (0.185097,0.197667) 0.158643
1.6 (-1.13221,-0.862815) (0.504684,0.805088) 0.170024 (2.79844,2.7831) 1.93675 1.01086 (-0.560612,-0.542098) (0.150274,0.148755) 0.180455 (2.71546,2.58921) (-0.0820629,-0.0757289) 0.192829 (3.38083,3.12211) (-0.103533,-0.093286) 0.157938 (-0.899834,-1.20556) (0.185102,0.197663) 0.158643
1.7 (-1.0818,-0.782428) (0.504101,0.803876) 0.170024 (2.79844,2.7831) 1.93675 1.0107 (-0.545585,-0.527222) (0.150272,0.148756) 0.180455 (2.70726,2.58164) (-0.0820656,-0.0757261) 0.192829 (3.37048,3.11279) (-0.103536,-0.0932821) 0.157938 (-0.881325,-1.1858) (0.185086,0.197678) 0.158643
1.8 (-1.03146,-0.702173) (0.503423,0.802546) 0.170024 (2.79844,2.7831) 1.93675 1.01056 (-0.530559,-0.512345) (0.15026,0.148769) 0.180455 (2.69905,2.57407) (-0.0820671,-0.0757244) 0.192829 (3.36012,3.10346) (-0.103536,-0.0932829) 0.157938 (-0.862816,-1.16603) (0.185096,0.197668) 0.158643
1.9 (-0.981201,-0.622071) (0.50261,0.801019) 0.170024 (2.79844,2.7831) 1.93675 1.01043 (-0.515532,-0.497469) (0.150264,0.148765) 0.180455 (2.69084,2.5665) (-0.0820658,-0.0757258) 0.192829 (3.34977,3.09413) (-0.103544,-0.0932738) 0.157938 (-0.844306,-1.14626) (0.1851,0.197665) 0.158643
2 (-0.931015,-0.54211) (0.501863,0.799614) 0.170024 (2.79844,2.7831) 1.93675 1.01031 (-0.500505,-0.482593) (0.150274,0.148755) 0.180455 (2.68264,2.55892) (-0.0820726,-0.0757184) 0.192829 (3.33941,3.0848) (-0.103543,-0.0932746) 0.157938 (-0.825797,-1.1265) (0.185085,0.197678) 0.158643
2.1 (-0.880911,-0.462305) (0.501032,0.798046) 0.170024 (2.79844,2.7831) 1.93675 1.01017 (-0.485477,-0.467718) (0.150282,0.148747) 0.180455 (2.67443,2.55135) (-0.0820684,-0.075723) 0.192829 (3.32906,3.07547) (-0.103532,-0.0932868) 0.157938 (-0.807288,-1.10673) (0.185094,0.19767) 0.158643
2.2 (-0.830893,-0.382663) (0.500179,0.796427) 0.170024 (2.79844,2.7831) 1.93675 1.01002 (-0.47045,-0.452843) (0.150272,0.148756) 0.180455 (2.66622,2.54378) (-0.0820668,-0.0757247) 0.192829 (3.31871,3.06615) (-0.103535,-0.0932832) 0.157938 (-0.788779,-1.08696) (0.185093,0.197671) 0.158643
2.3 (-0.780964,-0.303184) (0.499297,0.794787) 0.170024 (2.79844,2.7831) 1.93675 1.00989 (-0.455423,-0.437967) (0.150269,0.14876) 0.180455 (2.65802,2.53621) (-0.0820621,-0.0757299) 0.192829 (3.30835,3.05682) (-0.103536,-0.093283) 0.157938 (-0.770268,-1.06719) (0.1851,0.197664) 0.158643
2.4 (-0.731132,-0.223886) (0.49832,0.792976) 0.170024 (2.79844,2.7831) 1.93675 1.00974 (-0.440395,-0.423092) (0.150282,0.148746) 0.180455 (2.64981,2.52863) (-0.0820666,-0.075725) 0.192829 (3.298,3.04749) (-0.103536,-0.0932824) 0.157938 (-0.751759,-1.04743) (0.185099,0.197665) 0.158643
2.5 (-0.671533,-0.144942) (0.595991,0.789447) 0.170024 (2.79844,2.7831) 1.93675 0.924136 (-0.425367,-0.408217) (0.150275,0.148753) 0.180455 (2.6416,2.52106) (-0.0820685,-0.075723) 0.192829 (3.28765,3.03816) (-0.103538,-0.0932803) 0.157938 (-0.733249,-1.02766) (0.185095,0.197669) 0.158643
2.6 (-0.604949,-0.0701583) (0.66584,0.747835) 0.170024 (2.79844,2.7831) 1.93675 0.843334 (-0.41034,-0.393342) (0.150276,0.148753) 0.180455 (2.6334,2.51349) (-0.0820611,-0.0757309) 0.192829 (3.27729,3.02883) (-0.103535,-0.0932832) 0.157938 (-0.71474,-1.00789) (0.185089,0.197674) 0.158643
2.7 (-0.535585,0.00171616) (0.693633,0.718744) 0.170024 (2.79844,2.7831) 1.93675 0.803176 (-0.395312,-0.378466) (0.150273,0.148755) 0.180455 (2.62519,2.50592) (-0.0820674,-0.0757241) 0.192829 (3.26694,3.0195) (-0.103538,-0.09328) 0.157938 (-0.696231,-0.988126) (0.185088,0.197676) 0.158643
2.8 (-0.464797,0.0720931) (0.707878,0.70377) 0.170024 (2.79844,2.7831) 1.93675 0.782488 (-0.380286,-0.363589) (0.150263,0.148766) 0.180455 (2.61698,2.49834) (-0.082072,-0.0757192) 0.192829 (3.25658,3.01018) (-0.103535,-0.0932838) 0.157938 (-0.677722,-0.968359) (0.185088,0.197675) 0.158643
2.9 (-0.393286,0.141692) (0.715111,0.695988) 0.170024 (2.79844,2.7831) 1.93675 0.771847 (-0.365258,-0.348715) (0.15028,0.148748) 0.180455 (2.60878,2.49077) (-0.0820696,-0.0757217) 0.192829 (3.24623,3.00085) (-0.103538,-0.0932808) 0.157938 (-0.659212,-0.948593) (0.185109,0.197656) 0.158643
3 (-0.32141,0.210884) (0.718767,0.691918) 0.170024 (2.79844,2.7831) 1.93675 0.766367 (-0.350231,-0.333839) (0.15027,0.148758) 0.180455 (2.60057,2.4832) (-0.0820677,-0.0757238) 0.192829 (3.23588,2.99152) (-0.103535,-0.093284) 0.157938 (-0.640701,-0.928827) (0.1851,0.197664) 0.158643
3.1 (-0.249347,0.279863) (0.720627,0.689797) 0.170024 (2.79844,2.7831) 1.93675 0.763543 (-0.335205,-0.318962) (0.150261,0.148768) 0.180455 (2.59236,2.47563) (-0.0820656,-0.075726) 0.192829 (3.22552,2.98219) (-0.103535,-0.0932831) 0.157938 (-0.622192,-0.909059) (0.185091,0.197673) 0.158643
3.2 (-0.177196,0.348727) (0.721514,0.688633) 0.170024 (2.79844,2.7831) 1.93675 0.762085 (-0.320178,-0.304086) (0.150269,0.14876) 0.180455 (2.58416,2.46806) (-0.0820721,-0.075719) 0.192829 (3.21517,2.97286) (-0.103541,-0.0932771) 0.157938 (-0.603684,-0.889292) (0.185087,0.197676) 0.158643
3.3 (-0.105005,0.417524) (0.721906,0.687978) 0.170024 (2.79844,2.7831) 1.93675 0.761338 (-0.30515,-0.289211) (0.150284,0.148745) 0.180455 (2.57595,2.46048) (-0.0820696,-0.0757218) 0.192829 (3.20482,2.96354) (-0.103536,-0.0932826) 0.157938 (-0.585174,-0.869525) (0.185093,0.197671) 0.158643
3.4 (-0.0327905,0.486292) (0.722144,0.687671) 0.170024 (2.79844,2.7831) 1.93675 0.76095 (-0.290122,-0.274336) (0.150272,0.148756) 0.180455 (2.56774,2.45291) (-0.0820622,-0.0757298) 0.192829 (3.19446,2.95421) (-0.103532,-0.093287) 0.157938 (-0.566664,-0.849759) (0.185104,0.197661) 0.158643
3.5 (0.039426,0.555032) (0.722165,0.687406) 0.170024 (2.79844,2.7831) 1.93675 0.760744 (-0.275095,-0.259461) (0.150277,0.148752) 0.180455 (2.55954,2.44534) (-0.0820668,-0.0757247) 0.192829 (3.18411,2.94488) (-0.103539,-0.093279) 0.157938 (-0.548155,-0.829991) (0.185087,0.197677) 0.158643
3.6 (0.111642,0.623759) (0.722165,0.687265) 0.170024 (2.79844,2.7831) 1.93675 0.760641 (-0.260068,-0.244584) (0.150264,0.148765) 0.180455 (2.55133,2.43777) (-0.082061,-0.0757311) 0.192829 (3.17376,2.93555) (-0.103536,-0.0932825) 0.157938 (-0.529645,-0.810225) (0.185102,0.197662) 0.158643
3.7 (0.183838,0.692457) (0.721956,0.686987) 0.170024 (2.79844,2.7831) 1.93675 0.760584 (-0.245102,-0.229647) (0.149664,0.149369) 0.180455 (2.54312,2.43019) (-0.0820669,-0.0757246) 0.192829 (3.1634,2.92622) (-0.103526,-0.0932934) 0.157938 (-0.511069,-0.790521) (0.185765,0.19704) 0.158643
3.8 (0.256023,0.761142) (0.721849,0.68685) 0.170024 (2.79844,2.7831) 1.93675 0.760558 (-0.230213,-0.214634) (0.148893,0.150137) 0.180455 (2.53492,2.42262) (-0.0820704,-0.0757208) 0.192829 (3.15305,2.91689) (-0.10353,-0.0932886) 0.157938 (-0.492409,-0.770895) (0.186592,0.196257) 0.158643
3.9 (0.328195,0.829814) (0.721723,0.686716) 0.170024 (2.79844,2.7831) 1.93675 0.760548 (-0.215393,-0.199551) (0.148192,0.150829) 0.180455 (2.52671,2.41505) (-0.082069,-0.0757223) 0.192829 (3.1427,2.90756) (-0.103531,-0.093288) 0.157938 (-0.473677,-0.751339) (0.187324,0.195558) 0.158643
4 (0.400351,0.898469) (0.721557,0.686549) 0.170024 (2.79844,2.7831) 1.93675 0.760542 (-0.200639,-0.184404) (0.147541,0.151465) 0.180455 (2.5185,2.40748) (-0.0820731,-0.075718) 0.192829 (3.13234,2.89823) (-0.103533,-0.0932862) 0.157938 (-0.454878,-0.731847) (0.187989,0.194918) 0.158643
4.1 (0.472487,0.967105) (0.721362,0.686364) 0.170024 (2.79844,2.7831) 1.93675 0.760542 (-0.185945,-0.169199) (0.146937,0.152052) 0.180455 (2.5103,2.3999) (-0.0820631,-0.0757288) 0.192829 (3.12199,2.88891) (-0.103533,-0.0932856) 0.157938 (-0.436018,-0.712414) (0.188596,0.194332) 0.158643
4.2 (0.544596,1.03571) (0.721091,0.686096) 0.170024 (2.79844,2.7831) 1.93675 0.760534 (-0.171308,-0.15394) (0.146375,0.152592) 0.180455 (2.50209,2.39233) (-0.0820684,-0.075723) 0.192829 (3.11164,2.87958) (-0.103536,-0.0932826) 0.157938 (-0.417103,-0.693035) (0.189151,0.193792) 0.158643
4.3 (0.616685,1.1043) (0.720888,0.685903) 0.170024 (2.79844,2.7831) 1.93675 0.760535 (-0.156723,-0.138631) (0.145853,0.153092) 0.180455 (2.49388,2.38476) (-0.0820607,-0.0757314) 0.192829 (3.10128,2.87025) (-0.103537,-0.0932816) 0.157938 (-0.398137,-0.673706) (0.18966,0.193294) 0.158643
4.4 (0.688749,1.17287) (0.720641,0.685661) 0.170024 (2.79844,2.7831) 1.93675 0.760529 (-0.142186,-0.123275) (0.145367,0.153554) 0.180455 (2.48568,2.37719) (-0.0820624,-0.0757295) 0.192829 (3.09093,2.86092) (-0.103528,-0.0932913) 0.157938 (-0.379125,-0.654422) (0.190128,0.192833) 0.158643
4.5 (0.760786,1.24141) (0.720369,0.6854) 0.170024 (2.79844,2.7831) 1.93675 0.760528 (-0.127695,-0.107877) (0.144914,0.153981) 0.180455 (2.47747,2.36961) (-0.0820636,-0.0757282) 0.192829 (3.08058,2.85159) (-0.103535,-0.093284) 0.157938 (-0.360069,-0.635182) (0.190559,0.192407) 0.158643
4.6 (0.832779,1.30991) (0.719925,0.684979) 0.170024 (2.79844,2.7831) 1.93675 0.760529 (-0.113245,-0.0924397) (0.144493,0.154376) 0.180455 (2.46926,2.36204) (-0.0820637,-0.0757281) 0.192829 (3.07022,2.84226) (-0.103534,-0.0932849) 0.157938 (-0.340973,-0.61598) (0.190957,0.192012) 0.158643
4.7 (0.904739,1.37838) (0.719603,0.684674) 0.170024 (2.79844,2.7831) 1.93675 0.76053 (-0.098835,-0.0769655) (0.144102,0.154741) 0.180455 (2.46106,2.35447) (-0.0820637,-0.0757281) 0.192829 (3.05987,2.83294) (-0.103536,-0.0932828) 0.157938 (-0.321841,-0.596816) (0.191324,0.191646) 0.158643
4.8 (0.976652,1.4468) (0.719136,0.684231) 0.170024 (2.79844,2.7831) 1.93675 0.760531 (-0.0844611,-0.0614576) (0.143738,0.155079) 0.180455 (2.45285,2.34689) (-0.0820637,-0.0757282) 0.192829 (3.04952,2.82361) (-0.103539,-0.093279) 0.157938 (-0.302674,-0.577685) (0.191663,0.191308) 0.158643
4.9 (1.04852,1.51518) (0.718711,0.683828) 0.170024 (2.79844,2.7831) 1.93675 0.760532 (-0.070121,-0.0459185) (0.143401,0.155391) 0.180455 (2.44465,2.33932) (-0.0820637,-0.0757281) 0.192829 (3.03916,2.81428) (-0.103528,-0.0932912) 0.157938 (-0.283477,-0.558586) (0.191976,0.190994) 0.158643
5 (1.12034,1.58351) (0.718157,0.683302) 0.170024 (2.79844,2.7831) 1.93675 0.760533 (-0.0558123,-0.0303506) (0.143088,0.155679) 0.180455 (2.43644,2.33175) (-0.0820622,-0.0757298) 0.192829 (3.02881,2.80495) (-0.103528,-0.0932915) 0.157938 (-0.26425,-0.539515) (0.192264,0.190704) 0.158643
5.1 (1.19209,1.65178) (0.717547,0.682722) 0.170024 (2.79844,2.7831) 1.93675 0.760533 (-0.0415324,-0.0147561) (0.142798,0.155945) 0.180455 (2.42823,2.32418) (-0.082063,-0.0757289) 0.192829 (3.01846,2.79562) (-0.103532,-0.0932873) 0.157938 (-0.244997,-0.520472) (0.19253,0.190435) 0.158643
5.2 (1.26378,1.71999) (0.716813,0.682026) 0.170024 (2.79844,2.7831) 1.93675 0.760535 (-0.0272793,0.000862855) (0.142531,0.15619) 0.180455 (2.42003,2.3166) (-0.082063,-0.0757289) 0.192829 (3.0081,2.78629) (-0.103539,-0.0932795) 0.157938 (-0.22572,-0.501453) (0.192774,0.190187) 0.158643
5.3 (1.33537,1.78811) (0.715981,0.681237) 0.170024 (2.79844,2.7831) 1.93675 0.760536 (-0.0130509,0.0165043) (0.142284,0.156414) 0.180455 (2.41182,2.30903) (-0.0820625,-0.0757294) 0.192829 (2.99775,2.77696) (-0.103537,-0.0932813) 0.157938 (-0.20642,-0.482457) (0.192999,0.189959) 0.158643
5.4 (1.40687,1.85614) (0.714989,0.680295) 0.170024 (2.79844,2.7831) 1.93675 0.760538 (0.0011548,0.0321663) (0.142057,0.15662) 0.180455 (2.40361,2.30146) (-0.0820627,-0.0757292) 0.192829 (2.9874,2.76764) (-0.103532,-0.0932871) 0.157938 (-0.187099,-0.463482) (0.193206,0.189749) 0.158643
5.5 (1.47826,1.92407) (0.713894,0.679256) 0.170024 (2.79844,2.7831) 1.93675 0.760541 (0.0153397,0.0478472) (0.141849,0.156809) 0.180455 (2.39541,2.29388) (-0.0820627,-0.0757292) 0.192829 (2.97704,2.75831) (-0.103535,-0.0932834) 0.157938 (-0.16776,-0.444526) (0.193394,0.189557) 0.158643
5.6 (1.54951,1.99186) (0.712478,0.677914) 0.170024 (2.79844,2.7831) 1.93675 0.760544 (0.0295056,0.0635453) (0.141659,0.156981) 0.180455 (2.3872,2.28631) (-0.0820627,-0.0757292) 0.192829 (2.96669,2.74898) (-0.10354,-0.0932785) 0.157938 (-0.148403,-0.425588) (0.193567,0.189381) 0.158643
5.7 (1.62059,2.05949) (0.710822,0.676343) 0.170024 (2.79844,2.7831) 1.93675 0.760547 (0.0436542,0.079259) (0.141486,0.157137) 0.180455 (2.379,2.27874) (-0.0820626,-0.0757293) 0.192829 (2.95634,2.73965) (-0.103532,-0.0932866) 0.157938 (-0.129031,-0.406666) (0.193723,0.189221) 0.158643
5.8 (1.69148,2.12694) (0.708838,0.674461) 0.170024 (2.79844,2.7831) 1.93675 0.760552 (0.057787,0.0949868) (0.141329,0.157278) 0.180455 (2.37079,2.27116) (-0.0820626,-0.0757293) 0.192829 (2.94598,2.73032) (-0.103533,-0.0932855) 0.157938 (-0.109644,-0.387759) (0.193865,0.189075) 0.158643
5.9 (1.76211,2.19415) (0.706377,0.672127) 0.170024 (2.79844,2.7831) 1.93675 0.760557 (0.0719057,0.110727) (0.141187,0.157405) 0.180455 (2.36258,2.26359) (-0.0820625,-0.0757295) 0.192829 (2.93563,2.72099) (-0.103541,-0.0932775) 0.157938 (-0.0902452,-0.368864) (0.193993,0.188944) 0.158643
6 (1.83244,2.26107) (0.70327,0.66918) 0.170024 (2.79844,2.7831) 1.93675 0.760565 (0.0860118,0.126479) (0.14106,0.157519) 0.180455 (2.35438,2.25602) (-0.0820624,-0.0757295) 0.192829 (2.92527,2.71167) (-0.103533,-0.0932857) 0.157938 (-0.0708344,-0.349982) (0.194107,0.188827) 0.158643
6.1 (1.90238,2.32762) (0.699431,0.665539) 0.170024 (2.79844,2.7831) 1.93675 0.760573 (0.100107,0.142241) (0.140948,0.15762) 0.180455 (2.34617,2.24845) (-0.0820608,-0.0757313) 0.192829 (2.91492,2.70234) (-0.103544,-0.0932739) 0.157938 (-0.0514135,-0.331109) (0.194209,0.188722) 0.158643
6.2 (1.97183,2.3937) (0.694423,0.660787) 0.170024 (2.79844,2.7831) 1.93675 0.760583 (0.114191,0.158012) (0.140849,0.157708) 0.180455 (2.33796,2.24087) (-0.0820618,-0.0757301) 0.192829 (2.90457,2.69301) (-0.103536,-0.093283) 0.157938 (-0.0319837,-0.312246) (0.194298,0.18863) 0.158643
6.3 (2.03467,2.45352) (0.62847,0.598228) 0.170024 (2.79844,2.7831) 1.93675 0.76075 (0.128268,0.17379) (0.140763,0.157785) 0.180455 (2.32976,2.2333) (-0.0820621,-0.0757298) 0.192829 (2.89421,2.68368) (-0.10354,-0.0932786) 0.157938 (-0.0125461,-0.293391) (0.194376,0.18855) 0.158643
6.4 (2.09123,2.50738) (0.56561,0.538603) 0.170024 (2.79844,2.7831) 1.93675 0.760945 (0.142337,0.189576) (0.140689,0.157851) 0.180455 (2.32155,2.22573) (-0.0820622,-0.0757297) 0.192829 (2.88386,2.67435) (-0.103531,-0.0932877) 0.157938 (0.00689821,-0.274543) (0.194443,0.188481) 0.158643
6.5 (2.1482,2.55405) (0.56965,0.466686) 0.170024 (2.79844,2.7831) 1.93675 0.686369 (0.156399,0.205366) (0.140627,0.157906) 0.180455 (2.31335,2.21815) (-0.0820684,-0.075723) 0.192829 (2.87351,2.66503) (-0.103536,-0.0932829) 0.157938 (0.0263481,-0.255701) (0.194499,0.188423) 0.158643
6.6 (2.20133,2.5938) (0.531268,0.397442) 0.170024 (2.79844,2.7831) 1.93675 0.642284 (0.170457,0.221161) (0.140576,0.157951) 0.180455 (2.30514,2.21058) (-0.0820614,-0.0757306) 0.192829 (2.86315,2.6557) (-0.103534,-0.0932845) 0.157938 (0.0458026,-0.236863) (0.194545,0.188376) 0.158643
6.7 (2.25023,2.62821) (0.489041,0.344091) 0.170024 (2.79844,2.7831) 1.93675 0.61314 (0.18451,0.23696) (0.140536,0.157987) 0.180455 (2.29693,2.20301) (-0.0820684,-0.0757231) 0.192829 (2.8528,2.64637) (-0.103535,-0.0932831) 0.157938 (0.0652606,-0.218029) (0.194581,0.188339) 0.158643
6.8 (2.29492,2.65833) (0.446889,0.301275) 0.170024 (2.79844,2.7831) 1.93675 0.593173 (0.198561,0.252761) (0.140507,0.158013) 0.180455 (2.28873,2.19544) (-0.0820622,-0.0757298) 0.192829 (2.84245,2.63704) (-0.103537,-0.093281) 0.157938 (0.0847214,-0.199198) (0.194607,0.188311) 0.158643
6.9 (2.33557,2.6849) (0.406519,0.26563) 0.170024 (2.79844,2.7831) 1.93675 0.57878 (0.21261,0.268564) (0.140487,0.15803) 0.180455 (2.28052,2.18786) (-0.0820649,-0.0757269) 0.192829 (2.83209,2.62771) (-0.103541,-0.0932766) 0.157938 (0.104184,-0.180369) (0.194625,0.188293) 0.158643
7 (2.37246,2.70842) (0.36887,0.235242) 0.170024 (2.79844,2.7831) 1.93675 0.567706 (0.226658,0.284368) (0.140478,0.158039) 0.180455 (2.27231,2.18029) (-0.0820662,-0.0757255) 0.192829 (2.82174,2.61838) (-0.103528,-0.0932911) 0.157938 (0.123647,-0.161541) (0.194634,0.188284) 0.158643
