[]
timestamp position0 velocity0 radius0 goal pref_speed theta position1 velocity1 radius1 position2 velocity2 radius2 position3 velocity3 radius3 position4 velocity4 radius4 position5 velocity5 radius5 position6 velocity6 radius6
0 (-1.94442,-1.69777) (0,0) 0.202398 (2.79844,2.7831) 1.62663 0 (-0.906789,-0.624641) (0,0) 0.183087 (2.54365,2.53092) (0,0) 0.163958 (3.1237,3.19097) (0,0) 0.165205 (-1.31323,-1.08591) (0,0) 0.148059
0.1 (-1.93973,-1.69501) (0.0468853,0.0275818) 0.202398 (2.79844,2.7831) 1.62663 0.531759 (-0.892748,-0.611727) (0.140414,0.12914) 0.183087 (2.53086,2.51882) (-0.127904,-0.120956) 0.163958 (3.11413,3.19207) (-0.0957172,0.0109556) 0.165205 (-1.30474,-1.08962) (0.0849217,-0.0370227) 0.148059
0.2 (-1.93956,-1.66295) (0.00174731,0.320622) 0.202398 (2.79844,2.7831) 1.62663 1.56535 (-0.878707,-0.598813) (0.14041,0.129145) 0.183087 (2.51807,2.50672) (-0.127898,-0.120963) 0.163958 (3.10385,3.18206) (-0.102777,-0.100036) 0.165205 (-1.28876,-1.08428) (0.159717,0.0533366) 0.148059
0.3 (-1.92763,-1.59823) (0.119318,0.647211) 0.202398 (2.79844,2.7831) 1.62663 1.38849 (-0.864666,-0.585898) (0.140407,0.129147) 0.183087 (2.50528,2.49463) (-0.127902,-0.120958) 0.163958 (3.09358,3.17206) (-0.102774,-0.100039) 0.165205 (-1.27659,-1.07265) (0.121747,0.116327) 0.148059
0.4 (-1.89167,-1.51175) (0.359534,0.86484) 0.202398 (2.79844,2.7831) 1.62663 1.17681 (-0.850626,-0.572983) (0.140408,0.129147) 0.183087 (2.49249,2.48253) (-0.127898,-0.120963) 0.163958 (3.0833,3.16206) (-0.102784,-0.100029) 0.165205 (-1.26441,-1.06102) (0.12176,0.116313) 0.148059
0.5 (-1.84961,-1.42784) (0.420629,0.839024) 0.202398 (2.79844,2.7831) 1.62663 1.10608 (-0.836583,-0.560071) (0.140424,0.129129) 0.183087 (2.4797,2.47044) (-0.127897,-0.120964) 0.163958 (3.07302,3.15205) (-0.102777,-0.100036) 0.165205 (-1.25224,-1.04938) (0.121746,0.116328) 0.148059
0.6 (-1.80416,-1.34551) (0.454498,0.823362) 0.202398 (2.79844,2.7831) 1.62663 1.06642 (-0.822542,-0.547156) (0.14041,0.129144) 0.183087 (2.46691,2.45834) (-0.127897,-0.120963) 0.163958 (3.06274,3.14205) (-0.10278,-0.100033) 0.165205 (-1.24006,-1.03775) (0.121751,0.116323) 0.148059
0.7 (-1.7568,-1.26413) (0.473565,0.813762) 0.202398 (2.79844,2.7831) 1.62663 1.04376 (-0.8085,-0.534243) (0.140423,0.12913) 0.183087 (2.45412,2.44624) (-0.127903,-0.120957) 0.163958 (3.05246,3.13205) (-0.102775,-0.100038) 0.165205 (-1.22789,-1.02612) (0.121742,0.116332) 0.148059
0.8 (-1.70836,-1.18337) (0.484433,0.807648) 0.202398 (2.79844,2.7831) 1.62663 1.03052 (-0.794459,-0.521329) (0.140411,0.129144) 0.183087 (2.44133,2.43415) (-0.127898,-0.120963) 0.163958 (3.04219,3.12204) (-0.102786,-0.100027) 0.165205 (-1.21571,-1.01449) (0.121756,0.116318) 0.148059
0.9 (-1.65929,-1.10301) (0.490742,0.803534) 0.202398 (2.79844,2.7831) 1.62663 1.02252 (-0.780418,-0.508414) (0.140408,0.129146) 0.183087 (2.42855,2.42205) (-0.127891,-0.12097) 0.163958 (3.03191,3.11204) (-0.10278,-0.100033) 0.165205 (-1.20354,-1.00286) (0.121752,0.116322) 0.148059
1 (-1.60985,-1.02297) (0.494411,0.800449) 0.202398 (2.79844,2.7831) 1.62663 1.01749 (-0.766376,-0.4955) (0.140416,0.129138) 0.183087 (2.41576,2.40995) (-0.127889,-0.120973) 0.163958 (3.02163,3.10204) (-0.102773,-0.100041) 0.165205 (-1.19136,-0.991222) (0.121747,0.116327) 0.148059
1.1 (-1.56018,-0.943173) (0.496628,0.797967) 0.202398 (2.79844,2.7831) 1.62663 1.01409 (-0.752334,-0.482587) (0.14042,0.129133) 0.183087 (2.40297,2.39786) (-0.1279,-0.120961) 0.163958 (3.01135,3.09203) (-0.102775,-0.100038) 0.165205 (-1.17919,-0.97959) (0.121748,0.116325) 0.148059
1.2 (-1.51036,-0.863579) (0.498207,0.795935) 0.202398 (2.79844,2.7831) 1.62663 1.01152 (-0.738294,-0.469672) (0.140406,0.129148) 0.183087 (2.39018,2.38576) (-0.127897,-0.120964) 0.163958 (3.00107,3.08203) (-0.10278,-0.100033) 0.165205 (-1.16701,-0.967957) (0.121746,0.116328) 0.148059
1.3 (-1.46037,-0.78417) (0.499902,0.79409) 0.202398 (2.79844,2.7831) 1.62663 1.00895 (-0.724252,-0.456759) (0.140417,0.129137) 0.183087 (2.37739,2.37366) (-0.127897,-0.120964) 0.163958 (2.9908,3.07203) (-0.102778,-0.100035) 0.165205 (-1.15484,-0.956325) (0.121751,0.116322) 0.148059
1.4 (-1.4085,-0.704751) (0.518677,0.794186) 0.202398 (2.79844,2.7831) 1.62663 0.99225 (-0.710211,-0.443845) (0.140416,0.129138) 0.183087 (2.3646,2.36157) (-0.127898,-0.120963) 0.163958 (2.98052,3.06202) (-0.102779,-0.100034) 0.165205 (-1.14266,-0.944693) (0.121755,0.116318) 0.148059
1.5 (-1.34999,-0.626304) (0.585156,0.784471) 0.202398 (2.79844,2.7831) 1.62663 0.929909 (-0.696169,-0.430931) (0.140414,0.12914) 0.183087 (2.35181,2.34947) (-0.127888,-0.120973) 0.163958 (2.97024,3.05202) (-0.102781,-0.100033) 0.165205 (-1.13049,-0.933061) (0.121754,0.11632) 0.148059
1.6 (-1.28879,-0.549813) (0.611991,0.764912) 0.202398 (2.79844,2.7831) 1.62663 0.896007 (-0.682128,-0.418017) (0.140417,0.129137) 0.183087 (2.33902,2.33737) (-0.127905,-0.120955) 0.163958 (2.95996,3.04202) (-0.102781,-0.100032) 0.165205 (-1.11831,-0.921429) (0.121751,0.116322) 0.148059
1.7 (-1.22606,-0.474494) (0.627318,0.753187) 0.202398 (2.79844,2.7831) 1.62663 0.876323 (-0.668086,-0.405103) (0.140412,0.129142) 0.183087 (2.32623,2.32528) (-0.127897,-0.120963) 0.163958 (2.94968,3.03201) (-0.102788,-0.100025) 0.165205 (-1.10614,-0.909797) (0.121751,0.116322) 0.148059
1.8 (-1.16243,-0.399904) (0.636231,0.745909) 0.202398 (2.79844,2.7831) 1.62663 0.864586 (-0.654046,-0.392188) (0.140409,0.129145) 0.183087 (2.31344,2.31318) (-0.127897,-0.120963) 0.163958 (2.93941,3.02201) (-0.102777,-0.100036) 0.165205 (-1.09396,-0.898164) (0.121746,0.116328) 0.148059
1.9 (-1.09826,-0.325767) (0.641724,0.741368) 0.202398 (2.79844,2.7831) 1.62663 0.857318 (-0.640004,-0.379274) (0.140413,0.129141) 0.183087 (2.30065,2.30108) (-0.127894,-0.120967) 0.163958 (2.92913,3.01201) (-0.102771,-0.100042) 0.165205 (-1.08179,-0.886532) (0.121758,0.116315) 0.148059
2 (-1.03375,-0.251948) (0.645171,0.738192) 0.202398 (2.79844,2.7831) 1.62663 0.852539 (-0.625963,-0.36636) (0.140416,0.129137) 0.183087 (2.28786,2.28899) (-0.127907,-0.120953) 0.163958 (2.91885,3.002) (-0.102787,-0.100026) 0.165205 (-1.06961,-0.8749) (0.12175,0.116323) 0.148059
2.1 (-0.968984,-0.178366) (0.647616,0.735812) 0.202398 (2.79844,2.7831) 1.62663 0.849064 (-0.611921,-0.353446) (0.140414,0.129139) 0.183087 (2.27507,2.27689) (-0.127901,-0.120959) 0.163958 (2.90857,2.992) (-0.10278,-0.100034) 0.165205 (-1.05744,-0.863268) (0.12175,0.116324) 0.148059
2.2 (-0.903994,-0.104993) (0.6499,0.733735) 0.202398 (2.79844,2.7831) 1.62663 0.845915 (-0.597879,-0.340533) (0.140423,0.12913) 0.183087 (2.26228,2.2648) (-0.127903,-0.120957) 0.163958 (2.89829,2.982) (-0.102782,-0.100031) 0.165205 (-1.04526,-0.851635) (0.121747,0.116327) 0.148059
2.3 (-0.83833,-0.0319517) (0.656639,0.730411) 0.202398 (2.79844,2.7831) 1.62663 0.838534 (-0.583838,-0.327619) (0.140408,0.129146) 0.183087 (2.24949,2.2527) (-0.127904,-0.120956) 0.163958 (2.88802,2.97199) (-0.102785,-0.100028) 0.165205 (-1.03309,-0.840003) (0.12175,0.116324) 0.148059
2.4 (-0.768586,0.0391646) (0.69744,0.711163) 0.202398 (2.79844,2.7831) 1.62663 0.79514 (-0.569797,-0.314704) (0.14041,0.129144) 0.183087 (2.2367,2.24061) (-0.127899,-0.120961) 0.163958 (2.87774,2.96199) (-0.102773,-0.10004) 0.165205 (-1.02091,-0.828371) (0.12176,0.116313) 0.148059
2.5 (-0.697375,0.108707) (0.712103,0.69542) 0.202398 (2.79844,2.7831) 1.62663 0.773546 (-0.555756,-0.30179) (0.140409,0.129145) 0.183087 (2.22391,2.22851) (-0.127894,-0.120967) 0.163958 (2.86746,2.95199) (-0.102785,-0.100028) 0.165205 (-1.00874,-0.81674) (0.121759,0.116315) 0.148059
2.6 (-0.625428,0.177429) (0.719475,0.687229) 0.202398 (2.79844,2.7831) 1.62663 0.762479 (-0.541715,-0.288876) (0.14041,0.129144) 0.183087 (2.21112,2.21641) (-0.127906,-0.120955) 0.163958 (2.85718,2.94199) (-0.102786,-0.100027) 0.165205 (-0.996562,-0.805106) (0.121741,0.116333) 0.148059
2.7 (-0.553111,0.245724) (0.723171,0.68295) 0.202398 (2.79844,2.7831) 1.62663 0.756801 (-0.527674,-0.275961) (0.140408,0.129146) 0.183087 (2.19833,2.20432) (-0.127897,-0.120963) 0.163958 (2.8469,2.93198) (-0.102782,-0.100031) 0.165205 (-0.984387,-0.793474) (0.121751,0.116323) 0.148059
2.8 (-0.480608,0.313796) (0.725027,0.680712) 0.202398 (2.79844,2.7831) 1.62663 0.753884 (-0.513633,-0.263046) (0.140409,0.129145) 0.183087 (2.18554,2.19222) (-0.127894,-0.120967) 0.163958 (2.83663,2.92198) (-0.102779,-0.100034) 0.165205 (-0.972211,-0.781842) (0.121756,0.116317) 0.148059
2.9 (-0.408023,0.381739) (0.725851,0.679437) 0.202398 (2.79844,2.7831) 1.62663 0.752382 (-0.499593,-0.250132) (0.140408,0.129146) 0.183087 (2.17275,2.18013) (-0.127904,-0.120956) 0.163958 (2.82635,2.91198) (-0.102783,-0.10003) 0.165205 (-0.960036,-0.77021) (0.121753,0.11632) 0.148059
3 (-0.335412,0.449603) (0.726112,0.678634) 0.202398 (2.79844,2.7831) 1.62663 0.751613 (-0.485552,-0.237217) (0.140408,0.129147) 0.183087 (2.15996,2.16803) (-0.127899,-0.120962) 0.163958 (2.81607,2.90197) (-0.102775,-0.100038) 0.165205 (-0.947861,-0.758578) (0.121745,0.116329) 0.148059
3.1 (-0.262798,0.517414) (0.726135,0.678109) 0.202398 (2.79844,2.7831) 1.62663 0.751211 (-0.47151,-0.224303) (0.140413,0.129141) 0.183087 (2.14717,2.15593) (-0.127897,-0.120964) 0.163958 (2.80579,2.89197) (-0.102785,-0.100028) 0.165205 (-0.935687,-0.746945) (0.121749,0.116325) 0.148059
3.2 (-0.190193,0.58519) (0.726058,0.677766) 0.202398 (2.79844,2.7831) 1.62663 0.751011 (-0.45747,-0.211388) (0.140403,0.129152) 0.183087 (2.13438,2.14384) (-0.127895,-0.120966) 0.163958 (2.79551,2.88197) (-0.102775,-0.100038) 0.165205 (-0.923511,-0.735313) (0.121751,0.116322) 0.148059
3.3 (-0.117606,0.652934) (0.72587,0.67744) 0.202398 (2.79844,2.7831) 1.62663 0.7509 (-0.443429,-0.198474) (0.140416,0.129138) 0.183087 (2.12159,2.13174) (-0.1279,-0.120961) 0.163958 (2.78524,2.87196) (-0.102779,-0.100034) 0.165205 (-0.911336,-0.723681) (0.121751,0.116323) 0.148059
3.4 (-0.0450445,0.720646) (0.72561,0.677122) 0.202398 (2.79844,2.7831) 1.62663 0.750845 (-0.429387,-0.18556) (0.140414,0.12914) 0.183087 (2.1088,2.11964) (-0.127903,-0.120958) 0.163958 (2.77496,2.86196) (-0.102776,-0.100037) 0.165205 (-0.899162,-0.712048) (0.121749,0.116325) 0.148059
3.5 (0.0274909,0.78833) (0.725354,0.676841) 0.202398 (2.79844,2.7831) 1.62663 0.750814 (-0.415347,-0.172645) (0.140405,0.12915) 0.183087 (2.09601,2.10755) (-0.127898,-0.120963) 0.163958 (2.76468,2.85195) (-0.102782,-0.100032) 0.165205 (-0.886986,-0.700416) (0.121754,0.11632) 0.148059
3.6 (0.0999907,0.85598) (0.724998,0.676492) 0.202398 (2.79844,2.7831) 1.62663 0.750802 (-0.401304,-0.159732) (0.140423,0.12913) 0.183087 (2.08322,2.09545) (-0.127898,-0.120963) 0.163958 (2.7544,2.84195) (-0.102779,-0.100035) 0.165205 (-0.874812,-0.688783) (0.121746,0.116328) 0.148059
3.7 (0.172459,0.923598) (0.724684,0.676187) 0.202398 (2.79844,2.7831) 1.62663 0.750792 (-0.387262,-0.146819) (0.140423,0.12913) 0.183087 (2.07043,2.08335) (-0.127893,-0.120968) 0.163958 (2.74412,2.83195) (-0.102784,-0.100029) 0.165205 (-0.862637,-0.677151) (0.121747,0.116327) 0.148059
3.8 (0.24489,0.991182) (0.724311,0.675836) 0.202398 (2.79844,2.7831) 1.62663 0.750791 (-0.373221,-0.133904) (0.140408,0.129146) 0.183087 (2.05764,2.07126) (-0.127903,-0.120958) 0.163958 (2.73384,2.82195) (-0.102782,-0.100032) 0.165205 (-0.850461,-0.665519) (0.121754,0.116319) 0.148059
3.9 (0.317273,1.05872) (0.723829,0.675382) 0.202398 (2.79844,2.7831) 1.62663 0.750787 (-0.359179,-0.120991) (0.140422,0.129131) 0.183087 (2.04485,2.05916) (-0.127898,-0.120962) 0.163958 (2.72357,2.81194) (-0.102778,-0.100035) 0.165205 (-0.838287,-0.653886) (0.121742,0.116332) 0.148059
4 (0.389614,1.12622) (0.723406,0.674979) 0.202398 (2.79844,2.7831) 1.62663 0.750782 (-0.345138,-0.108077) (0.140414,0.12914) 0.183087 (2.03206,2.04707) (-0.127902,-0.120959) 0.163958 (2.71329,2.80194) (-0.10278,-0.100033) 0.165205 (-0.826113,-0.642253) (0.121747,0.116326) 0.148059
4.1 (0.461894,1.19366) (0.722799,0.674411) 0.202398 (2.79844,2.7831) 1.62663 0.75078 (-0.331096,-0.0951637) (0.140417,0.129137) 0.183087 (2.01927,2.03497) (-0.127899,-0.120962) 0.163958 (2.70301,2.79194) (-0.10278,-0.100033) 0.165205 (-0.813937,-0.630621) (0.121756,0.116317) 0.148059
4.2 (0.534123,1.26105) (0.722298,0.673939) 0.202398 (2.79844,2.7831) 1.62663 0.750777 (-0.317055,-0.0822496) (0.140413,0.129141) 0.183087 (2.00648,2.02288) (-0.127902,-0.120958) 0.163958 (2.69273,2.78193) (-0.10278,-0.100033) 0.165205 (-0.801761,-0.618989) (0.121754,0.116319) 0.148059
4.3 (0.606287,1.32838) (0.721633,0.673316) 0.202398 (2.79844,2.7831) 1.62663 0.750775 (-0.303013,-0.0693361) (0.140418,0.129135) 0.183087 (1.99369,2.01078) (-0.127893,-0.120968) 0.163958 (2.68246,2.77193) (-0.10278,-0.100033) 0.165205 (-0.789587,-0.607356) (0.121743,0.116331) 0.148059
4.4 (0.678379,1.39565) (0.720925,0.672651) 0.202398 (2.79844,2.7831) 1.62663 0.750772 (-0.288972,-0.0564213) (0.140407,0.129147) 0.183087 (1.9809,1.99868) (-0.127889,-0.120973) 0.163958 (2.67218,2.76193) (-0.10278,-0.100033) 0.165205 (-0.777412,-0.595724) (0.121749,0.116324) 0.148059
4.5 (0.750398,1.46285) (0.720187,0.67196) 0.202398 (2.79844,2.7831) 1.62663 0.750769 (-0.27493,-0.0435076) (0.140416,0.129137) 0.183087 (1.96811,1.98658) (-0.127886,-0.120976) 0.163958 (2.6619,2.75192) (-0.102779,-0.100034) 0.165205 (-0.765236,-0.584093) (0.121761,0.116312) 0.148059
4.6 (0.822317,1.52995) (0.719195,0.671028) 0.202398 (2.79844,2.7831) 1.62663 0.750765 (-0.260889,-0.0305941) (0.140419,0.129135) 0.183087 (1.95532,1.97449) (-0.127897,-0.120963) 0.163958 (2.65162,2.74192) (-0.10278,-0.100033) 0.165205 (-0.753062,-0.57246) (0.121743,0.116331) 0.148059
4.7 (0.89414,1.59696) (0.718225,0.670118) 0.202398 (2.79844,2.7831) 1.62663 0.750761 (-0.246847,-0.0176802) (0.140415,0.129139) 0.183087 (1.94253,1.96239) (-0.127904,-0.120956) 0.163958 (2.64134,2.73191) (-0.102774,-0.10004) 0.165205 (-0.740887,-0.560827) (0.121749,0.116324) 0.148059
4.8 (0.96585,1.66387) (0.717106,0.669062) 0.202398 (2.79844,2.7831) 1.62663 0.750752 (-0.232806,-0.00476613) (0.140413,0.129141) 0.183087 (1.92974,1.9503) (-0.127897,-0.120964) 0.163958 (2.63107,2.72191) (-0.102777,-0.100036) 0.165205 (-0.728712,-0.549195) (0.12175,0.116324) 0.148059
4.9 (1.03743,1.73065) (0.715805,0.667841) 0.202398 (2.79844,2.7831) 1.62663 0.750747 (-0.218764,0.00814734) (0.140419,0.129135) 0.183087 (1.91695,1.9382) (-0.127901,-0.12096) 0.163958 (2.62079,2.71191) (-0.102777,-0.100036) 0.165205 (-0.716537,-0.537562) (0.121749,0.116325) 0.148059
5 (1.10887,1.79731) (0.714424,0.666546) 0.202398 (2.79844,2.7831) 1.62663 0.750742 (-0.204723,0.0210621) (0.140407,0.129147) 0.183087 (1.90416,1.9261) (-0.127888,-0.120973) 0.163958 (2.61051,2.7019) (-0.102777,-0.100036) 0.165205 (-0.704362,-0.525929) (0.121745,0.116329) 0.148059
5.1 (1.18015,1.8638) (0.712722,0.66495) 0.202398 (2.79844,2.7831) 1.62663 0.750736 (-0.190682,0.0339759) (0.140416,0.129138) 0.183087 (1.89137,1.91401) (-0.1279,-0.12096) 0.163958 (2.60023,2.6919) (-0.102777,-0.100036) 0.165205 (-0.692187,-0.514297) (0.12175,0.116323) 0.148059
5.2 (1.25123,1.93012) (0.710841,0.663185) 0.202398 (2.79844,2.7831) 1.62663 0.750729 (-0.17664,0.0468898) (0.140414,0.12914) 0.183087 (1.87858,1.90191) (-0.127899,-0.120961) 0.163958 (2.58996,2.6819) (-0.102777,-0.100036) 0.165205 (-0.680012,-0.502665) (0.121753,0.11632) 0.148059
5.3 (1.32208,1.99622) (0.708531,0.661018) 0.202398 (2.79844,2.7831) 1.62663 0.75072 (-0.162599,0.059804) (0.140413,0.129141) 0.183087 (1.86579,1.88981) (-0.127903,-0.120957) 0.163958 (2.57968,2.67189) (-0.102777,-0.100036) 0.165205 (-0.667837,-0.491033) (0.121749,0.116325) 0.148059
5.4 (1.39268,2.06208) (0.705944,0.658592) 0.202398 (2.79844,2.7831) 1.62663 0.75071 (-0.148558,0.0727185) (0.140409,0.129146) 0.183087 (1.853,1.87772) (-0.127892,-0.120969) 0.163958 (2.5694,2.66189) (-0.102777,-0.100036) 0.165205 (-0.655662,-0.4794) (0.121749,0.116325) 0.148059
5.5 (1.46296,2.12764) (0.702805,0.655647) 0.202398 (2.79844,2.7831) 1.62663 0.750698 (-0.134516,0.0856322) (0.140417,0.129136) 0.183087 (1.84022,1.86562) (-0.127892,-0.120969) 0.163958 (2.55912,2.65189) (-0.102776,-0.100037) 0.165205 (-0.643486,-0.467768) (0.121756,0.116317) 0.148059
5.6 (1.53288,2.19287) (0.699188,0.652253) 0.202398 (2.79844,2.7831) 1.62663 0.750683 (-0.120476,0.0985469) (0.140407,0.129147) 0.183087 (1.82743,1.85352) (-0.127897,-0.120964) 0.163958 (2.54884,2.64188) (-0.102777,-0.100037) 0.165205 (-0.631312,-0.456136) (0.121748,0.116325) 0.148059
5.7 (1.60236,2.25768) (0.69479,0.648129) 0.202398 (2.79844,2.7831) 1.62663 0.750665 (-0.106434,0.111461) (0.140415,0.129139) 0.183087 (1.81464,1.84143) (-0.127888,-0.120973) 0.163958 (2.53857,2.63188) (-0.102776,-0.100037) 0.165205 (-0.619136,-0.444504) (0.121753,0.11632) 0.148059
5.8 (1.67131,2.322) (0.689516,0.643181) 0.202398 (2.79844,2.7831) 1.62663 0.750644 (-0.0923925,0.124375) (0.140416,0.129138) 0.183087 (1.80185,1.82933) (-0.127888,-0.120973) 0.163958 (2.52829,2.62187) (-0.102773,-0.10004) 0.165205 (-0.606962,-0.432871) (0.121748,0.116326) 0.148059
5.9 (1.73962,2.38571) (0.683079,0.637139) 0.202398 (2.79844,2.7831) 1.62663 0.750615 (-0.0783505,0.137288) (0.14042,0.129133) 0.183087 (1.78906,1.81723) (-0.127897,-0.120963) 0.163958 (2.51801,2.61187) (-0.102775,-0.100038) 0.165205 (-0.594786,-0.421239) (0.121752,0.116321) 0.148059
6 (1.80713,2.44869) (0.675176,0.629725) 0.202398 (2.79844,2.7831) 1.62663 0.750582 (-0.0643103,0.150203) (0.140401,0.129154) 0.183087 (1.77627,1.80514) (-0.127895,-0.120966) 0.163958 (2.50773,2.60187) (-0.102775,-0.100038) 0.165205 (-0.582612,-0.409606) (0.121745,0.116329) 0.148059
6.1 (1.87367,2.51074) (0.665342,0.620501) 0.202398 (2.79844,2.7831) 1.62663 0.750539 (-0.0502681,0.163116) (0.140422,0.129131) 0.183087 (1.76348,1.79304) (-0.127891,-0.12097) 0.163958 (2.49746,2.59186) (-0.102775,-0.100039) 0.165205 (-0.570438,-0.397973) (0.121743,0.116331) 0.148059
6.2 (1.93663,2.56944) (0.629633,0.587004) 0.202398 (2.79844,2.7831) 1.62663 0.750374 (-0.0362269,0.176031) (0.140412,0.129142) 0.183087 (1.75069,1.78094) (-0.127895,-0.120966) 0.163958 (2.48718,2.58186) (-0.102775,-0.100039) 0.165205 (-0.558263,-0.386341) (0.12175,0.116323) 0.148059
6.3 (1.99332,2.62225) (0.566867,0.528125) 0.202398 (2.79844,2.7831) 1.62663 0.750032 (-0.022185,0.188944) (0.140419,0.129134) 0.183087 (1.7379,1.76885) (-0.127896,-0.120965) 0.163958 (2.4769,2.57186) (-0.102775,-0.100039) 0.165205 (-0.546087,-0.374709) (0.121752,0.116322) 0.148059
6.4 (2.04435,2.66976) (0.510333,0.475093) 0.202398 (2.79844,2.7831) 1.62663 0.749652 (-0.00814299,0.201857) (0.14042,0.129133) 0.183087 (1.72511,1.75675) (-0.12789,-0.120971) 0.163958 (2.46662,2.56185) (-0.102775,-0.100039) 0.165205 (-0.533913,-0.363076) (0.121747,0.116327) 0.148059
6.5 (2.09029,2.7125) (0.459447,0.427359) 0.202398 (2.79844,2.7831) 1.62663 0.74923 (0.00589942,0.21477) (0.140424,0.129129) 0.183087 (1.71232,1.74465) (-0.127887,-0.120975) 0.163958 (2.45635,2.55185) (-0.102775,-0.100039) 0.165205 (-0.521737,-0.351444) (0.121758,0.116316) 0.148059
6.6 (2.13167,2.75094) (0.413742,0.384485) 0.202398 (2.79844,2.7831) 1.62663 0.748762 (0.0199401,0.227685) (0.140407,0.129148) 0.183087 (1.69953,1.73256) (-0.127896,-0.120965) 0.163958 (2.44607,2.54184) (-0.102775,-0.100039) 0.165205 (-0.509562,-0.339812) (0.121748,0.116326) 0.148059
6.7 (2.16892,2.78553) (0.372556,0.345851) 0.202398 (2.79844,2.7831) 1.62663 0.748242 (0.0339804,0.2406) (0.140403,0.129152) 0.183087 (1.68674,1.72046) (-0.127895,-0.120965) 0.163958 (2.43579,2.53184) (-0.102774,-0.100039) 0.165205 (-0.497386,-0.32818) (0.121759,0.116314) 0.148059
6.8 (2.20247,2.81663) (0.335432,0.311028) 0.202398 (2.79844,2.7831) 1.62663 0.747666 (0.0480213,0.253515) (0.140409,0.129145) 0.183087 (1.67395,1.70836) (-0.127899,-0.120962) 0.163958 (2.42551,2.52184) (-0.102773,-0.10004) 0.165205 (-0.485212,-0.316548) (0.121747,0.116327) 0.148059
6.9 (2.24316,2.84468) (0.406943,0.280481) 0.202398 (2.79844,2.7831) 1.62663 0.603467 (0.0620622,0.266429) (0.140409,0.129145) 0.183087 (1.66116,1.69627) (-0.127903,-0.120957) 0.163958 (2.41524,2.51183) (-0.102774,-0.10004) 0.165205 (-0.473037,-0.304915) (0.121746,0.116328) 0.148059
7 (2.29151,2.86331) (0.483449,0.186313) 0.202398 (2.79844,2.7831) 1.62663 0.367843 (0.0748059,0.280625) (0.127437,0.141961) 0.183087 (1.6496,1.683) (-0.115685,-0.132691) 0.163958 (2.40496,2.50183) (-0.10278,-0.100033) 0.165205 (-0.460862,-0.293283) (0.121754,0.116319) 0.148059
7.1 (2.34135,2.86947) (0.498477,0.0615445) 0.202398 (2.79844,2.7831) 1.62663 0.122844 (0.0876938,0.294691) (0.128879,0.140654) 0.183087 (1.63788,1.66986) (-0.117123,-0.131423) 0.163958 (2.39468,2.49183) (-0.10279,-0.100023) 0.165205 (-0.448687,-0.28165) (0.121743,0.116331) 0.148059
