[]
timestamp position0 velocity0 radius0 goal pref_speed theta position1 velocity1 radius1 position2 velocity2 radius2 position3 velocity3 radius3 position4 velocity4 radius4 position5 velocity5 radius5 position6 velocity6 radius6
0 (-1.83813,-1.88114) (0,0) 0.198543 (2.79844,2.7831) 1.56499 0 (-0.724373,-0.845412) (0,0) 0.203632 (2.64231,2.99843) (0,0) 0.194537 (3.24343,3.59299) (0,0) 0.183079 (-1.22585,-1.24299) (0,0) 0.177593
0.1 (-1.83333,-1.8787) (0.0479754,0.0244038) 0.198543 (2.79844,2.7831) 1.56499 0.470563 (-0.711235,-0.831881) (0.131378,0.135312) 0.203632 (2.62762,2.98329) (-0.146911,-0.151336) 0.194537 (3.24172,3.58807) (-0.017142,-0.0492022) 0.183079 (-1.23101,-1.23231) (-0.0516388,0.10678) 0.177593
0.2 (-1.80729,-1.87144) (0.26038,0.0725378) 0.198543 (2.79844,2.7831) 1.56499 0.271695 (-0.698097,-0.818349) (0.131374,0.135316) 0.203632 (2.61293,2.96816) (-0.146911,-0.151335) 0.194537 (3.23202,3.57804) (-0.0969244,-0.100284) 0.183079 (-1.22898,-1.20808) (0.0203495,0.242293) 0.177593
0.3 (-1.75762,-1.86122) (0.496728,0.102272) 0.198543 (2.79844,2.7831) 1.56499 0.203053 (-0.684961,-0.804817) (0.131369,0.135321) 0.203632 (2.59823,2.95303) (-0.14692,-0.151326) 0.194537 (3.22233,3.56801) (-0.0969174,-0.100291) 0.183079 (-1.21995,-1.1855) (0.090222,0.225788) 0.177593
0.4 (-1.68151,-1.82449) (0.7611,0.367301) 0.198543 (2.79844,2.7831) 1.56499 0.449625 (-0.671823,-0.791286) (0.131378,0.135312) 0.203632 (2.58354,2.93789) (-0.146925,-0.151322) 0.194537 (3.21264,3.55798) (-0.0969243,-0.100284) 0.183079 (-1.20745,-1.16465) (0.125019,0.208543) 0.177593
0.5 (-1.59793,-1.77732) (0.835808,0.471671) 0.198543 (2.79844,2.7831) 1.56499 0.513778 (-0.658685,-0.777755) (0.131375,0.135315) 0.203632 (2.56885,2.92276) (-0.146923,-0.151323) 0.194537 (3.20295,3.54795) (-0.0969178,-0.10029) 0.183079 (-1.19307,-1.14504) (0.143803,0.196063) 0.177593
0.6 (-1.51577,-1.72766) (0.821634,0.496556) 0.198543 (2.79844,2.7831) 1.56499 0.543613 (-0.645549,-0.764222) (0.131362,0.135327) 0.203632 (2.55416,2.90763) (-0.146917,-0.151329) 0.194537 (3.19326,3.53792) (-0.0969132,-0.100295) 0.183079 (-1.17762,-1.12627) (0.15454,0.187717) 0.177593
0.7 (-1.43441,-1.67671) (0.813597,0.509505) 0.198543 (2.79844,2.7831) 1.56499 0.559489 (-0.632412,-0.75069) (0.131374,0.135316) 0.203632 (2.53947,2.8925) (-0.146928,-0.151319) 0.194537 (3.18357,3.52789) (-0.0969101,-0.100298) 0.183079 (-1.16156,-1.10801) (0.160595,0.182563) 0.177593
0.8 (-1.3543,-1.62558) (0.80107,0.511314) 0.198543 (2.79844,2.7831) 1.56499 0.568098 (-0.619276,-0.737158) (0.131363,0.135326) 0.203632 (2.52477,2.87737) (-0.146922,-0.151325) 0.194537 (3.17387,3.51787) (-0.0969219,-0.100286) 0.183079 (-1.1452,-1.09003) (0.163592,0.179882) 0.177593
0.9 (-1.27438,-1.57431) (0.799172,0.512729) 0.198543 (2.79844,2.7831) 1.56499 0.57043 (-0.606138,-0.723626) (0.131374,0.135316) 0.203632 (2.51008,2.86223) (-0.146928,-0.151319) 0.194537 (3.16418,3.50784) (-0.09692,-0.100288) 0.183079 (-1.12874,-1.07212) (0.164546,0.179011) 0.177593
1 (-1.19459,-1.52304) (0.797872,0.512666) 0.198543 (2.79844,2.7831) 1.56499 0.571114 (-0.592976,-0.710119) (0.131625,0.135072) 0.203632 (2.49539,2.8471) (-0.146926,-0.15132) 0.194537 (3.15449,3.49781) (-0.0969194,-0.100289) 0.183079 (-1.11231,-1.0542) (0.164302,0.179234) 0.177593
1.1 (-1.11494,-1.47178) (0.796551,0.512576) 0.198543 (2.79844,2.7831) 1.56499 0.571788 (-0.579741,-0.696683) (0.132351,0.13436) 0.203632 (2.48069,2.83197) (-0.146933,-0.151314) 0.194537 (3.1448,3.48778) (-0.0969236,-0.100285) 0.183079 (-1.09595,-1.03621) (0.163601,0.179875) 0.177593
1.2 (-1.03544,-1.4205) (0.79503,0.512844) 0.198543 (2.79844,2.7831) 1.56499 0.572896 (-0.566441,-0.68331) (0.132994,0.133723) 0.203632 (2.466,2.81684) (-0.146924,-0.151322) 0.194537 (3.13511,3.47775) (-0.0969263,-0.100282) 0.183079 (-1.07966,-1.01817) (0.162981,0.180437) 0.177593
1.3 (-0.956094,-1.36916) (0.79342,0.513441) 0.198543 (2.79844,2.7831) 1.56499 0.574351 (-0.553083,-0.669997) (0.133582,0.133136) 0.203632 (2.45131,2.8017) (-0.146918,-0.151329) 0.194537 (3.12541,3.46772) (-0.0969184,-0.10029) 0.183079 (-1.06341,-1.00008) (0.162414,0.180947) 0.177593
1.4 (-0.876078,-1.31727) (0.80016,0.518822) 0.198543 (2.79844,2.7831) 1.56499 0.575248 (-0.539671,-0.656737) (0.13412,0.132595) 0.203632 (2.43662,2.78657) (-0.146925,-0.151322) 0.194537 (3.11572,3.45769) (-0.0969172,-0.100291) 0.183079 (-1.04722,-0.981934) (0.161896,0.181411) 0.177593
1.5 (-0.796193,-1.26543) (0.798849,0.518404) 0.198543 (2.79844,2.7831) 1.56499 0.575629 (-0.526228,-0.64351) (0.134433,0.132276) 0.203632 (2.42193,2.77144) (-0.146907,-0.151339) 0.194537 (3.10603,3.44766) (-0.0969193,-0.100289) 0.183079 (-1.03108,-0.963751) (0.16142,0.181834) 0.177593
1.6 (-0.716433,-1.21367) (0.797603,0.517591) 0.198543 (2.79844,2.7831) 1.56499 0.575625 (-0.512768,-0.630298) (0.134595,0.132112) 0.203632 (2.40723,2.75631) (-0.146924,-0.151323) 0.194537 (3.09634,3.43764) (-0.0969179,-0.10029) 0.183079 (-1.01499,-0.945521) (0.160893,0.182301) 0.177593
1.7 (-0.636791,-1.162) (0.796422,0.516703) 0.198543 (2.79844,2.7831) 1.56499 0.575518 (-0.499294,-0.617102) (0.134741,0.131963) 0.203632 (2.39254,2.74117) (-0.146927,-0.151319) 0.194537 (3.08665,3.42761) (-0.0969137,-0.100294) 0.183079 (-0.998963,-0.927238) (0.160299,0.182823) 0.177593
1.8 (-0.557275,-1.11043) (0.795159,0.515709) 0.198543 (2.79844,2.7831) 1.56499 0.575363 (-0.485807,-0.603919) (0.134873,0.131828) 0.203632 (2.37785,2.72604) (-0.14693,-0.151317) 0.194537 (3.07695,3.41758) (-0.0969238,-0.100284) 0.183079 (-0.982993,-0.908903) (0.159697,0.18335) 0.177593
1.9 (-0.477893,-1.05897) (0.793824,0.514642) 0.198543 (2.79844,2.7831) 1.56499 0.575184 (-0.472308,-0.590748) (0.13499,0.131709) 0.203632 (2.36316,2.71091) (-0.146922,-0.151325) 0.194537 (3.06726,3.40755) (-0.0969112,-0.100296) 0.183079 (-0.967082,-0.890518) (0.159112,0.183857) 0.177593
2 (-0.39865,-1.00762) (0.792428,0.513515) 0.198543 (2.79844,2.7831) 1.56499 0.574988 (-0.458799,-0.577588) (0.135091,0.131605) 0.203632 (2.34847,2.69578) (-0.14691,-0.151336) 0.194537 (3.05757,3.39752) (-0.0969248,-0.100283) 0.183079 (-0.951226,-0.872084) (0.158556,0.184337) 0.177593
2.1 (-0.319557,-0.956388) (0.790927,0.512295) 0.198543 (2.79844,2.7831) 1.56499 0.574767 (-0.445282,-0.564436) (0.13517,0.131524) 0.203632 (2.33377,2.68064) (-0.146924,-0.151323) 0.194537 (3.04788,3.38749) (-0.0969175,-0.10029) 0.183079 (-0.935423,-0.853605) (0.158032,0.184787) 0.177593
2.2 (-0.240622,-0.905294) (0.789354,0.510939) 0.198543 (2.79844,2.7831) 1.56499 0.574466 (-0.431761,-0.551287) (0.135206,0.131486) 0.203632 (2.31908,2.66551) (-0.146918,-0.151328) 0.194537 (3.03819,3.37746) (-0.0969146,-0.100293) 0.183079 (-0.91967,-0.835084) (0.157535,0.18521) 0.177593
2.3 (-0.16188,-0.854504) (0.787422,0.507896) 0.198543 (2.79844,2.7831) 1.56499 0.57286 (-0.418292,-0.538085) (0.134689,0.132016) 0.203632 (2.30439,2.65038) (-0.146925,-0.151321) 0.194537 (3.0285,3.36743) (-0.0969214,-0.100287) 0.183079 (-0.903965,-0.816522) (0.157053,0.185619) 0.177593
2.4 (-0.085529,-0.78881) (0.763506,0.656944) 0.198543 (2.79844,2.7831) 1.56499 0.710519 (-0.404749,-0.52496) (0.135433,0.131252) 0.203632 (2.2897,2.63525) (-0.146921,-0.151325) 0.194537 (3.0188,3.3574) (-0.0969212,-0.100287) 0.183079 (-0.888333,-0.797898) (0.156313,0.186243) 0.177593
2.5 (-0.0147344,-0.717951) (0.707946,0.708589) 0.198543 (2.79844,2.7831) 1.56499 0.785852 (-0.391185,-0.511856) (0.135636,0.131044) 0.203632 (2.275,2.62011) (-0.146922,-0.151324) 0.194537 (3.00911,3.34738) (-0.0969158,-0.100292) 0.183079 (-0.872722,-0.779257) (0.156111,0.186413) 0.177593
2.6 (0.0531358,-0.644548) (0.678703,0.734026) 0.198543 (2.79844,2.7831) 1.56499 0.824539 (-0.377603,-0.498771) (0.135825,0.130847) 0.203632 (2.26031,2.60498) (-0.146914,-0.151332) 0.194537 (2.99942,3.33735) (-0.0969179,-0.10029) 0.183079 (-0.85713,-0.7606) (0.15592,0.186572) 0.177593
2.7 (0.119508,-0.569847) (0.66372,0.747013) 0.198543 (2.79844,2.7831) 1.56499 0.844372 (-0.364003,-0.485704) (0.135997,0.130668) 0.203632 (2.24562,2.58985) (-0.146923,-0.151324) 0.194537 (2.98973,3.32732) (-0.0969179,-0.10029) 0.183079 (-0.841556,-0.741928) (0.155746,0.186717) 0.177593
2.8 (0.185115,-0.494478) (0.656076,0.753687) 0.198543 (2.79844,2.7831) 1.56499 0.854527 (-0.350388,-0.472654) (0.136153,0.130506) 0.203632 (2.23093,2.57472) (-0.146917,-0.151329) 0.194537 (2.98004,3.31729) (-0.0969217,-0.100286) 0.183079 (-0.825997,-0.723243) (0.155589,0.186848) 0.177593
2.9 (0.250326,-0.418774) (0.652102,0.757041) 0.198543 (2.79844,2.7831) 1.56499 0.859731 (-0.336758,-0.459618) (0.136293,0.13036) 0.203632 (2.21624,2.55958) (-0.146925,-0.151322) 0.194537 (2.97034,3.30726) (-0.0969163,-0.100292) 0.183079 (-0.810452,-0.704546) (0.155446,0.186967) 0.177593
3 (0.315335,-0.342896) (0.650092,0.758783) 0.198543 (2.79844,2.7831) 1.56499 0.862393 (-0.323117,-0.446595) (0.136419,0.130228) 0.203632 (2.20154,2.54445) (-0.146922,-0.151324) 0.194537 (2.96065,3.29723) (-0.0969192,-0.100289) 0.183079 (-0.79492,-0.685839) (0.155318,0.187073) 0.177593
3.1 (0.380231,-0.26694) (0.648959,0.759561) 0.198543 (2.79844,2.7831) 1.56499 0.863761 (-0.309464,-0.433584) (0.13653,0.130111) 0.203632 (2.18685,2.52932) (-0.146922,-0.151324) 0.194537 (2.95096,3.2872) (-0.0969217,-0.100286) 0.183079 (-0.7794,-0.667122) (0.155204,0.187168) 0.177593
3.2 (0.44508,-0.19093) (0.648495,0.760099) 0.198543 (2.79844,2.7831) 1.56499 0.864463 (-0.295801,-0.420583) (0.136629,0.130008) 0.203632 (2.17216,2.51419) (-0.14692,-0.151327) 0.194537 (2.94127,3.27717) (-0.0969211,-0.100287) 0.183079 (-0.763889,-0.648397) (0.155103,0.187252) 0.177593
3.3 (0.509895,-0.114905) (0.648146,0.760246) 0.198543 (2.79844,2.7831) 1.56499 0.864825 (-0.282129,-0.407591) (0.136715,0.129917) 0.203632 (2.15747,2.49905) (-0.146911,-0.151335) 0.194537 (2.93158,3.26714) (-0.0969152,-0.100293) 0.183079 (-0.748388,-0.629665) (0.155014,0.187326) 0.177593
3.4 (0.574689,-0.0388767) (0.647942,0.760287) 0.198543 (2.79844,2.7831) 1.56499 0.865007 (-0.26845,-0.394607) (0.13679,0.129838) 0.203632 (2.14278,2.48392) (-0.146917,-0.151329) 0.194537 (2.92189,3.25711) (-0.0969127,-0.100295) 0.183079 (-0.732894,-0.610926) (0.154937,0.187389) 0.177593
3.5 (0.639479,0.0371608) (0.647899,0.760376) 0.198543 (2.79844,2.7831) 1.56499 0.865098 (-0.254765,-0.38163) (0.136853,0.129772) 0.203632 (2.12809,2.46879) (-0.14692,-0.151326) 0.194537 (2.91219,3.24709) (-0.0969143,-0.100294) 0.183079 (-0.717407,-0.592181) (0.154871,0.187444) 0.177593
3.6 (0.704264,0.1132) (0.647849,0.760392) 0.198543 (2.79844,2.7831) 1.56499 0.865146 (-0.241074,-0.368659) (0.136906,0.129716) 0.203632 (2.11339,2.45365) (-0.146912,-0.151334) 0.194537 (2.9025,3.23706) (-0.0969263,-0.100282) 0.183079 (-0.701926,-0.573432) (0.154816,0.187489) 0.177593
3.7 (0.769039,0.189233) (0.647749,0.760327) 0.198543 (2.79844,2.7831) 1.56499 0.86518 (-0.227379,-0.355692) (0.136949,0.12967) 0.203632 (2.0987,2.43852) (-0.146921,-0.151325) 0.194537 (2.89281,3.22703) (-0.0969194,-0.100289) 0.183079 (-0.686449,-0.55468) (0.154771,0.187526) 0.177593
3.8 (0.833811,0.265264) (0.647723,0.760316) 0.198543 (2.79844,2.7831) 1.56499 0.865193 (-0.213681,-0.342728) (0.136982,0.129635) 0.203632 (2.08401,2.42339) (-0.146922,-0.151324) 0.194537 (2.88312,3.217) (-0.0969183,-0.10029) 0.183079 (-0.670975,-0.535924) (0.154736,0.187555) 0.177593
3.9 (0.898575,0.341287) (0.64764,0.760229) 0.198543 (2.79844,2.7831) 1.56499 0.865199 (-0.19998,-0.329767) (0.137007,0.12961) 0.203632 (2.06932,2.40826) (-0.146923,-0.151323) 0.194537 (2.87343,3.20697) (-0.096922,-0.100286) 0.183079 (-0.655504,-0.517167) (0.154711,0.187576) 0.177593
4 (0.963336,0.417307) (0.647607,0.760199) 0.198543 (2.79844,2.7831) 1.56499 0.865205 (-0.186278,-0.316808) (0.137022,0.129593) 0.203632 (2.05462,2.39312) (-0.146929,-0.151317) 0.194537 (2.86373,3.19694) (-0.0969181,-0.10029) 0.183079 (-0.640035,-0.498408) (0.154694,0.18759) 0.177593
4.1 (1.0281,0.493326) (0.647603,0.760194) 0.198543 (2.79844,2.7831) 1.56499 0.865205 (-0.172575,-0.303849) (0.13703,0.129585) 0.203632 (2.03993,2.37799) (-0.146916,-0.15133) 0.194537 (2.85404,3.18691) (-0.096926,-0.100282) 0.183079 (-0.624566,-0.479648) (0.154686,0.187596) 0.177593
4.2 (1.09285,0.569334) (0.647497,0.76008) 0.198543 (2.79844,2.7831) 1.56499 0.865212 (-0.158872,-0.290891) (0.13703,0.129584) 0.203632 (2.02524,2.36286) (-0.146924,-0.151323) 0.194537 (2.84435,3.17688) (-0.0969219,-0.100286) 0.183079 (-0.609097,-0.460888) (0.154686,0.187597) 0.177593
4.3 (1.15759,0.645336) (0.647444,0.760019) 0.198543 (2.79844,2.7831) 1.56499 0.865212 (-0.145169,-0.277932) (0.13703,0.129584) 0.203632 (2.01055,2.34773) (-0.146922,-0.151325) 0.194537 (2.83466,3.16686) (-0.0969218,-0.100286) 0.183079 (-0.593629,-0.442129) (0.154686,0.187597) 0.177593
4.4 (1.22232,0.721324) (0.647323,0.759878) 0.198543 (2.79844,2.7831) 1.56499 0.865214 (-0.131466,-0.264974) (0.13703,0.129584) 0.203632 (1.99586,2.33259) (-0.146922,-0.151324) 0.194537 (2.82496,3.15683) (-0.0969219,-0.100286) 0.183079 (-0.57816,-0.423369) (0.154686,0.187597) 0.177593
4.5 (1.28706,0.797316) (0.647359,0.75992) 0.198543 (2.79844,2.7831) 1.56499 0.865213 (-0.117763,-0.252016) (0.13703,0.129584) 0.203632 (1.98116,2.31746) (-0.146926,-0.151321) 0.194537 (2.81527,3.1468) (-0.0969218,-0.100286) 0.183079 (-0.562692,-0.404609) (0.154686,0.187597) 0.177593
4.6 (1.35178,0.873297) (0.64726,0.759806) 0.198543 (2.79844,2.7831) 1.56499 0.865215 (-0.10406,-0.239057) (0.13703,0.129584) 0.203632 (1.96647,2.30233) (-0.146929,-0.151318) 0.194537 (2.80558,3.13677) (-0.0969218,-0.100286) 0.183079 (-0.547223,-0.38585) (0.154686,0.187597) 0.177593
4.7 (1.4165,0.949262) (0.647131,0.759657) 0.198543 (2.79844,2.7831) 1.56499 0.865216 (-0.0903571,-0.226099) (0.13703,0.129584) 0.203632 (1.95178,2.2872) (-0.146924,-0.151323) 0.194537 (2.79589,3.12674) (-0.0969218,-0.100286) 0.183079 (-0.531755,-0.36709) (0.154686,0.187597) 0.177593
4.8 (1.48121,1.02522) (0.647077,0.759595) 0.198543 (2.79844,2.7831) 1.56499 0.865217 (-0.0766541,-0.21314) (0.13703,0.129584) 0.203632 (1.93709,2.27207) (-0.146925,-0.151321) 0.194537 (2.7862,3.11671) (-0.0969218,-0.100286) 0.183079 (-0.516286,-0.34833) (0.154686,0.187597) 0.177593
4.9 (1.5459,1.10116) (0.646897,0.759387) 0.198543 (2.79844,2.7831) 1.56499 0.865219 (-0.0629511,-0.200182) (0.13703,0.129584) 0.203632 (1.92239,2.25693) (-0.146918,-0.151328) 0.194537 (2.7765,3.10668) (-0.0969218,-0.100286) 0.183079 (-0.500818,-0.329571) (0.154686,0.187597) 0.177593
5 (1.61057,1.17708) (0.646748,0.759215) 0.198543 (2.79844,2.7831) 1.56499 0.865221 (-0.0492481,-0.187223) (0.13703,0.129584) 0.203632 (1.9077,2.2418) (-0.14692,-0.151327) 0.194537 (2.76681,3.09666) (-0.0969235,-0.100285) 0.183079 (-0.485349,-0.310811) (0.154686,0.187597) 0.177593
5.1 (1.67523,1.25299) (0.646592,0.759036) 0.198543 (2.79844,2.7831) 1.56499 0.865224 (-0.035545,-0.174265) (0.13703,0.129584) 0.203632 (1.89301,2.22667) (-0.14693,-0.151317) 0.194537 (2.75712,3.08663) (-0.0969226,-0.100285) 0.183079 (-0.46988,-0.292051) (0.154686,0.187597) 0.177593
5.2 (1.73987,1.32887) (0.646412,0.758828) 0.198543 (2.79844,2.7831) 1.56499 0.865226 (-0.021842,-0.161307) (0.13703,0.129584) 0.203632 (1.87832,2.21154) (-0.14692,-0.151326) 0.194537 (2.74743,3.0766) (-0.0969226,-0.100286) 0.183079 (-0.454412,-0.273292) (0.154686,0.187597) 0.177593
5.3 (1.80449,1.40473) (0.646187,0.758567) 0.198543 (2.79844,2.7831) 1.56499 0.865228 (-0.00813899,-0.148348) (0.13703,0.129584) 0.203632 (1.86362,2.1964) (-0.146918,-0.151328) 0.194537 (2.73773,3.06657) (-0.0969226,-0.100285) 0.183079 (-0.438943,-0.254532) (0.154686,0.187597) 0.177593
5.4 (1.86908,1.48055) (0.645936,0.758278) 0.198543 (2.79844,2.7831) 1.56499 0.865232 (0.00556404,-0.13539) (0.13703,0.129584) 0.203632 (1.84893,2.18127) (-0.146919,-0.151327) 0.194537 (2.72804,3.05654) (-0.0969228,-0.100285) 0.183079 (-0.423475,-0.235772) (0.154686,0.187597) 0.177593
5.5 (1.93365,1.55635) (0.645689,0.757993) 0.198543 (2.79844,2.7831) 1.56499 0.865234 (0.0192671,-0.122431) (0.13703,0.129584) 0.203632 (1.83424,2.16614) (-0.146929,-0.151318) 0.194537 (2.71835,3.04651) (-0.0969227,-0.100285) 0.183079 (-0.408006,-0.217013) (0.154686,0.187597) 0.177593
5.6 (1.99818,1.63211) (0.645306,0.75755) 0.198543 (2.79844,2.7831) 1.56499 0.865239 (0.0329701,-0.109473) (0.13703,0.129584) 0.203632 (1.81955,2.15101) (-0.146922,-0.151325) 0.194537 (2.70866,3.03648) (-0.0969228,-0.100285) 0.183079 (-0.392538,-0.198253) (0.154686,0.187597) 0.177593
5.7 (2.06266,1.70781) (0.644822,0.75699) 0.198543 (2.79844,2.7831) 1.56499 0.865245 (0.0466731,-0.0965144) (0.13703,0.129584) 0.203632 (1.80486,2.13587) (-0.146922,-0.151324) 0.194537 (2.69897,3.02646) (-0.0969228,-0.100285) 0.183079 (-0.377069,-0.179493) (0.154686,0.187597) 0.177593
5.8 (2.1271,1.78345) (0.644318,0.756407) 0.198543 (2.79844,2.7831) 1.56499 0.865251 (0.0603761,-0.0835559) (0.13703,0.129584) 0.203632 (1.79016,2.12074) (-0.146919,-0.151327) 0.194537 (2.68927,3.01643) (-0.0969228,-0.100285) 0.183079 (-0.3616,-0.160734) (0.154686,0.187597) 0.177593
5.9 (2.19146,1.85901) (0.643664,0.755651) 0.198543 (2.79844,2.7831) 1.56499 0.865258 (0.0740792,-0.0705975) (0.13703,0.129584) 0.203632 (1.77547,2.10561) (-0.146916,-0.15133) 0.194537 (2.67958,3.0064) (-0.0969229,-0.100285) 0.183079 (-0.346132,-0.141974) (0.154686,0.187597) 0.177593
6 (2.25574,1.93448) (0.642817,0.754672) 0.198543 (2.79844,2.7831) 1.56499 0.865268 (0.0877822,-0.057639) (0.13703,0.129584) 0.203632 (1.76078,2.09048) (-0.146914,-0.151332) 0.194537 (2.66989,2.99637) (-0.0969261,-0.100282) 0.183079 (-0.330663,-0.123214) (0.154686,0.187597) 0.177593
6.1 (2.31992,2.00982) (0.641739,0.753431) 0.198543 (2.79844,2.7831) 1.56499 0.865284 (0.101485,-0.0446806) (0.13703,0.129584) 0.203632 (1.74609,2.07534) (-0.146921,-0.151325) 0.194537 (2.6602,2.98634) (-0.0969243,-0.100284) 0.183079 (-0.315195,-0.104455) (0.154686,0.187597) 0.177593
6.2 (2.37809,2.07822) (0.581683,0.684021) 0.198543 (2.79844,2.7831) 1.56499 0.866077 (0.115188,-0.0317221) (0.13703,0.129584) 0.203632 (1.7314,2.06021) (-0.146918,-0.151328) 0.194537 (2.6505,2.97631) (-0.0969243,-0.100284) 0.183079 (-0.299726,-0.085695) (0.154686,0.187597) 0.177593
6.3 (2.43038,2.13984) (0.52294,0.616128) 0.198543 (2.79844,2.7831) 1.56499 0.867027 (0.128891,-0.0187637) (0.13703,0.129584) 0.203632 (1.7167,2.04508) (-0.14693,-0.151317) 0.194537 (2.64081,2.96629) (-0.0969242,-0.100284) 0.183079 (-0.284258,-0.0669354) (0.154686,0.187597) 0.177593
6.4 (2.47739,2.19534) (0.470109,0.555068) 0.198543 (2.79844,2.7831) 1.56499 0.868082 (0.142594,-0.00580524) (0.13703,0.129584) 0.203632 (1.70201,2.02995) (-0.14692,-0.151326) 0.194537 (2.63112,2.95626) (-0.0969242,-0.100284) 0.183079 (-0.268789,-0.0481757) (0.154686,0.187597) 0.177593
6.5 (2.51964,2.24534) (0.422465,0.500004) 0.198543 (2.79844,2.7831) 1.56499 0.869256 (0.156297,0.00715321) (0.13703,0.129584) 0.203632 (1.68732,2.01481) (-0.146928,-0.151319) 0.194537 (2.62143,2.94623) (-0.0969242,-0.100284) 0.183079 (-0.253321,-0.029416) (0.154686,0.187597) 0.177593
6.6 (2.5576,2.2904) (0.37964,0.450508) 0.198543 (2.79844,2.7831) 1.56499 0.87056 (0.17,0.0201117) (0.13703,0.129584) 0.203632 (1.67263,1.99968) (-0.146922,-0.151325) 0.194537 (2.61173,2.9362) (-0.0969266,-0.100282) 0.183079 (-0.237852,-0.0106564) (0.154686,0.187597) 0.177593
6.7 (2.59171,2.33099) (0.341088,0.405954) 0.198543 (2.79844,2.7831) 1.56499 0.872012 (0.183703,0.0330701) (0.13703,0.129584) 0.203632 (1.65793,1.98455) (-0.146935,-0.151312) 0.194537 (2.60204,2.92617) (-0.0969253,-0.100283) 0.183079 (-0.222383,0.00810331) (0.154686,0.187597) 0.177593
6.8 (2.62235,2.36758) (0.306413,0.365878) 0.198543 (2.79844,2.7831) 1.56499 0.87362 (0.197406,0.0460285) (0.13703,0.129584) 0.203632 (1.64324,1.96942) (-0.146928,-0.151319) 0.194537 (2.59235,2.91614) (-0.0969253,-0.100283) 0.183079 (-0.206915,0.026863) (0.154686,0.187597) 0.177593
