[]
timestamp position0 velocity0 radius0 goal pref_speed theta position1 velocity1 radius1 position2 velocity2 radius2 position3 velocity3 radius3 position4 velocity4 radius4 position5 velocity5 radius5 position6 velocity6 radius6
0 (-1.62909,-1.50744) (0,0) 0.187465 (2.79844,2.7831) 1.87043 0 (-0.518442,-0.571654) (0,0) 0.149833 (2.64614,2.84629) (0,0) 0.138516 (3.21788,3.52343) (0,0) 0.14795 (-0.958473,-0.969134) (0,0) 0.202097
0.1 (-1.63126,-1.49723) (-0.0216613,0.102129) 0.187465 (2.79844,2.7831) 1.87043 1.7798 (-0.498937,-0.551927) (0.195055,0.197266) 0.149833 (2.63669,2.83689) (-0.0944988,-0.0940159) 0.138516 (3.20855,3.52345) (-0.0932274,0.000219833) 0.14795 (-0.960101,-0.963737) (-0.0162756,0.0539776) 0.202097
0.2 (-1.6401,-1.4616) (-0.088396,0.356282) 0.187465 (2.79844,2.7831) 1.87043 1.81399 (-0.479432,-0.532199) (0.195042,0.197279) 0.149833 (2.62724,2.82749) (-0.0945002,-0.0940145) 0.138516 (3.19645,3.5136) (-0.120993,-0.0985444) 0.14795 (-0.949953,-0.953601) (0.101474,0.101354) 0.202097
0.3 (-1.62805,-1.39562) (0.120493,0.659788) 0.187465 (2.79844,2.7831) 1.87043 1.39016 (-0.459928,-0.512472) (0.195047,0.197275) 0.149833 (2.61779,2.81808) (-0.0944965,-0.0940181) 0.138516 (3.18557,3.50241) (-0.108788,-0.111873) 0.14795 (-0.939807,-0.943465) (0.101469,0.101359) 0.202097
0.4 (-1.59014,-1.30811) (0.379081,0.875121) 0.187465 (2.79844,2.7831) 1.87043 1.16202 (-0.440424,-0.492743) (0.195038,0.197283) 0.149833 (2.60835,2.80868) (-0.0944982,-0.0940165) 0.138516 (3.1747,3.49122) (-0.108779,-0.111882) 0.14795 (-0.92966,-0.93333) (0.10147,0.101358) 0.202097
0.5 (-1.54584,-1.22356) (0.442952,0.845521) 0.187465 (2.79844,2.7831) 1.87043 1.08823 (-0.420918,-0.473017) (0.195061,0.197261) 0.149833 (2.5989,2.79928) (-0.0944965,-0.0940182) 0.138516 (3.16382,3.48003) (-0.108777,-0.111883) 0.14795 (-0.919513,-0.923194) (0.101471,0.101358) 0.202097
0.6 (-1.49796,-1.1408) (0.478869,0.827559) 0.187465 (2.79844,2.7831) 1.87043 1.04622 (-0.401414,-0.45329) (0.195044,0.197277) 0.149833 (2.58945,2.78988) (-0.094492,-0.0940227) 0.138516 (3.15294,3.46884) (-0.108783,-0.111878) 0.14795 (-0.909366,-0.913058) (0.10147,0.101358) 0.202097
0.7 (-1.44802,-1.05916) (0.499388,0.816389) 0.187465 (2.79844,2.7831) 1.87043 1.02182 (-0.381908,-0.433563) (0.19506,0.197262) 0.149833 (2.58,2.78048) (-0.0945051,-0.0940095) 0.138516 (3.14206,3.45766) (-0.108774,-0.111887) 0.14795 (-0.899219,-0.902922) (0.101471,0.101358) 0.202097
0.8 (-1.39687,-0.978217) (0.511505,0.809433) 0.187465 (2.79844,2.7831) 1.87043 1.00723 (-0.362403,-0.413835) (0.195041,0.19728) 0.149833 (2.57055,2.77108) (-0.0944988,-0.0940158) 0.138516 (3.13119,3.44647) (-0.108773,-0.111887) 0.14795 (-0.889072,-0.892785) (0.101461,0.101367) 0.202097
0.9 (-1.34499,-0.897747) (0.518783,0.804701) 0.187465 (2.79844,2.7831) 1.87043 0.998162 (-0.3429,-0.394106) (0.195029,0.197292) 0.149833 (2.5611,2.76167) (-0.0944994,-0.0940152) 0.138516 (3.12031,3.43528) (-0.108781,-0.11188) 0.14795 (-0.878926,-0.882649) (0.101462,0.101366) 0.202097
1 (-1.29264,-0.817608) (0.523473,0.801391) 0.187465 (2.79844,2.7831) 1.87043 0.992171 (-0.323396,-0.374378) (0.195045,0.197277) 0.149833 (2.55165,2.75227) (-0.0944976,-0.094017) 0.138516 (3.10943,3.42409) (-0.108782,-0.111879) 0.14795 (-0.86878,-0.872512) (0.101463,0.101365) 0.202097
1.1 (-1.23996,-0.737726) (0.526818,0.798813) 0.187465 (2.79844,2.7831) 1.87043 0.987771 (-0.303892,-0.354651) (0.195044,0.197278) 0.149833 (2.5422,2.74287) (-0.0944968,-0.0940179) 0.138516 (3.09855,3.4129) (-0.10879,-0.111871) 0.14795 (-0.858634,-0.862376) (0.101462,0.101366) 0.202097
1.2 (-1.18696,-0.658069) (0.530024,0.796574) 0.187465 (2.79844,2.7831) 1.87043 0.983685 (-0.284387,-0.334923) (0.195042,0.19728) 0.149833 (2.53275,2.73347) (-0.0945,-0.0940146) 0.138516 (3.08767,3.40172) (-0.108778,-0.111883) 0.14795 (-0.848488,-0.852239) (0.10146,0.101368) 0.202097
1.3 (-1.13284,-0.578641) (0.541229,0.794278) 0.187465 (2.79844,2.7831) 1.87043 0.972656 (-0.264881,-0.315197) (0.19506,0.197262) 0.149833 (2.5233,2.72407) (-0.0945022,-0.0940124) 0.138516 (3.07679,3.39053) (-0.108782,-0.111879) 0.14795 (-0.838341,-0.842103) (0.10147,0.101358) 0.202097
1.4 (-1.07272,-0.504349) (0.601135,0.742922) 0.187465 (2.79844,2.7831) 1.87043 0.890501 (-0.245377,-0.295468) (0.195041,0.197281) 0.149833 (2.51385,2.71467) (-0.0944993,-0.0940153) 0.138516 (3.06592,3.37934) (-0.108786,-0.111875) 0.14795 (-0.828194,-0.831967) (0.101465,0.101363) 0.202097
1.5 (-1.009,-0.431331) (0.637218,0.730176) 0.187465 (2.79844,2.7831) 1.87043 0.853276 (-0.225874,-0.27574) (0.195032,0.197289) 0.149833 (2.5044,2.70527) (-0.0944984,-0.0940163) 0.138516 (3.05504,3.36815) (-0.10878,-0.111881) 0.14795 (-0.818048,-0.82183) (0.101464,0.101364) 0.202097
1.6 (-0.942145,-0.357765) (0.668553,0.735667) 0.187465 (2.79844,2.7831) 1.87043 0.833156 (-0.20637,-0.256012) (0.195042,0.197279) 0.149833 (2.49495,2.69586) (-0.0944921,-0.0940225) 0.138516 (3.04416,3.35697) (-0.108791,-0.11187) 0.14795 (-0.807901,-0.811695) (0.101469,0.101359) 0.202097
1.7 (-0.874605,-0.284882) (0.675397,0.728824) 0.187465 (2.79844,2.7831) 1.87043 0.823427 (-0.186866,-0.236283) (0.195041,0.197281) 0.149833 (2.4855,2.68646) (-0.0944992,-0.0940155) 0.138516 (3.03328,3.34578) (-0.108775,-0.111885) 0.14795 (-0.797753,-0.801559) (0.101474,0.101354) 0.202097
1.8 (-0.806725,-0.212361) (0.678801,0.725216) 0.187465 (2.79844,2.7831) 1.87043 0.818445 (-0.167363,-0.216555) (0.195032,0.197289) 0.149833 (2.47605,2.67706) (-0.0944953,-0.0940193) 0.138516 (3.0224,3.33459) (-0.108789,-0.111872) 0.14795 (-0.787607,-0.791423) (0.101465,0.101363) 0.202097
1.9 (-0.738679,-0.140031) (0.680461,0.723302) 0.187465 (2.79844,2.7831) 1.87043 0.815908 (-0.147858,-0.196827) (0.195047,0.197275) 0.149833 (2.4666,2.66766) (-0.0944911,-0.0940235) 0.138516 (3.01152,3.3234) (-0.108781,-0.11188) 0.14795 (-0.777459,-0.781287) (0.101474,0.101354) 0.202097
2 (-0.670565,-0.0678165) (0.681144,0.722141) 0.187465 (2.79844,2.7831) 1.87043 0.814605 (-0.128354,-0.177099) (0.195038,0.197283) 0.149833 (2.45715,2.65826) (-0.0944965,-0.0940182) 0.138516 (3.00065,3.31221) (-0.108791,-0.11187) 0.14795 (-0.767313,-0.771151) (0.101467,0.101361) 0.202097
2.1 (-0.602427,0.00432738) (0.681381,0.721439) 0.187465 (2.79844,2.7831) 1.87043 0.813945 (-0.108849,-0.157371) (0.195047,0.197274) 0.149833 (2.4477,2.64885) (-0.0945002,-0.0940144) 0.138516 (2.98977,3.30103) (-0.108791,-0.11187) 0.14795 (-0.757165,-0.761016) (0.101473,0.101355) 0.202097
2.2 (-0.534285,0.076426) (0.681413,0.720986) 0.187465 (2.79844,2.7831) 1.87043 0.813609 (-0.0893449,-0.137644) (0.195046,0.197276) 0.149833 (2.43825,2.63945) (-0.0945019,-0.0940127) 0.138516 (2.97889,3.28984) (-0.10878,-0.111881) 0.14795 (-0.747019,-0.75088) (0.101465,0.101363) 0.202097
2.3 (-0.46616,0.148482) (0.681258,0.720562) 0.187465 (2.79844,2.7831) 1.87043 0.813428 (-0.0698415,-0.117915) (0.195034,0.197288) 0.149833 (2.4288,2.63005) (-0.0945017,-0.0940129) 0.138516 (2.96801,3.27865) (-0.108777,-0.111884) 0.14795 (-0.736872,-0.740743) (0.101463,0.101365) 0.202097
2.4 (-0.398048,0.220509) (0.681113,0.720272) 0.187465 (2.79844,2.7831) 1.87043 0.813334 (-0.0503371,-0.0981872) (0.195044,0.197278) 0.149833 (2.41935,2.62065) (-0.0944911,-0.0940236) 0.138516 (2.95713,3.26746) (-0.108785,-0.111876) 0.14795 (-0.726726,-0.730607) (0.101469,0.10136) 0.202097
2.5 (-0.329966,0.292499) (0.68082,0.719901) 0.187465 (2.79844,2.7831) 1.87043 0.813292 (-0.0308335,-0.0784587) (0.195036,0.197285) 0.149833 (2.4099,2.61125) (-0.0944907,-0.094024) 0.138516 (2.94625,3.25627) (-0.108775,-0.111885) 0.14795 (-0.71658,-0.72047) (0.101458,0.10137) 0.202097
2.6 (-0.261913,0.364455) (0.680531,0.719556) 0.187465 (2.79844,2.7831) 1.87043 0.813264 (-0.0113292,-0.0587309) (0.195044,0.197278) 0.149833 (2.40045,2.60184) (-0.0944985,-0.0940162) 0.138516 (2.93538,3.24509) (-0.10878,-0.111881) 0.14795 (-0.706434,-0.710333) (0.101461,0.101367) 0.202097
2.7 (-0.1939,0.436367) (0.680133,0.719119) 0.187465 (2.79844,2.7831) 1.87043 0.813253 (0.00817577,-0.0390037) (0.195049,0.197272) 0.149833 (2.391,2.59244) (-0.0944941,-0.0940206) 0.138516 (2.9245,3.2339) (-0.10878,-0.11188) 0.14795 (-0.696287,-0.700198) (0.101471,0.101357) 0.202097
2.8 (-0.125921,0.508242) (0.679787,0.718746) 0.187465 (2.79844,2.7831) 1.87043 0.813248 (0.0276796,-0.0192754) (0.195038,0.197283) 0.149833 (2.38155,2.58304) (-0.0944971,-0.0940176) 0.138516 (2.91362,3.22271) (-0.108781,-0.11188) 0.14795 (-0.68614,-0.690061) (0.101462,0.101366) 0.202097
2.9 (-0.0579816,0.580075) (0.679395,0.718331) 0.187465 (2.79844,2.7831) 1.87043 0.813247 (0.0471843,0.00045206) (0.195047,0.197274) 0.149833 (2.3721,2.57364) (-0.0945013,-0.0940133) 0.138516 (2.90274,3.21152) (-0.108779,-0.111881) 0.14795 (-0.675994,-0.679925) (0.101464,0.101364) 0.202097
3 (0.0099168,0.651864) (0.678984,0.717894) 0.187465 (2.79844,2.7831) 1.87043 0.813246 (0.0666907,0.0201778) (0.195064,0.197258) 0.149833 (2.36265,2.56424) (-0.0945041,-0.0940105) 0.138516 (2.89186,3.20033) (-0.108781,-0.11188) 0.14795 (-0.665847,-0.669789) (0.101469,0.101359) 0.202097
3.1 (0.0777685,0.723604) (0.678517,0.717402) 0.187465 (2.79844,2.7831) 1.87043 0.813247 (0.0861967,0.0399041) (0.195059,0.197262) 0.149833 (2.3532,2.55484) (-0.0945036,-0.094011) 0.138516 (2.88099,3.18915) (-0.108781,-0.11188) 0.14795 (-0.6557,-0.659653) (0.101468,0.10136) 0.202097
3.2 (0.145567,0.795288) (0.677984,0.716841) 0.187465 (2.79844,2.7831) 1.87043 0.813249 (0.105701,0.0596318) (0.195044,0.197278) 0.149833 (2.34375,2.54544) (-0.0944979,-0.0940167) 0.138516 (2.87011,3.17796) (-0.108781,-0.11188) 0.14795 (-0.645554,-0.649517) (0.101464,0.101364) 0.202097
3.3 (0.21331,0.866914) (0.677427,0.716253) 0.187465 (2.79844,2.7831) 1.87043 0.81325 (0.125205,0.0793604) (0.195036,0.197285) 0.149833 (2.3343,2.53603) (-0.0945043,-0.0940103) 0.138516 (2.85923,3.16677) (-0.108781,-0.11188) 0.14795 (-0.635407,-0.63938) (0.101466,0.101362) 0.202097
3.4 (0.280995,0.938478) (0.676849,0.715645) 0.187465 (2.79844,2.7831) 1.87043 0.813252 (0.144709,0.099088) (0.195045,0.197276) 0.149833 (2.32485,2.52663) (-0.0945016,-0.094013) 0.138516 (2.84835,3.15558) (-0.108777,-0.111883) 0.14795 (-0.62526,-0.629244) (0.101465,0.101363) 0.202097
3.5 (0.348611,1.00997) (0.676162,0.714917) 0.187465 (2.79844,2.7831) 1.87043 0.813251 (0.164214,0.118815) (0.195049,0.197273) 0.149833 (2.3154,2.51723) (-0.0944981,-0.0940165) 0.138516 (2.83747,3.14439) (-0.108779,-0.111881) 0.14795 (-0.615113,-0.619109) (0.101474,0.101354) 0.202097
3.6 (0.416157,1.08139) (0.675464,0.714183) 0.187465 (2.79844,2.7831) 1.87043 0.813253 (0.183718,0.138543) (0.195039,0.197282) 0.149833 (2.30595,2.50783) (-0.0945044,-0.0940102) 0.138516 (2.8266,3.13321) (-0.108779,-0.111881) 0.14795 (-0.604967,-0.608972) (0.101465,0.101363) 0.202097
3.7 (0.48362,1.15272) (0.674627,0.7133) 0.187465 (2.79844,2.7831) 1.87043 0.813255 (0.203223,0.15827) (0.195051,0.19727) 0.149833 (2.2965,2.49843) (-0.0944985,-0.0940162) 0.138516 (2.81572,3.12202) (-0.108779,-0.111881) 0.14795 (-0.59482,-0.598836) (0.101467,0.101361) 0.202097
3.8 (0.550999,1.22396) (0.673795,0.712425) 0.187465 (2.79844,2.7831) 1.87043 0.813258 (0.222727,0.177999) (0.195035,0.197287) 0.149833 (2.28705,2.48903) (-0.0944994,-0.0940152) 0.138516 (2.80484,3.11083) (-0.108779,-0.111882) 0.14795 (-0.584673,-0.5887) (0.101465,0.101363) 0.202097
3.9 (0.618276,1.29509) (0.672767,0.711342) 0.187465 (2.79844,2.7831) 1.87043 0.81326 (0.242232,0.197726) (0.195055,0.197266) 0.149833 (2.2776,2.47963) (-0.0944982,-0.0940164) 0.138516 (2.79396,3.09964) (-0.108779,-0.111882) 0.14795 (-0.574527,-0.578563) (0.101463,0.101365) 0.202097
4 (0.685444,1.36611) (0.671683,0.7102) 0.187465 (2.79844,2.7831) 1.87043 0.813263 (0.261737,0.217453) (0.195051,0.19727) 0.149833 (2.26815,2.47022) (-0.0945039,-0.0940108) 0.138516 (2.78309,3.08845) (-0.108778,-0.111883) 0.14795 (-0.56438,-0.568428) (0.101471,0.101358) 0.202097
4.1 (0.752492,1.43701) (0.670474,0.708924) 0.187465 (2.79844,2.7831) 1.87043 0.813266 (0.281242,0.23718) (0.195046,0.197276) 0.149833 (2.2587,2.46082) (-0.0944954,-0.0940193) 0.138516 (2.77221,3.07727) (-0.108777,-0.111884) 0.14795 (-0.554233,-0.558292) (0.101474,0.101354) 0.202097
4.2 (0.819402,1.50776) (0.669107,0.707483) 0.187465 (2.79844,2.7831) 1.87043 0.813268 (0.300746,0.256909) (0.195036,0.197285) 0.149833 (2.24925,2.45142) (-0.0944966,-0.094018) 0.138516 (2.76133,3.06608) (-0.108778,-0.111883) 0.14795 (-0.544086,-0.548156) (0.101467,0.101361) 0.202097
4.3 (0.886163,1.57835) (0.66761,0.705906) 0.187465 (2.79844,2.7831) 1.87043 0.813273 (0.320249,0.276637) (0.195038,0.197283) 0.149833 (2.2398,2.44202) (-0.0945017,-0.0940129) 0.138516 (2.75045,3.05489) (-0.108776,-0.111885) 0.14795 (-0.53394,-0.538019) (0.101458,0.10137) 0.202097
4.4 (0.952749,1.64875) (0.665855,0.704055) 0.187465 (2.79844,2.7831) 1.87043 0.813277 (0.339754,0.296364) (0.195051,0.19727) 0.149833 (2.23035,2.43262) (-0.0945031,-0.0940115) 0.138516 (2.73957,3.0437) (-0.108777,-0.111884) 0.14795 (-0.523794,-0.527882) (0.10146,0.101368) 0.202097
4.5 (1.01915,1.71896) (0.663977,0.702078) 0.187465 (2.79844,2.7831) 1.87043 0.813282 (0.359259,0.316092) (0.195049,0.197273) 0.149833 (2.2209,2.42322) (-0.0944955,-0.0940191) 0.138516 (2.7287,3.03251) (-0.108777,-0.111884) 0.14795 (-0.513647,-0.517747) (0.101473,0.101355) 0.202097
4.6 (1.08533,1.78894) (0.661815,0.6998) 0.187465 (2.79844,2.7831) 1.87043 0.813288 (0.378765,0.335818) (0.195052,0.19727) 0.149833 (2.21145,2.41382) (-0.0944985,-0.0940162) 0.138516 (2.71782,3.02132) (-0.108777,-0.111884) 0.14795 (-0.5035,-0.507611) (0.101466,0.101363) 0.202097
4.7 (1.15126,1.85866) (0.659324,0.697177) 0.187465 (2.79844,2.7831) 1.87043 0.813295 (0.398271,0.355545) (0.195061,0.19726) 0.149833 (2.202,2.40441) (-0.0944978,-0.0940169) 0.138516 (2.70694,3.01014) (-0.108777,-0.111884) 0.14795 (-0.493354,-0.497474) (0.101461,0.101367) 0.202097
4.8 (1.2169,1.92807) (0.656439,0.694138) 0.187465 (2.79844,2.7831) 1.87043 0.813304 (0.417776,0.375272) (0.19505,0.197271) 0.149833 (2.19255,2.39501) (-0.0944962,-0.0940185) 0.138516 (2.69606,2.99895) (-0.108777,-0.111884) 0.14795 (-0.483207,-0.487338) (0.101465,0.101363) 0.202097
4.9 (1.28222,1.99714) (0.653125,0.690647) 0.187465 (2.79844,2.7831) 1.87043 0.813314 (0.43728,0.394999) (0.195046,0.197276) 0.149833 (2.1831,2.38561) (-0.0945058,-0.0940088) 0.138516 (2.68519,2.98776) (-0.108777,-0.111884) 0.14795 (-0.473061,-0.477201) (0.101461,0.101367) 0.202097
5 (1.34715,2.0658) (0.649332,0.686651) 0.187465 (2.79844,2.7831) 1.87043 0.813325 (0.456785,0.414727) (0.195044,0.197277) 0.149833 (2.17365,2.37621) (-0.0944989,-0.0940157) 0.138516 (2.67431,2.97657) (-0.108777,-0.111884) 0.14795 (-0.462915,-0.467065) (0.101465,0.101363) 0.202097
5.1 (1.41164,2.134) (0.644867,0.681949) 0.187465 (2.79844,2.7831) 1.87043 0.813339 (0.476289,0.434455) (0.195042,0.19728) 0.149833 (2.1642,2.36681) (-0.0944986,-0.0940161) 0.138516 (2.66343,2.96538) (-0.108777,-0.111884) 0.14795 (-0.452767,-0.456929) (0.101473,0.101355) 0.202097
5.2 (1.47561,2.20165) (0.639708,0.676514) 0.187465 (2.79844,2.7831) 1.87043 0.813354 (0.495794,0.454182) (0.195055,0.197266) 0.149833 (2.15475,2.35741) (-0.0944982,-0.0940164) 0.138516 (2.65255,2.95419) (-0.108777,-0.111884) 0.14795 (-0.442621,-0.446793) (0.101469,0.101359) 0.202097
5.3 (1.53897,2.26866) (0.633623,0.670105) 0.187465 (2.79844,2.7831) 1.87043 0.813374 (0.515299,0.473909) (0.195044,0.197277) 0.149833 (2.1453,2.348) (-0.0944985,-0.0940161) 0.138516 (2.64168,2.94301) (-0.108777,-0.111884) 0.14795 (-0.432474,-0.436657) (0.101463,0.101365) 0.202097
5.4 (1.6016,2.33489) (0.62626,0.662349) 0.187465 (2.79844,2.7831) 1.87043 0.813397 (0.534802,0.493638) (0.195034,0.197287) 0.149833 (2.13585,2.3386) (-0.0945,-0.0940146) 0.138516 (2.6308,2.93182) (-0.108775,-0.111885) 0.14795 (-0.422328,-0.42652) (0.101462,0.101366) 0.202097
5.5 (1.66336,2.40022) (0.617691,0.653322) 0.187465 (2.79844,2.7831) 1.87043 0.813424 (0.554306,0.513366) (0.19504,0.197282) 0.149833 (2.1264,2.3292) (-0.0944955,-0.0940191) 0.138516 (2.61992,2.92063) (-0.108776,-0.111884) 0.14795 (-0.412181,-0.416384) (0.101466,0.101362) 0.202097
5.6 (1.72411,2.46448) (0.607431,0.642515) 0.187465 (2.79844,2.7831) 1.87043 0.813459 (0.573812,0.533093) (0.195056,0.197266) 0.149833 (2.11695,2.3198) (-0.094503,-0.0940116) 0.138516 (2.60904,2.90944) (-0.108776,-0.111885) 0.14795 (-0.402035,-0.406248) (0.101469,0.101359) 0.202097
5.7 (1.78362,2.52743) (0.595148,0.629577) 0.187465 (2.79844,2.7831) 1.87043 0.813502 (0.593317,0.55282) (0.195049,0.197273) 0.149833 (2.1075,2.3104) (-0.0945047,-0.0940099) 0.138516 (2.59817,2.89825) (-0.108776,-0.111885) 0.14795 (-0.391888,-0.396112) (0.101466,0.101362) 0.202097
5.8 (1.84165,2.58883) (0.580307,0.613944) 0.187465 (2.79844,2.7831) 1.87043 0.813556 (0.61282,0.572549) (0.19503,0.197291) 0.149833 (2.09805,2.301) (-0.0944994,-0.0940152) 0.138516 (2.58729,2.88706) (-0.108776,-0.111885) 0.14795 (-0.381742,-0.385975) (0.101461,0.101368) 0.202097
5.9 (1.89658,2.64695) (0.549219,0.581198) 0.187465 (2.79844,2.7831) 1.87043 0.81368 (0.632486,0.592116) (0.196659,0.195668) 0.149833 (2.08844,2.29176) (-0.0960804,-0.0923989) 0.138516 (2.57641,2.87587) (-0.108776,-0.111884) 0.14795 (-0.371595,-0.375839) (0.101466,0.101363) 0.202097
6 (1.94599,2.69927) (0.494153,0.523195) 0.187465 (2.79844,2.7831) 1.87043 0.813938 (0.652427,0.611402) (0.199417,0.192856) 0.149833 (2.07857,2.2828) (-0.0987107,-0.0895834) 0.138516 (2.56553,2.86469) (-0.108776,-0.111884) 0.14795 (-0.361449,-0.365703) (0.101466,0.101363) 0.202097
6.1 (1.99045,2.74637) (0.444628,0.47103) 0.187465 (2.79844,2.7831) 1.87043 0.814224 (0.672538,0.630511) (0.201111,0.191088) 0.149833 (2.06854,2.27402) (-0.100308,-0.0877913) 0.138516 (2.55466,2.8535) (-0.108776,-0.111884) 0.14795 (-0.351302,-0.355567) (0.101468,0.101361) 0.202097
6.2 (2.03045,2.78877) (0.400015,0.424038) 0.187465 (2.79844,2.7831) 1.87043 0.814542 (0.692763,0.649499) (0.202246,0.189887) 0.149833 (2.0584,2.26536) (-0.101373,-0.0865593) 0.138516 (2.54378,2.84231) (-0.108776,-0.111884) 0.14795 (-0.341156,-0.34543) (0.101462,0.101367) 0.202097
6.3 (2.06644,2.82695) (0.359863,0.381745) 0.187465 (2.79844,2.7831) 1.87043 0.814895 (0.713053,0.668418) (0.202896,0.189192) 0.149833 (2.04821,2.25678) (-0.101984,-0.0858384) 0.138516 (2.5329,2.83112) (-0.108773,-0.111888) 0.14795 (-0.331009,-0.335294) (0.101472,0.101356) 0.202097
6.4 (2.09882,2.86132) (0.323804,0.343758) 0.187465 (2.79844,2.7831) 1.87043 0.815281 (0.733364,0.687314) (0.203119,0.188953) 0.149833 (2.03799,2.24822) (-0.102194,-0.0855883) 0.138516 (2.52202,2.81993) (-0.108775,-0.111886) 0.14795 (-0.320862,-0.325158) (0.101469,0.101359) 0.202097
6.5 (2.12794,2.89227) (0.29122,0.309437) 0.187465 (2.79844,2.7831) 1.87043 0.815717 (0.753676,0.706209) (0.203119,0.188953) 0.149833 (2.02777,2.23966) (-0.102195,-0.0855878) 0.138516 (2.51115,2.80874) (-0.108775,-0.111886) 0.14795 (-0.310715,-0.315023) (0.101472,0.101356) 0.202097
6.6 (2.15414,2.92013) (0.261977,0.278635) 0.187465 (2.79844,2.7831) 1.87043 0.816202 (0.773988,0.725104) (0.203119,0.188953) 0.149833 (2.01755,2.2311) (-0.102195,-0.0855878) 0.138516 (2.50027,2.79755) (-0.108775,-0.111886) 0.14795 (-0.300568,-0.304886) (0.101466,0.101363) 0.202097
6.7 (2.17771,2.94522) (0.235648,0.250902) 0.187465 (2.79844,2.7831) 1.87043 0.816739 (0.7943,0.744) (0.203119,0.188953) 0.149833 (2.00733,2.22255) (-0.102195,-0.0855878) 0.138516 (2.48939,2.78637) (-0.108775,-0.111886) 0.14795 (-0.290422,-0.294749) (0.101459,0.101369) 0.202097
6.8 (2.1989,2.96782) (0.211966,0.225958) 0.187465 (2.79844,2.7831) 1.87043 0.817336 (0.814612,0.762895) (0.203119,0.188953) 0.149833 (1.99711,2.21399) (-0.102195,-0.0855878) 0.138516 (2.47851,2.77518) (-0.108775,-0.111886) 0.14795 (-0.280275,-0.284613) (0.101466,0.101362) 0.202097
6.9 (2.21796,2.98816) (0.190575,0.203425) 0.187465 (2.79844,2.7831) 1.87043 0.818003 (0.834924,0.78179) (0.203119,0.188953) 0.149833 (1.98689,2.20543) (-0.102195,-0.0855878) 0.138516 (2.46764,2.76399) (-0.108775,-0.111886) 0.14795 (-0.27013,-0.274476) (0.101459,0.101369) 0.202097
7 (2.23511,3.00649) (0.171447,0.183278) 0.187465 (2.79844,2.7831) 1.87043 0.818739 (0.855236,0.800685) (0.203119,0.188953) 0.149833 (1.97667,2.19687) (-0.102195,-0.0855878) 0.138516 (2.45676,2.7528) (-0.108774,-0.111886) 0.14795 (-0.259983,-0.26434) (0.101467,0.101362) 0.202097
7.1 (2.26094,3.02643) (0.258348,0.19943) 0.187465 (2.79844,2.7831) 1.87043 0.657398 (0.875548,0.819581) (0.203119,0.188953) 0.149833 (1.96645,2.18831) (-0.102195,-0.0855878) 0.138516 (2.44588,2.74161) (-0.108778,-0.111883) 0.14795 (-0.249837,-0.254203) (0.101457,0.101371) 0.202097
7.2 (2.29636,3.04325) (0.354214,0.168173) 0.187465 (2.79844,2.7831) 1.87043 0.443266 (0.89586,0.838476) (0.203119,0.188953) 0.149833 (1.95623,2.17975) (-0.102195,-0.0855878) 0.138516 (2.435,2.73042) (-0.108781,-0.11188) 0.14795 (-0.23969,-0.244067) (0.101467,0.101361) 0.202097
7.3 (2.3387,3.05273) (0.423338,0.0947877) 0.187465 (2.79844,2.7831) 1.87043 0.220272 (0.916171,0.857371) (0.203119,0.188953) 0.149833 (1.94601,2.17119) (-0.102195,-0.0855878) 0.138516 (2.42412,2.71924) (-0.108778,-0.111882) 0.14795 (-0.229543,-0.233932) (0.101473,0.101355) 0.202097
7.4 (2.38403,3.05257) (0.453391,-0.0015536) 0.187465 (2.79844,2.7831) 1.87043 -0.00342661 (0.936483,0.876266) (0.203119,0.188953) 0.149833 (1.93579,2.16263) (-0.102195,-0.0855878) 0.138516 (2.41325,2.70805) (-0.108786,-0.111875) 0.14795 (-0.219396,-0.223796) (0.101469,0.101359) 0.202097
7.5 (2.42821,3.04253) (0.441772,-0.100377) 0.187465 (2.79844,2.7831) 1.87043 -0.223422 (0.956795,0.895162) (0.203119,0.188953) 0.149833 (1.92557,2.15408) (-0.102195,-0.0855878) 0.138516 (2.40237,2.69686) (-0.108789,-0.111872) 0.14795 (-0.20925,-0.213659) (0.101464,0.101364) 0.202097
