[]
timestamp position0 velocity0 radius0 goal pref_speed theta position1 velocity1 radius1 position2 velocity2 radius2 position3 velocity3 radius3 position4 velocity4 radius4 position5 velocity5 radius5 position6 velocity6 radius6
0 (-1.59183,-1.59857) (0,0) 0.210937 (2.79844,2.7831) 1.95867 0 (-0.620026,-0.832427) (0,0) 0.209546 (2.86504,2.39775) (0,0) 0.171469 (3.48468,3.00444) (0,0) 0.15244 (-0.926504,-0.899543) (0,0) 0.2037
0.1 (-1.58617,-1.59635) (0.0565416,0.0221692) 0.210937 (2.79844,2.7831) 1.95867 0.373666 (-0.591872,-0.826261) (0.28154,0.061655) 0.209546 (2.84896,2.38405) (-0.160804,-0.137032) 0.171469 (3.47611,3.00543) (-0.0857121,0.00988575) 0.15244 (-0.95143,-0.905002) (-0.24926,-0.0545859) 0.2037
0.2 (-1.56351,-1.58543) (0.226662,0.109254) 0.210937 (2.79844,2.7831) 1.95867 0.449154 (-0.571534,-0.80584) (0.203381,0.204211) 0.209546 (2.83288,2.37035) (-0.160816,-0.137017) 0.171469 (3.44992,3.0025) (-0.261873,-0.0293063) 0.15244 (-0.974999,-0.895223) (-0.235687,0.0977831) 0.2037
0.3 (-1.53031,-1.56833) (0.331978,0.171016) 0.210937 (2.79844,2.7831) 1.95867 0.475689 (-0.551805,-0.78483) (0.197288,0.210104) 0.209546 (2.81679,2.35665) (-0.160814,-0.13702) 0.171469 (3.42633,2.99076) (-0.235918,-0.117383) 0.15244 (-0.978881,-0.870004) (-0.0388253,0.252196) 0.2037
0.4 (-1.47656,-1.55129) (0.537469,0.170338) 0.210937 (2.79844,2.7831) 1.95867 0.306911 (-0.532076,-0.76382) (0.197292,0.2101) 0.209546 (2.80071,2.34294) (-0.160801,-0.137035) 0.171469 (3.40639,2.97354) (-0.199433,-0.172229) 0.15244 (-0.970813,-0.845796) (0.0806769,0.242077) 0.2037
0.5 (-1.40258,-1.51884) (0.739846,0.324497) 0.210937 (2.79844,2.7831) 1.95867 0.413333 (-0.512347,-0.74281) (0.197289,0.210103) 0.209546 (2.78463,2.32924) (-0.160803,-0.137033) 0.171469 (3.38644,2.95631) (-0.199435,-0.172227) 0.15244 (-0.956831,-0.824452) (0.139825,0.213446) 0.2037
0.6 (-1.32093,-1.4793) (0.816451,0.395447) 0.210937 (2.79844,2.7831) 1.95867 0.451048 (-0.492619,-0.721798) (0.197277,0.210114) 0.209546 (2.76855,2.31554) (-0.160809,-0.137026) 0.171469 (3.3665,2.93909) (-0.199441,-0.17222) 0.15244 (-0.939379,-0.805836) (0.174516,0.186157) 0.2037
0.7 (-1.24011,-1.43779) (0.808245,0.41512) 0.210937 (2.79844,2.7831) 1.95867 0.474474 (-0.47289,-0.700788) (0.197286,0.210105) 0.209546 (2.75247,2.30184) (-0.16081,-0.137025) 0.171469 (3.34656,2.92187) (-0.199433,-0.172229) 0.15244 (-0.921046,-0.788088) (0.183333,0.177479) 0.2037
0.8 (-1.15981,-1.39526) (0.802946,0.425251) 0.210937 (2.79844,2.7831) 1.95867 0.487057 (-0.453162,-0.679777) (0.197286,0.210106) 0.209546 (2.73639,2.28813) (-0.160805,-0.137031) 0.171469 (3.32661,2.90465) (-0.199449,-0.17221) 0.15244 (-0.902712,-0.770341) (0.183341,0.177471) 0.2037
0.9 (-1.07991,-1.35223) (0.799033,0.430266) 0.210937 (2.79844,2.7831) 1.95867 0.493959 (-0.433433,-0.658767) (0.197286,0.210106) 0.209546 (2.72031,2.27443) (-0.16081,-0.137025) 0.171469 (3.30667,2.88743) (-0.19943,-0.172232) 0.15244 (-0.884378,-0.752594) (0.183342,0.17747) 0.2037
1 (-1.0003,-1.30897) (0.796062,0.432635) 0.210937 (2.79844,2.7831) 1.95867 0.497815 (-0.413704,-0.637757) (0.197292,0.2101) 0.209546 (2.70423,2.26073) (-0.160805,-0.13703) 0.171469 (3.28673,2.8702) (-0.199438,-0.172222) 0.15244 (-0.866044,-0.734846) (0.183334,0.177479) 0.2037
1.1 (-0.920956,-1.26562) (0.793476,0.43354) 0.210937 (2.79844,2.7831) 1.95867 0.500061 (-0.393976,-0.616746) (0.197284,0.210108) 0.209546 (2.68815,2.24703) (-0.160808,-0.137027) 0.171469 (3.26678,2.85298) (-0.199427,-0.172235) 0.15244 (-0.84771,-0.717099) (0.183346,0.177466) 0.2037
1.2 (-0.841847,-1.22225) (0.791092,0.433669) 0.210937 (2.79844,2.7831) 1.95867 0.501453 (-0.374247,-0.595736) (0.197289,0.210103) 0.209546 (2.67207,2.23332) (-0.160801,-0.137035) 0.171469 (3.24684,2.83576) (-0.199441,-0.172219) 0.15244 (-0.829375,-0.699353) (0.18335,0.177462) 0.2037
1.3 (-0.762989,-1.17892) (0.788581,0.43328) 0.210937 (2.79844,2.7831) 1.95867 0.502415 (-0.354518,-0.574725) (0.197286,0.210106) 0.209546 (2.65599,2.21962) (-0.160796,-0.13704) 0.171469 (3.2269,2.81854) (-0.199434,-0.172228) 0.15244 (-0.811041,-0.681606) (0.183341,0.177472) 0.2037
1.4 (-0.684371,-1.13565) (0.786185,0.432686) 0.210937 (2.79844,2.7831) 1.95867 0.503121 (-0.334789,-0.553714) (0.197286,0.210105) 0.209546 (2.63991,2.20591) (-0.160807,-0.137028) 0.171469 (3.20695,2.80132) (-0.199452,-0.172206) 0.15244 (-0.792706,-0.663859) (0.183344,0.177468) 0.2037
1.5 (-0.605993,-1.09246) (0.783772,0.431947) 0.210937 (2.79844,2.7831) 1.95867 0.503697 (-0.31506,-0.532704) (0.197289,0.210103) 0.209546 (2.62383,2.19221) (-0.160811,-0.137023) 0.171469 (3.18701,2.78409) (-0.199438,-0.172222) 0.15244 (-0.774373,-0.646111) (0.183333,0.177479) 0.2037
1.6 (-0.527874,-1.04935) (0.781193,0.431067) 0.210937 (2.79844,2.7831) 1.95867 0.504229 (-0.295334,-0.511692) (0.197268,0.210122) 0.209546 (2.60775,2.17851) (-0.160809,-0.137026) 0.171469 (3.16706,2.76687) (-0.199436,-0.172225) 0.15244 (-0.756038,-0.628365) (0.183345,0.177468) 0.2037
1.7 (-0.450019,-1.00634) (0.778553,0.430139) 0.210937 (2.79844,2.7831) 1.95867 0.504749 (-0.275604,-0.490682) (0.197294,0.210099) 0.209546 (2.59167,2.16481) (-0.160814,-0.13702) 0.171469 (3.14712,2.74965) (-0.199442,-0.172219) 0.15244 (-0.737704,-0.610618) (0.183349,0.177464) 0.2037
1.8 (-0.372439,-0.963425) (0.7758,0.429119) 0.210937 (2.79844,2.7831) 1.95867 0.505244 (-0.255876,-0.469671) (0.197279,0.210112) 0.209546 (2.57558,2.1511) (-0.160805,-0.13703) 0.171469 (3.12717,2.73243) (-0.199445,-0.172214) 0.15244 (-0.719369,-0.592871) (0.183343,0.177469) 0.2037
1.9 (-0.295136,-0.920616) (0.773023,0.428093) 0.210937 (2.79844,2.7831) 1.95867 0.505749 (-0.236148,-0.44866) (0.197279,0.210112) 0.209546 (2.55951,2.1374) (-0.160792,-0.137045) 0.171469 (3.10723,2.7152) (-0.199429,-0.172233) 0.15244 (-0.701035,-0.575124) (0.183343,0.177469) 0.2037
2 (-0.21814,-0.877921) (0.769966,0.426951) 0.210937 (2.79844,2.7831) 1.95867 0.506297 (-0.216419,-0.42765) (0.197292,0.2101) 0.209546 (2.54343,2.1237) (-0.160807,-0.137029) 0.171469 (3.08729,2.69798) (-0.199444,-0.172216) 0.15244 (-0.682701,-0.557377) (0.183341,0.177472) 0.2037
2.1 (-0.141446,-0.83534) (0.766941,0.425806) 0.210937 (2.79844,2.7831) 1.95867 0.506827 (-0.19669,-0.40664) (0.197292,0.2101) 0.209546 (2.52735,2.10999) (-0.160798,-0.137039) 0.171469 (3.06734,2.68076) (-0.19944,-0.17222) 0.15244 (-0.664367,-0.539629) (0.183332,0.17748) 0.2037
2.2 (-0.0650763,-0.792883) (0.763695,0.424577) 0.210937 (2.79844,2.7831) 1.95867 0.507401 (-0.176962,-0.385629) (0.197285,0.210107) 0.209546 (2.51126,2.09629) (-0.160805,-0.13703) 0.171469 (3.0474,2.66354) (-0.199452,-0.172207) 0.15244 (-0.646033,-0.521883) (0.183347,0.177465) 0.2037
2.3 (0.0109528,-0.750553) (0.760291,0.423299) 0.210937 (2.79844,2.7831) 1.95867 0.508018 (-0.157232,-0.364619) (0.197293,0.210099) 0.209546 (2.49518,2.08259) (-0.160804,-0.137032) 0.171469 (3.02745,2.64632) (-0.199442,-0.172218) 0.15244 (-0.627697,-0.504137) (0.183354,0.177458) 0.2037
2.4 (0.0887546,-0.70406) (0.778018,0.464931) 0.210937 (2.79844,2.7831) 1.95867 0.538641 (-0.137504,-0.343608) (0.197285,0.210107) 0.209546 (2.4791,2.06888) (-0.16081,-0.137025) 0.171469 (3.00751,2.62909) (-0.199421,-0.172242) 0.15244 (-0.609363,-0.48639) (0.183342,0.177471) 0.2037
2.5 (0.167076,-0.644621) (0.783219,0.594384) 0.210937 (2.79844,2.7831) 1.95867 0.649173 (-0.117775,-0.322598) (0.197291,0.210101) 0.209546 (2.46302,2.05518) (-0.160803,-0.137033) 0.171469 (2.98757,2.61187) (-0.199432,-0.17223) 0.15244 (-0.591028,-0.468644) (0.183356,0.177456) 0.2037
2.6 (0.242085,-0.580211) (0.750087,0.644101) 0.210937 (2.79844,2.7831) 1.95867 0.709524 (-0.0980466,-0.301587) (0.197281,0.21011) 0.209546 (2.44694,2.04148) (-0.160807,-0.137028) 0.171469 (2.96762,2.59465) (-0.199436,-0.172225) 0.15244 (-0.572693,-0.450898) (0.18335,0.177462) 0.2037
2.7 (0.314967,-0.513617) (0.728819,0.66594) 0.210937 (2.79844,2.7831) 1.95867 0.740346 (-0.078318,-0.280577) (0.197286,0.210106) 0.209546 (2.43086,2.02778) (-0.160805,-0.13703) 0.171469 (2.94768,2.57743) (-0.199445,-0.172214) 0.15244 (-0.554358,-0.433151) (0.183345,0.177468) 0.2037
2.8 (0.386725,-0.445912) (0.717578,0.677046) 0.210937 (2.79844,2.7831) 1.95867 0.756344 (-0.0585893,-0.259566) (0.197286,0.210105) 0.209546 (2.41478,2.01407) (-0.160805,-0.13703) 0.171469 (2.92774,2.5602) (-0.19943,-0.172232) 0.15244 (-0.536023,-0.415405) (0.183354,0.177458) 0.2037
2.9 (0.45787,-0.377659) (0.711454,0.682532) 0.210937 (2.79844,2.7831) 1.95867 0.764654 (-0.03886,-0.238556) (0.197294,0.210099) 0.209546 (2.3987,2.00037) (-0.160806,-0.13703) 0.171469 (2.90779,2.54298) (-0.199441,-0.172219) 0.15244 (-0.517689,-0.397658) (0.183342,0.177471) 0.2037
3 (0.528675,-0.309142) (0.708045,0.685167) 0.210937 (2.79844,2.7831) 1.95867 0.768979 (-0.0191302,-0.217547) (0.197298,0.210095) 0.209546 (2.38262,1.98667) (-0.160797,-0.13704) 0.171469 (2.88785,2.52576) (-0.199439,-0.172222) 0.15244 (-0.499353,-0.379912) (0.183353,0.177459) 0.2037
3.1 (0.599275,-0.240515) (0.706006,0.686276) 0.210937 (2.79844,2.7831) 1.95867 0.771229 (0.00059697,-0.196535) (0.197272,0.210119) 0.209546 (2.36654,1.97296) (-0.160804,-0.137032) 0.171469 (2.86791,2.50853) (-0.199423,-0.17224) 0.15244 (-0.481018,-0.362167) (0.183357,0.177455) 0.2037
3.2 (0.66974,-0.171857) (0.704645,0.686578) 0.210937 (2.79844,2.7831) 1.95867 0.772413 (0.0203252,-0.175524) (0.197282,0.210109) 0.209546 (2.35046,1.95926) (-0.160795,-0.137042) 0.171469 (2.84796,2.49131) (-0.19944,-0.172221) 0.15244 (-0.462682,-0.344421) (0.183352,0.177461) 0.2037
3.3 (0.74011,-0.103206) (0.703704,0.686506) 0.210937 (2.79844,2.7831) 1.95867 0.773028 (0.0400525,-0.154512) (0.197272,0.210118) 0.209546 (2.33438,1.94556) (-0.160808,-0.137026) 0.171469 (2.82802,2.47409) (-0.199437,-0.172224) 0.15244 (-0.444349,-0.326673) (0.183338,0.177474) 0.2037
3.4 (0.810383,-0.0346042) (0.702727,0.686022) 0.210937 (2.79844,2.7831) 1.95867 0.77337 (0.0597811,-0.133502) (0.197286,0.210105) 0.209546 (2.3183,1.93185) (-0.160804,-0.137031) 0.171469 (2.80807,2.45687) (-0.199444,-0.172216) 0.15244 (-0.426014,-0.308927) (0.183343,0.177469) 0.2037
3.5 (0.88058,0.0339491) (0.701973,0.685533) 0.210937 (2.79844,2.7831) 1.95867 0.77355 (0.0795097,-0.112491) (0.197286,0.210105) 0.209546 (2.30222,1.91815) (-0.160794,-0.137044) 0.171469 (2.78813,2.43965) (-0.199441,-0.17222) 0.15244 (-0.40768,-0.29118) (0.183345,0.177467) 0.2037
3.6 (0.950697,0.102437) (0.701171,0.684876) 0.210937 (2.79844,2.7831) 1.95867 0.773643 (0.0992373,-0.0914795) (0.197276,0.210115) 0.209546 (2.28614,1.90444) (-0.1608,-0.137036) 0.171469 (2.76819,2.42242) (-0.199425,-0.172238) 0.15244 (-0.389345,-0.273434) (0.183351,0.177461) 0.2037
3.7 (1.02073,0.170848) (0.700307,0.684117) 0.210937 (2.79844,2.7831) 1.95867 0.773704 (0.118964,-0.0704674) (0.197269,0.210122) 0.209546 (2.27006,1.89074) (-0.160808,-0.137027) 0.171469 (2.74824,2.4052) (-0.199452,-0.172206) 0.15244 (-0.371011,-0.255686) (0.183332,0.17748) 0.2037
3.8 (1.09067,0.239177) (0.699389,0.683285) 0.210937 (2.79844,2.7831) 1.95867 0.773752 (0.138695,-0.0494587) (0.197306,0.210087) 0.209546 (2.25398,1.87704) (-0.160812,-0.137022) 0.171469 (2.7283,2.38798) (-0.199432,-0.17223) 0.15244 (-0.352677,-0.237939) (0.183345,0.177468) 0.2037
3.9 (1.16051,0.307412) (0.698386,0.682355) 0.210937 (2.79844,2.7831) 1.95867 0.773789 (0.158314,-0.0283458) (0.19619,0.211129) 0.209546 (2.23793,1.86337) (-0.16048,-0.136732) 0.171469 (2.70836,2.37076) (-0.19943,-0.172232) 0.15244 (-0.334342,-0.220193) (0.183353,0.17746) 0.2037
4 (1.23024,0.375549) (0.697348,0.681366) 0.210937 (2.79844,2.7831) 1.95867 0.773807 (0.176943,-0.00635448) (0.186291,0.219913) 0.209546 (2.22224,1.85004) (-0.15687,-0.13329) 0.171469 (2.68841,2.35353) (-0.199445,-0.172214) 0.15244 (-0.316007,-0.202447) (0.183349,0.177464) 0.2037
4.1 (1.29986,0.443571) (0.696149,0.680222) 0.210937 (2.79844,2.7831) 1.95867 0.773827 (0.195044,0.0160732) (0.181014,0.224277) 0.209546 (2.20688,1.83702) (-0.153636,-0.130205) 0.171469 (2.66847,2.33631) (-0.19943,-0.172232) 0.15244 (-0.297673,-0.184699) (0.183339,0.177474) 0.2037
4.2 (1.36934,0.511472) (0.69488,0.679012) 0.210937 (2.79844,2.7831) 1.95867 0.773849 (0.212702,0.0388521) (0.176574,0.227789) 0.209546 (2.19186,1.82432) (-0.150178,-0.126919) 0.171469 (2.64853,2.31909) (-0.199424,-0.17224) 0.15244 (-0.279337,-0.166953) (0.183354,0.177458) 0.2037
4.3 (1.43868,0.579233) (0.693416,0.67761) 0.210937 (2.79844,2.7831) 1.95867 0.77387 (0.229995,0.0619085) (0.172935,0.230564) 0.209546 (2.1771,1.81176) (-0.147574,-0.125667) 0.171469 (2.62858,2.30187) (-0.199437,-0.172224) 0.15244 (-0.261004,-0.149206) (0.183335,0.177477) 0.2037
4.4 (1.5079,0.646809) (0.692176,0.675757) 0.210937 (2.79844,2.7831) 1.95867 0.773396 (0.246959,0.0852084) (0.169639,0.233) 0.209546 (2.16254,1.79922) (-0.145662,-0.125414) 0.171469 (2.60856,2.28474) (-0.20026,-0.171266) 0.15244 (-0.24267,-0.131459) (0.183344,0.177468) 0.2037
4.5 (1.577,0.71415) (0.690998,0.673411) 0.210937 (2.79844,2.7831) 1.95867 0.772509 (0.263632,0.108718) (0.166727,0.235092) 0.209546 (2.1481,1.78665) (-0.144359,-0.125682) 0.171469 (2.58819,2.26802) (-0.203682,-0.167182) 0.15244 (-0.224335,-0.113712) (0.183343,0.17747) 0.2037
4.6 (1.64599,0.78123) (0.689833,0.670798) 0.210937 (2.79844,2.7831) 1.95867 0.771409 (0.280062,0.132397) (0.164304,0.236791) 0.209546 (2.13377,1.77407) (-0.143325,-0.125776) 0.171469 (2.56759,2.25159) (-0.206018,-0.164295) 0.15244 (-0.206,-0.095966) (0.183354,0.177458) 0.2037
4.7 (1.71482,0.848023) (0.688323,0.667925) 0.210937 (2.79844,2.7831) 1.95867 0.770359 (0.29631,0.156201) (0.16248,0.238047) 0.209546 (2.1195,1.76148) (-0.142691,-0.125917) 0.171469 (2.5468,2.2354) (-0.207891,-0.161918) 0.15244 (-0.187667,-0.0782177) (0.183329,0.177483) 0.2037
4.8 (1.78345,0.914506) (0.686367,0.664837) 0.210937 (2.79844,2.7831) 1.95867 0.769466 (0.31244,0.180087) (0.161292,0.238854) 0.209546 (2.10525,1.74887) (-0.142508,-0.126126) 0.171469 (2.52586,2.2194) (-0.20934,-0.16004) 0.15244 (-0.169333,-0.0604706) (0.183342,0.177471) 0.2037
4.9 (1.85186,0.980674) (0.684017,0.661681) 0.210937 (2.79844,2.7831) 1.95867 0.768802 (0.328512,0.20401) (0.160727,0.239234) 0.209546 (2.09097,1.73622) (-0.142793,-0.126441) 0.171469 (2.5049,2.20351) (-0.209596,-0.158845) 0.15244 (-0.150999,-0.0427228) (0.183335,0.177478) 0.2037
5 (1.91996,1.0465) (0.681051,0.658298) 0.210937 (2.79844,2.7831) 1.95867 0.768412 (0.344207,0.228183) (0.156948,0.24173) 0.209546 (2.07666,1.72354) (-0.14315,-0.126787) 0.171469 (2.48432,2.18762) (-0.205883,-0.158954) 0.15244 (-0.132664,-0.0249765) (0.183349,0.177463) 0.2037
5.1 (1.98772,1.11197) (0.677611,0.654687) 0.210937 (2.79844,2.7831) 1.95867 0.768193 (0.359594,0.252553) (0.153875,0.243698) 0.209546 (2.06131,1.70991) (-0.153504,-0.136303) 0.171469 (2.46406,2.17169) (-0.202592,-0.1593) 0.15244 (-0.114331,-0.00722894) (0.183337,0.177476) 0.2037
5.2 (2.05507,1.17705) (0.673455,0.650731) 0.210937 (2.79844,2.7831) 1.95867 0.768239 (0.374754,0.277065) (0.151597,0.245122) 0.209546 (2.04538,1.69603) (-0.15926,-0.138823) 0.171469 (2.44387,2.1551) (-0.201849,-0.165884) 0.15244 (-0.0959965,0.0105181) (0.183342,0.177471) 0.2037
5.3 (2.12186,1.24179) (0.667927,0.647427) 0.210937 (2.79844,2.7831) 1.95867 0.769814 (0.389811,0.301641) (0.150571,0.245753) 0.209546 (2.02929,1.68234) (-0.160873,-0.136951) 0.171469 (2.42396,2.13783) (-0.199088,-0.172627) 0.15244 (-0.0776611,0.0282639) (0.183354,0.177458) 0.2037
5.4 (2.18796,1.30626) (0.660953,0.644745) 0.210937 (2.79844,2.7831) 1.95867 0.772985 (0.405053,0.326102) (0.152414,0.244614) 0.209546 (2.01321,1.66864) (-0.160864,-0.136961) 0.171469 (2.40405,2.12057) (-0.199098,-0.172616) 0.15244 (-0.059326,0.0460101) (0.183351,0.177461) 0.2037
5.5 (2.25331,1.37041) (0.653557,0.641439) 0.210937 (2.79844,2.7831) 1.95867 0.776041 (0.420387,0.350505) (0.153345,0.244032) 0.209546 (1.99735,1.65478) (-0.1586,-0.138584) 0.171469 (2.38414,2.10331) (-0.199082,-0.172634) 0.15244 (-0.0412289,0.0639988) (0.180971,0.179887) 0.2037
5.6 (2.31796,1.43387) (0.646445,0.634613) 0.210937 (2.79844,2.7831) 1.95867 0.776163 (0.43577,0.374878) (0.153829,0.243727) 0.209546 (1.98173,1.64101) (-0.156198,-0.137732) 0.171469 (2.36424,2.08605) (-0.199094,-0.172621) 0.15244 (-0.0234747,0.0823261) (0.177542,0.183273) 0.2037
5.7 (2.37897,1.50675) (0.610176,0.728854) 0.210937 (2.79844,2.7831) 1.95867 0.873796 (0.451177,0.399236) (0.154068,0.243576) 0.209546 (1.96636,1.6265) (-0.153621,-0.145038) 0.171469 (2.34434,2.06884) (-0.198982,-0.172056) 0.15244 (-0.0060372,0.100955) (0.174375,0.186289) 0.2037
5.8 (2.4355,1.58292) (0.5653,0.761706) 0.210937 (2.79844,2.7831) 1.95867 0.932339 (0.466584,0.423593) (0.154068,0.243576) 0.209546 (1.95114,1.61186) (-0.152265,-0.146461) 0.171469 (2.32443,2.05158) (-0.199098,-0.172616) 0.15244 (0.01126,0.119714) (0.172972,0.187592) 0.2037
5.9 (2.48881,1.66118) (0.533051,0.78255) 0.210937 (2.79844,2.7831) 1.95867 0.972819 (0.482002,0.447943) (0.154187,0.243501) 0.209546 (1.93602,1.5971) (-0.151219,-0.147541) 0.171469 (2.30452,2.03432) (-0.199105,-0.172608) 0.15244 (0.028448,0.138573) (0.17188,0.188593) 0.2037
6 (2.53947,1.74102) (0.506643,0.798419) 0.210937 (2.79844,2.7831) 1.95867 1.00535 (0.497427,0.47229) (0.154244,0.243465) 0.209546 (1.92095,1.58229) (-0.150638,-0.148135) 0.171469 (2.28461,2.01706) (-0.199106,-0.172607) 0.15244 (0.0455749,0.157488) (0.171269,0.189148) 0.2037
6.1 (2.58722,1.82299) (0.477448,0.819695) 0.210937 (2.79844,2.7831) 1.95867 1.04337 (0.512854,0.496634) (0.154272,0.243447) 0.209546 (1.9059,1.56746) (-0.15048,-0.148295) 0.171469 (2.2647,1.9998) (-0.199095,-0.172619) 0.15244 (0.0626852,0.176418) (0.171103,0.189298) 0.2037
6.2 (2.62228,1.91397) (0.350625,0.90981) 0.210937 (2.79844,2.7831) 1.95867 1.20295 (0.528283,0.520978) (0.154294,0.243433) 0.209546 (1.89086,1.55263) (-0.15048,-0.148295) 0.171469 (2.24484,1.98248) (-0.198587,-0.173204) 0.15244 (0.0797452,0.195393) (0.1706,0.189752) 0.2037
6.3 (2.63989,2.00089) (0.176104,0.869202) 0.210937 (2.79844,2.7831) 1.95867 1.3709 (0.543747,0.545299) (0.154639,0.243214) 0.209546 (1.87578,1.53783) (-0.150723,-0.148048) 0.171469 (2.22533,1.96501) (-0.195123,-0.174681) 0.15244 (0.0964716,0.214663) (0.167264,0.192699) 0.2037
6.4 (2.65574,2.07911) (0.158513,0.782195) 0.210937 (2.79844,2.7831) 1.95867 1.37085 (0.559385,0.569509) (0.156382,0.242097) 0.209546 (1.86078,1.52296) (-0.150079,-0.1487) 0.171469 (2.20608,1.94746) (-0.192473,-0.175458) 0.15244 (0.112966,0.234132) (0.164945,0.194688) 0.2037
6.5 (2.67001,2.14951) (0.1427,0.703984) 0.210937 (2.79844,2.7831) 1.95867 1.3708 (0.575222,0.593589) (0.158363,0.240806) 0.209546 (1.84585,1.508) (-0.149257,-0.149526) 0.171469 (2.18704,1.92987) (-0.190426,-0.175949) 0.15244 (0.129296,0.253739) (0.163298,0.196071) 0.2037
6.6 (2.68286,2.21286) (0.128429,0.633489) 0.210937 (2.79844,2.7831) 1.95867 1.37078 (0.59124,0.617549) (0.160182,0.2396) 0.209546 (1.83101,1.49297) (-0.148394,-0.150383) 0.171469 (2.16814,1.91225) (-0.188974,-0.176173) 0.15244 (0.145521,0.273432) (0.162254,0.196936) 0.2037
6.7 (2.69441,2.26988) (0.115579,0.570253) 0.210937 (2.79844,2.7831) 1.95867 1.37083 (0.607404,0.641411) (0.161647,0.238613) 0.209546 (1.81626,1.47784) (-0.147533,-0.151227) 0.171469 (2.14933,1.89464) (-0.188111,-0.176126) 0.15244 (0.161698,0.293166) (0.16177,0.197333) 0.2037
6.8 (2.70482,2.32121) (0.104022,0.513228) 0.210937 (2.79844,2.7831) 1.95867 1.37082 (0.623671,0.665203) (0.162665,0.237921) 0.209546 (1.80159,1.46264) (-0.146713,-0.152022) 0.171469 (2.13055,1.87705) (-0.187773,-0.175846) 0.15244 (0.177871,0.312903) (0.161727,0.197369) 0.2037
