[]
timestamp position0 velocity0 radius0 goal pref_speed theta position1 velocity1 radius1 position2 velocity2 radius2 position3 velocity3 radius3 position4 velocity4 radius4 position5 velocity5 radius5 position6 velocity6 radius6
0 (-1.8698,-1.89642) (0,0) 0.206431 (2.79844,2.7831) 1.78237 0 (-0.878522,-0.786487) (0,0) 0.176559 (2.18602,2.21124) (0,0) 0.157415 (2.68946,2.76569) (0,0) 0.191107 (-1.20585,-1.28437) (0,0) 0.155876
0.1 (-1.86866,-1.88968) (0.0113703,0.0674413) 0.206431 (2.79844,2.7831) 1.78237 1.40377 (-0.86487,-0.773235) (0.136519,0.132515) 0.176559 (2.16752,2.19365) (-0.185011,-0.175846) 0.157415 (2.68208,2.76699) (-0.0738582,0.0129812) 0.191107 (-1.19451,-1.28868) (0.113462,-0.0430712) 0.155876
0.2 (-1.86005,-1.86433) (0.0861625,0.253466) 0.206431 (2.79844,2.7831) 1.78237 1.24311 (-0.851219,-0.759983) (0.13651,0.132524) 0.176559 (2.14902,2.17607) (-0.185019,-0.175837) 0.157415 (2.66856,2.75415) (-0.13517,-0.128365) 0.191107 (-1.18572,-1.2803) (0.0878205,0.0837633) 0.155876
0.3 (-1.84946,-1.81756) (0.105916,0.467687) 0.206431 (2.79844,2.7831) 1.78237 1.34809 (-0.837568,-0.746731) (0.136512,0.132522) 0.176559 (2.13052,2.15848) (-0.185007,-0.17585) 0.157415 (2.6552,2.74116) (-0.133658,-0.129938) 0.191107 (-1.17722,-1.27164) (0.0850248,0.0865998) 0.155876
0.4 (-1.82097,-1.75134) (0.28483,0.662178) 0.206431 (2.79844,2.7831) 1.78237 1.16458 (-0.823917,-0.733478) (0.136511,0.132522) 0.176559 (2.11201,2.1409) (-0.185017,-0.175838) 0.157415 (2.64183,2.72816) (-0.133653,-0.129943) 0.191107 (-1.16872,-1.26298) (0.0850236,0.086601) 0.155876
0.5 (-1.77863,-1.66665) (0.423398,0.846975) 0.206431 (2.79844,2.7831) 1.78237 1.10723 (-0.810266,-0.720226) (0.13651,0.132524) 0.176559 (2.09351,2.12331) (-0.185005,-0.175852) 0.157415 (2.62846,2.71517) (-0.133663,-0.129933) 0.191107 (-1.16022,-1.25432) (0.0850316,0.086593) 0.155876
0.6 (-1.73424,-1.58295) (0.443931,0.836982) 0.206431 (2.79844,2.7831) 1.78237 1.08313 (-0.796615,-0.706973) (0.136507,0.132527) 0.176559 (2.07501,2.10573) (-0.185009,-0.175847) 0.157415 (2.6151,2.70218) (-0.133657,-0.129939) 0.191107 (-1.15171,-1.24566) (0.0850275,0.0865971) 0.155876
0.7 (-1.68869,-1.49987) (0.455467,0.830798) 0.206431 (2.79844,2.7831) 1.78237 1.06931 (-0.782966,-0.69372) (0.136497,0.132537) 0.176559 (2.05651,2.08814) (-0.184999,-0.175858) 0.157415 (2.60173,2.68918) (-0.133667,-0.129929) 0.191107 (-1.14321,-1.237) (0.0850212,0.0866033) 0.155876
0.8 (-1.6425,-1.4172) (0.461941,0.826644) 0.206431 (2.79844,2.7831) 1.78237 1.06121 (-0.769314,-0.680467) (0.136511,0.132523) 0.176559 (2.03801,2.07056) (-0.185023,-0.175833) 0.157415 (2.58837,2.67619) (-0.133658,-0.129938) 0.191107 (-1.13471,-1.22834) (0.0850211,0.0866034) 0.155876
0.9 (-1.59594,-1.33483) (0.465619,0.823707) 0.206431 (2.79844,2.7831) 1.78237 1.0563 (-0.755663,-0.667215) (0.136513,0.132521) 0.176559 (2.01951,2.05298) (-0.185026,-0.175829) 0.157415 (2.575,2.66319) (-0.133658,-0.129938) 0.191107 (-1.12621,-1.21968) (0.0850267,0.0865979) 0.155876
1 (-1.54917,-1.25269) (0.467689,0.821382) 0.206431 (2.79844,2.7831) 1.78237 1.05319 (-0.742012,-0.653963) (0.136511,0.132523) 0.176559 (2.00101,2.03539) (-0.18502,-0.175835) 0.157415 (2.56163,2.6502) (-0.133658,-0.129938) 0.191107 (-1.1177,-1.21102) (0.0850203,0.0866041) 0.155876
1.1 (-1.50228,-1.17075) (0.468881,0.819441) 0.206431 (2.79844,2.7831) 1.78237 1.05107 (-0.728361,-0.640711) (0.136511,0.132523) 0.176559 (1.9825,2.01781) (-0.185019,-0.175837) 0.157415 (2.54827,2.63721) (-0.133667,-0.129929) 0.191107 (-1.1092,-1.20236) (0.0850245,0.0866) 0.155876
1.2 (-1.45532,-1.08898) (0.469646,0.817668) 0.206431 (2.79844,2.7831) 1.78237 1.04943 (-0.71471,-0.627458) (0.136512,0.132522) 0.176559 (1.964,2.00022) (-0.18501,-0.175846) 0.157415 (2.5349,2.62421) (-0.133654,-0.129942) 0.191107 (-1.1007,-1.1937) (0.0850224,0.0866022) 0.155876
1.3 (-1.40826,-1.00739) (0.470555,0.815978) 0.206431 (2.79844,2.7831) 1.78237 1.0477 (-0.701059,-0.614206) (0.13651,0.132524) 0.176559 (1.9455,1.98264) (-0.185017,-0.175839) 0.157415 (2.52154,2.61122) (-0.133655,-0.129942) 0.191107 (-1.0922,-1.18504) (0.0850251,0.0865994) 0.155876
1.4 (-1.35805,-0.925678) (0.502151,0.81708) 0.206431 (2.79844,2.7831) 1.78237 1.01973 (-0.687408,-0.600954) (0.13651,0.132524) 0.176559 (1.927,1.96506) (-0.185016,-0.17584) 0.157415 (2.50817,2.59823) (-0.133652,-0.129944) 0.191107 (-1.08369,-1.17638) (0.0850239,0.0866006) 0.155876
1.5 (-1.30454,-0.845275) (0.535045,0.804035) 0.206431 (2.79844,2.7831) 1.78237 0.983636 (-0.673756,-0.587702) (0.136516,0.132517) 0.176559 (1.9085,1.94747) (-0.18501,-0.175846) 0.157415 (2.49481,2.58523) (-0.133656,-0.12994) 0.191107 (-1.07519,-1.16772) (0.0850321,0.0865926) 0.155876
1.6 (-1.24937,-0.765925) (0.551748,0.7935) 0.206431 (2.79844,2.7831) 1.78237 0.963209 (-0.660104,-0.57445) (0.136517,0.132517) 0.176559 (1.89,1.92989) (-0.185013,-0.175843) 0.157415 (2.48144,2.57224) (-0.133654,-0.129942) 0.191107 (-1.06669,-1.15906) (0.0850182,0.0866062) 0.155876
1.7 (-1.19324,-0.68722) (0.561215,0.78705) 0.206431 (2.79844,2.7831) 1.78237 0.951358 (-0.646453,-0.561198) (0.136512,0.132522) 0.176559 (1.8715,1.9123) (-0.185018,-0.175838) 0.157415 (2.46808,2.55924) (-0.133655,-0.129941) 0.191107 (-1.05819,-1.1504) (0.0850248,0.0865998) 0.155876
1.8 (-1.13658,-0.608935) (0.566603,0.782851) 0.206431 (2.79844,2.7831) 1.78237 0.944296 (-0.632802,-0.547945) (0.136508,0.132526) 0.176559 (1.85299,1.89472) (-0.185014,-0.175842) 0.157415 (2.45471,2.54625) (-0.133657,-0.129939) 0.191107 (-1.04968,-1.14174) (0.0850321,0.0865926) 0.155876
1.9 (-1.07961,-0.530935) (0.569742,0.779992) 0.206431 (2.79844,2.7831) 1.78237 0.939928 (-0.619152,-0.534692) (0.136499,0.132535) 0.176559 (1.83449,1.87713) (-0.185001,-0.175856) 0.157415 (2.44134,2.53325) (-0.13365,-0.129946) 0.191107 (-1.04118,-1.13308) (0.0850249,0.0865996) 0.155876
2 (-1.02245,-0.453155) (0.571561,0.777804) 0.206431 (2.79844,2.7831) 1.78237 0.937069 (-0.605501,-0.52144) (0.136517,0.132517) 0.176559 (1.81599,1.85955) (-0.185006,-0.17585) 0.157415 (2.42798,2.52026) (-0.13366,-0.129936) 0.191107 (-1.03268,-1.12442) (0.0850242,0.0866004) 0.155876
2.1 (-0.96518,-0.375552) (0.572748,0.776025) 0.206431 (2.79844,2.7831) 1.78237 0.934985 (-0.59185,-0.508188) (0.136511,0.132523) 0.176559 (1.79749,1.84197) (-0.185013,-0.175843) 0.157415 (2.41461,2.50727) (-0.133664,-0.129932) 0.191107 (-1.02418,-1.11576) (0.0850225,0.086602) 0.155876
2.2 (-0.907805,-0.298113) (0.57375,0.774398) 0.206431 (2.79844,2.7831) 1.78237 0.933146 (-0.578199,-0.494935) (0.136502,0.132532) 0.176559 (1.77899,1.82438) (-0.185017,-0.175839) 0.157415 (2.40125,2.49427) (-0.133656,-0.129941) 0.191107 (-1.01567,-1.1071) (0.0850323,0.0865924) 0.155876
2.3 (-0.850116,-0.220845) (0.576882,0.772679) 0.206431 (2.79844,2.7831) 1.78237 0.929475 (-0.564549,-0.481682) (0.136505,0.132529) 0.176559 (1.76049,1.8068) (-0.18501,-0.175846) 0.157415 (2.38788,2.48128) (-0.133656,-0.12994) 0.191107 (-1.00717,-1.09844) (0.0850284,0.0865963) 0.155876
2.4 (-0.784971,-0.145341) (0.65145,0.755035) 0.206431 (2.79844,2.7831) 1.78237 0.858914 (-0.550898,-0.468429) (0.136508,0.132526) 0.176559 (1.74199,1.78921) (-0.18501,-0.175846) 0.157415 (2.37451,2.46829) (-0.13366,-0.129936) 0.191107 (-0.998668,-1.08978) (0.0850315,0.0865932) 0.155876
2.5 (-0.717447,-0.072215) (0.675244,0.731262) 0.206431 (2.79844,2.7831) 1.78237 0.825205 (-0.537247,-0.455177) (0.136508,0.132526) 0.176559 (1.72349,1.77163) (-0.185021,-0.175835) 0.157415 (2.36115,2.45529) (-0.133658,-0.129938) 0.191107 (-0.990165,-1.08112) (0.085028,0.0865966) 0.155876
2.6 (-0.648706,-0.000321917) (0.687406,0.718931) 0.206431 (2.79844,2.7831) 1.78237 0.807811 (-0.523596,-0.441925) (0.136513,0.132521) 0.176559 (1.70499,1.75404) (-0.185,-0.175857) 0.157415 (2.34778,2.4423) (-0.133667,-0.129929) 0.191107 (-0.981662,-1.07246) (0.0850272,0.0865974) 0.155876
2.7 (-0.579348,0.0709276) (0.693585,0.712495) 0.206431 (2.79844,2.7831) 1.78237 0.798847 (-0.509944,-0.428673) (0.136519,0.132515) 0.176559 (1.68649,1.73646) (-0.185001,-0.175855) 0.157415 (2.33442,2.4293) (-0.133652,-0.129945) 0.191107 (-0.97316,-1.0638) (0.0850251,0.0865995) 0.155876
2.8 (-0.509689,0.141825) (0.696589,0.708976) 0.206431 (2.79844,2.7831) 1.78237 0.794211 (-0.496292,-0.415422) (0.136521,0.132513) 0.176559 (1.66799,1.71887) (-0.18501,-0.175846) 0.157415 (2.32105,2.41631) (-0.133662,-0.129934) 0.191107 (-0.964657,-1.05514) (0.0850237,0.0866009) 0.155876
2.9 (-0.43988,0.212537) (0.698088,0.707118) 0.206431 (2.79844,2.7831) 1.78237 0.791824 (-0.48264,-0.40217) (0.136516,0.132518) 0.176559 (1.64948,1.70129) (-0.185024,-0.175831) 0.157415 (2.30768,2.40332) (-0.133665,-0.129931) 0.191107 (-0.956155,-1.04648) (0.0850238,0.0866008) 0.155876
3 (-0.370004,0.283143) (0.698761,0.706058) 0.206431 (2.79844,2.7831) 1.78237 0.790593 (-0.468989,-0.388918) (0.136517,0.132517) 0.176559 (1.63098,1.68371) (-0.185014,-0.175842) 0.157415 (2.29432,2.39032) (-0.133659,-0.129937) 0.191107 (-0.947653,-1.03782) (0.0850219,0.0866027) 0.155876
3.1 (-0.300113,0.353674) (0.698912,0.705307) 0.206431 (2.79844,2.7831) 1.78237 0.789952 (-0.455338,-0.375665) (0.136506,0.132528) 0.176559 (1.61248,1.66612) (-0.185018,-0.175838) 0.157415 (2.28095,2.37733) (-0.133657,-0.129939) 0.191107 (-0.93915,-1.02916) (0.085031,0.0865937) 0.155876
3.2 (-0.230218,0.424161) (0.698947,0.704871) 0.206431 (2.79844,2.7831) 1.78237 0.789618 (-0.441687,-0.362413) (0.136511,0.132523) 0.176559 (1.59398,1.64854) (-0.18501,-0.175846) 0.157415 (2.26759,2.36434) (-0.133655,-0.129941) 0.191107 (-0.930647,-1.0205) (0.0850259,0.0865987) 0.155876
3.3 (-0.160342,0.494604) (0.698758,0.704436) 0.206431 (2.79844,2.7831) 1.78237 0.789444 (-0.428036,-0.349161) (0.13651,0.132524) 0.176559 (1.57548,1.63095) (-0.184999,-0.175857) 0.157415 (2.25422,2.35134) (-0.133652,-0.129944) 0.191107 (-0.922144,-1.01184) (0.085025,0.0865996) 0.155876
3.4 (-0.0904868,0.565015) (0.698556,0.704103) 0.206431 (2.79844,2.7831) 1.78237 0.789353 (-0.414385,-0.335909) (0.136514,0.13252) 0.176559 (1.55698,1.61337) (-0.185011,-0.175845) 0.157415 (2.24086,2.33835) (-0.133657,-0.129939) 0.191107 (-0.913642,-1.00318) (0.0850225,0.086602) 0.155876
3.5 (-0.0206591,0.635391) (0.698277,0.703761) 0.206431 (2.79844,2.7831) 1.78237 0.789309 (-0.400734,-0.322656) (0.136509,0.132526) 0.176559 (1.53848,1.59578) (-0.185016,-0.17584) 0.157415 (2.22749,2.32536) (-0.133662,-0.129934) 0.191107 (-0.90514,-0.994522) (0.0850262,0.0865983) 0.155876
3.6 (0.0491311,0.705726) (0.697902,0.703357) 0.206431 (2.79844,2.7831) 1.78237 0.789291 (-0.387083,-0.309404) (0.136509,0.132525) 0.176559 (1.51997,1.5782) (-0.185015,-0.175841) 0.157415 (2.21412,2.31236) (-0.133657,-0.129939) 0.191107 (-0.896637,-0.985862) (0.0850258,0.0865988) 0.155876
3.7 (0.11889,0.776029) (0.697588,0.703023) 0.206431 (2.79844,2.7831) 1.78237 0.789279 (-0.373431,-0.296152) (0.13652,0.132513) 0.176559 (1.50147,1.56061) (-0.18502,-0.175836) 0.157415 (2.20076,2.29937) (-0.133652,-0.129945) 0.191107 (-0.888134,-0.977203) (0.0850262,0.0865984) 0.155876
3.8 (0.188602,0.846282) (0.697121,0.702539) 0.206431 (2.79844,2.7831) 1.78237 0.789269 (-0.35978,-0.2829) (0.13651,0.132524) 0.176559 (1.48297,1.54303) (-0.185014,-0.175842) 0.157415 (2.18739,2.28637) (-0.13366,-0.129936) 0.191107 (-0.879633,-0.968542) (0.085019,0.0866055) 0.155876
3.9 (0.258273,0.916496) (0.696714,0.702131) 0.206431 (2.79844,2.7831) 1.78237 0.789271 (-0.346129,-0.269648) (0.136512,0.132522) 0.176559 (1.46447,1.52545) (-0.185012,-0.175844) 0.157415 (2.17403,2.27338) (-0.13366,-0.129936) 0.191107 (-0.87113,-0.959882) (0.085023,0.0866015) 0.155876
4 (0.327887,0.986651) (0.696141,0.701557) 0.206431 (2.79844,2.7831) 1.78237 0.789273 (-0.332023,-0.25688) (0.141057,0.127674) 0.176559 (1.44553,1.50833) (-0.189358,-0.171155) 0.157415 (2.16066,2.26039) (-0.133657,-0.129939) 0.191107 (-0.862628,-0.951222) (0.0850243,0.0866002) 0.155876
4.1 (0.397451,1.05676) (0.695639,0.701051) 0.206431 (2.79844,2.7831) 1.78237 0.789273 (-0.317357,-0.244761) (0.146664,0.121191) 0.176559 (1.42603,1.49187) (-0.195058,-0.16463) 0.157415 (2.1473,2.24739) (-0.133657,-0.129939) 0.191107 (-0.854125,-0.942562) (0.08503,0.0865946) 0.155876
4.2 (0.466948,1.12679) (0.694966,0.700376) 0.206431 (2.79844,2.7831) 1.78237 0.789275 (-0.30247,-0.232913) (0.148864,0.118478) 0.176559 (1.4063,1.47568) (-0.197322,-0.161909) 0.157415 (2.13393,2.2344) (-0.133652,-0.129944) 0.191107 (-0.845622,-0.933903) (0.0850258,0.0865988) 0.155876
4.3 (0.536385,1.19677) (0.694372,0.699775) 0.206431 (2.79844,2.7831) 1.78237 0.789273 (-0.287387,-0.221317) (0.150833,0.115961) 0.176559 (1.38636,1.45974) (-0.199357,-0.159397) 0.157415 (2.12056,2.2214) (-0.133655,-0.129941) 0.191107 (-0.83712,-0.925243) (0.085025,0.0865996) 0.155876
4.4 (0.605745,1.26667) (0.693597,0.698998) 0.206431 (2.79844,2.7831) 1.78237 0.789277 (-0.272172,-0.209895) (0.152152,0.114225) 0.176559 (1.36629,1.44397) (-0.200723,-0.157673) 0.157415 (2.1072,2.20841) (-0.133652,-0.129944) 0.191107 (-0.828618,-0.916582) (0.0850202,0.0866043) 0.155876
4.5 (0.675027,1.33649) (0.692821,0.698218) 0.206431 (2.79844,2.7831) 1.78237 0.789277 (-0.256872,-0.198586) (0.153,0.113087) 0.176559 (1.34613,1.42831) (-0.201602,-0.156548) 0.157415 (2.09383,2.19541) (-0.133654,-0.129942) 0.191107 (-0.820115,-0.907922) (0.0850246,0.0866) 0.155876
4.6 (0.744219,1.40622) (0.691915,0.697309) 0.206431 (2.79844,2.7831) 1.78237 0.789281 (-0.241527,-0.187338) (0.153446,0.112481) 0.176559 (1.32592,1.41272) (-0.202063,-0.155952) 0.157415 (2.08047,2.18242) (-0.133654,-0.129942) 0.191107 (-0.811613,-0.899262) (0.0850263,0.0865983) 0.155876
4.7 (0.813306,1.47585) (0.690878,0.69627) 0.206431 (2.79844,2.7831) 1.78237 0.789285 (-0.226173,-0.176102) (0.153538,0.112355) 0.176559 (1.30571,1.39714) (-0.202159,-0.155828) 0.157415 (2.0671,2.16943) (-0.133654,-0.129942) 0.191107 (-0.80311,-0.890602) (0.0850217,0.0866028) 0.155876
4.8 (0.882282,1.54537) (0.689761,0.69515) 0.206431 (2.79844,2.7831) 1.78237 0.78929 (-0.210819,-0.164867) (0.153538,0.112355) 0.176559 (1.28549,1.38155) (-0.202159,-0.155828) 0.157415 (2.05374,2.15643) (-0.133654,-0.129942) 0.191107 (-0.794608,-0.881941) (0.0850193,0.0866052) 0.155876
4.9 (0.951124,1.61475) (0.688413,0.6938) 0.206431 (2.79844,2.7831) 1.78237 0.789295 (-0.195466,-0.153632) (0.153538,0.112355) 0.176559 (1.26527,1.36597) (-0.202159,-0.155828) 0.157415 (2.04037,2.14344) (-0.133654,-0.129942) 0.191107 (-0.786106,-0.873282) (0.0850249,0.0865996) 0.155876
5 (1.01983,1.68399) (0.687051,0.692435) 0.206431 (2.79844,2.7831) 1.78237 0.789301 (-0.180112,-0.142396) (0.153538,0.112355) 0.176559 (1.24506,1.35039) (-0.202159,-0.155828) 0.157415 (2.02701,2.13044) (-0.133654,-0.129942) 0.191107 (-0.777603,-0.864622) (0.0850261,0.0865985) 0.155876
5.1 (1.08835,1.75305) (0.685258,0.690638) 0.206431 (2.79844,2.7831) 1.78237 0.789309 (-0.164758,-0.131161) (0.153538,0.112355) 0.176559 (1.22484,1.33481) (-0.202159,-0.155828) 0.157415 (2.01364,2.11745) (-0.133647,-0.129949) 0.191107 (-0.769101,-0.855962) (0.085027,0.0865976) 0.155876
5.2 (1.15669,1.82193) (0.683397,0.688767) 0.206431 (2.79844,2.7831) 1.78237 0.789311 (-0.149404,-0.119925) (0.153538,0.112355) 0.176559 (1.20463,1.31922) (-0.202159,-0.155828) 0.157415 (2.00028,2.10445) (-0.133651,-0.129945) 0.191107 (-0.760598,-0.847302) (0.0850262,0.0865984) 0.155876
5.3 (1.22482,1.89059) (0.681223,0.686588) 0.206431 (2.79844,2.7831) 1.78237 0.78932 (-0.13405,-0.10869) (0.153538,0.112355) 0.176559 (1.18441,1.30364) (-0.202159,-0.155828) 0.157415 (1.98691,2.09146) (-0.133651,-0.129945) 0.191107 (-0.752096,-0.838642) (0.0850239,0.0866006) 0.155876
5.4 (1.29268,1.95899) (0.67866,0.68402) 0.206431 (2.79844,2.7831) 1.78237 0.789331 (-0.118696,-0.0974543) (0.153538,0.112355) 0.176559 (1.16419,1.28806) (-0.202159,-0.155828) 0.157415 (1.97355,2.07846) (-0.133651,-0.129945) 0.191107 (-0.743593,-0.829982) (0.085024,0.0866005) 0.155876
5.5 (1.36026,2.0271) (0.675777,0.681131) 0.206431 (2.79844,2.7831) 1.78237 0.789344 (-0.103342,-0.0862188) (0.153538,0.112355) 0.176559 (1.14398,1.27247) (-0.202159,-0.155828) 0.157415 (1.96018,2.06547) (-0.133651,-0.129945) 0.191107 (-0.735091,-0.821322) (0.0850248,0.0865997) 0.155876
5.6 (1.42749,2.09487) (0.672283,0.67763) 0.206431 (2.79844,2.7831) 1.78237 0.789359 (-0.0879886,-0.0749834) (0.153538,0.112355) 0.176559 (1.12376,1.25689) (-0.202159,-0.155828) 0.157415 (1.94682,2.05248) (-0.133651,-0.129945) 0.191107 (-0.726588,-0.812662) (0.0850229,0.0866016) 0.155876
5.7 (1.49431,2.16222) (0.668222,0.67356) 0.206431 (2.79844,2.7831) 1.78237 0.789377 (-0.0726348,-0.0637479) (0.153538,0.112355) 0.176559 (1.10355,1.24131) (-0.202159,-0.155828) 0.157415 (1.93345,2.03948) (-0.133651,-0.129945) 0.191107 (-0.718086,-0.804001) (0.0850206,0.0866038) 0.155876
5.8 (1.56065,2.2291) (0.663409,0.668738) 0.206431 (2.79844,2.7831) 1.78237 0.789398 (-0.0572809,-0.0525125) (0.153538,0.112355) 0.176559 (1.08333,1.22573) (-0.202159,-0.155827) 0.157415 (1.92009,2.02649) (-0.133651,-0.129945) 0.191107 (-0.709584,-0.795341) (0.0850202,0.0866043) 0.155876
5.9 (1.62643,2.29541) (0.657784,0.663101) 0.206431 (2.79844,2.7831) 1.78237 0.789424 (-0.0419271,-0.041277) (0.153538,0.112355) 0.176559 (1.06311,1.21014) (-0.202159,-0.155828) 0.157415 (1.90672,2.01349) (-0.133651,-0.129946) 0.191107 (-0.701082,-0.786681) (0.0850193,0.0866051) 0.155876
6 (1.69203,2.36092) (0.65595,0.655144) 0.206431 (2.79844,2.7831) 1.78237 0.784783 (-0.0265732,-0.0300415) (0.153538,0.112355) 0.176559 (1.0429,1.19456) (-0.202159,-0.155828) 0.157415 (1.89335,2.0005) (-0.13367,-0.129926) 0.191107 (-0.69258,-0.77802) (0.0850203,0.0866041) 0.155876
6.1 (1.78389,2.40302) (0.91869,0.420945) 0.206431 (2.79844,2.7831) 1.78237 0.429653 (-0.0112194,-0.0188061) (0.153538,0.112355) 0.176559 (1.02268,1.17898) (-0.202159,-0.155828) 0.157415 (1.87999,1.98751) (-0.133665,-0.129931) 0.191107 (-0.684077,-0.769361) (0.0850312,0.0865934) 0.155876
6.2 (1.87753,2.4381) (0.936387,0.350886) 0.206431 (2.79844,2.7831) 1.78237 0.358528 (0.00413445,-0.00757064) (0.153538,0.112355) 0.176559 (1.00247,1.16339) (-0.202159,-0.155828) 0.157415 (1.86662,1.97451) (-0.133653,-0.129943) 0.191107 (-0.675575,-0.760701) (0.0850267,0.0865979) 0.155876
6.3 (1.96962,2.47261) (0.920879,0.345068) 0.206431 (2.79844,2.7831) 1.78237 0.358521 (0.0194883,0.00366481) (0.153538,0.112355) 0.176559 (0.982251,1.14781) (-0.202159,-0.155828) 0.157415 (1.85326,1.96152) (-0.133658,-0.129938) 0.191107 (-0.667072,-0.752041) (0.0850293,0.0865953) 0.155876
6.4 (2.05251,2.50366) (0.828875,0.310477) 0.206431 (2.79844,2.7831) 1.78237 0.3584 (0.0348421,0.0149003) (0.153538,0.112355) 0.176559 (0.962035,1.13223) (-0.202159,-0.155827) 0.157415 (1.83989,1.94852) (-0.133655,-0.129941) 0.191107 (-0.65857,-0.743381) (0.0850217,0.0866028) 0.155876
6.5 (2.1271,2.53161) (0.745873,0.2795) 0.206431 (2.79844,2.7831) 1.78237 0.358534 (0.050196,0.0261357) (0.153538,0.112355) 0.176559 (0.941819,1.11665) (-0.202159,-0.155828) 0.157415 (1.82653,1.93553) (-0.133647,-0.129949) 0.191107 (-0.650067,-0.734721) (0.0850258,0.0865987) 0.155876
6.6 (2.19423,2.55676) (0.671328,0.251529) 0.206431 (2.79844,2.7831) 1.78237 0.358485 (0.0655498,0.0373712) (0.153538,0.112355) 0.176559 (0.921603,1.10106) (-0.202159,-0.155828) 0.157415 (1.81316,1.92253) (-0.133647,-0.12995) 0.191107 (-0.641565,-0.726061) (0.085021,0.0866035) 0.155876
6.7 (2.25465,2.57939) (0.604231,0.22629) 0.206431 (2.79844,2.7831) 1.78237 0.35834 (0.0809037,0.0486066) (0.153538,0.112355) 0.176559 (0.901387,1.08548) (-0.202159,-0.155827) 0.157415 (1.7998,1.90954) (-0.13367,-0.129926) 0.191107 (-0.633062,-0.717402) (0.0850319,0.0865928) 0.155876
6.8 (2.30903,2.59976) (0.543771,0.203725) 0.206431 (2.79844,2.7831) 1.78237 0.358466 (0.0962575,0.0598421) (0.153538,0.112355) 0.176559 (0.881171,1.0699) (-0.202159,-0.155827) 0.157415 (1.78643,1.89655) (-0.133661,-0.129935) 0.191107 (-0.624559,-0.708741) (0.0850222,0.0866023) 0.155876
6.9 (2.35796,2.6181) (0.489349,0.183364) 0.206431 (2.79844,2.7831) 1.78237 0.358516 (0.111611,0.0710775) (0.153538,0.112355) 0.176559 (0.860955,1.05432) (-0.202159,-0.155827) 0.157415 (1.77306,1.88355) (-0.133658,-0.129938) 0.191107 (-0.616057,-0.700082) (0.085026,0.0865986) 0.155876
