[]
timestamp position0 velocity0 radius0 goal pref_speed theta position1 velocity1 radius1 position2 velocity2 radius2 position3 velocity3 radius3 position4 velocity4 radius4 position5 velocity5 radius5 position6 velocity6 radius6
0 (-1.86369,-1.68936) (0,0) 0.181547 (2.79844,2.7831) 1.69073 0 (-0.623186,-0.809335) (0,0) 0.160648 (2.0761,2.40741) (0,0) 0.201844 (2.76041,2.98756) (0,0) 0.197192 (-1.30406,-1.0107) (0,0) 0.217096
0.1 (-1.85166,-1.69305) (0.120378,-0.036921) 0.181547 (2.79844,2.7831) 1.69073 -0.2976 (-0.605149,-0.790397) (0.180365,0.189377) 0.160648 (2.06772,2.3988) (-0.0838175,-0.0861626) 0.201844 (2.7622,2.97775) (0.0179152,-0.0981563) 0.197192 (-1.30493,-0.99604) (-0.00870134,0.14659) 0.217096
0.2 (-1.82064,-1.68337) (0.310156,0.0967984) 0.181547 (2.79844,2.7831) 1.69073 0.302517 (-0.587113,-0.771459) (0.180359,0.189383) 0.160648 (2.05934,2.39018) (-0.0838154,-0.0861646) 0.201844 (2.7603,2.95348) (-0.0190099,-0.242627) 0.197192 (-1.2942,-0.986017) (0.107325,0.100228) 0.217096
0.3 (-1.77205,-1.66865) (0.4859,0.147229) 0.181547 (2.79844,2.7831) 1.69073 0.29421 (-0.569076,-0.752521) (0.18037,0.189373) 0.160648 (2.05096,2.38157) (-0.083819,-0.0861612) 0.201844 (2.75205,2.93059) (-0.0824663,-0.228973) 0.197192 (-1.28347,-0.975995) (0.107332,0.100221) 0.217096
0.4 (-1.69645,-1.6375) (0.755982,0.311475) 0.181547 (2.79844,2.7831) 1.69073 0.39082 (-0.551039,-0.733584) (0.180372,0.189371) 0.160648 (2.04258,2.37295) (-0.0838142,-0.0861659) 0.201844 (2.74075,2.90903) (-0.112996,-0.215548) 0.197192 (-1.27274,-0.965973) (0.107341,0.100211) 0.217096
0.5 (-1.61086,-1.59472) (0.855957,0.427786) 0.181547 (2.79844,2.7831) 1.69073 0.463468 (-0.533002,-0.714647) (0.180371,0.189372) 0.160648 (2.03419,2.36433) (-0.0838167,-0.0861634) 0.201844 (2.72795,2.88834) (-0.128027,-0.206974) 0.197192 (-1.262,-0.955951) (0.107329,0.100223) 0.217096
0.6 (-1.52664,-1.54903) (0.842132,0.456883) 0.181547 (2.79844,2.7831) 1.69073 0.497092 (-0.514965,-0.69571) (0.180368,0.189375) 0.160648 (2.02581,2.35572) (-0.0838156,-0.0861644) 0.201844 (2.71441,2.86811) (-0.13538,-0.202241) 0.197192 (-1.25127,-0.945929) (0.107329,0.100224) 0.217096
0.7 (-1.44327,-1.50169) (0.8337,0.47344) 0.181547 (2.79844,2.7831) 1.69073 0.516466 (-0.496927,-0.676773) (0.18038,0.189363) 0.160648 (2.01743,2.3471) (-0.0838241,-0.0861562) 0.201844 (2.70053,2.84812) (-0.138769,-0.199931) 0.197192 (-1.24054,-0.935907) (0.10733,0.100222) 0.217096
0.8 (-1.36045,-1.45339) (0.828243,0.482964) 0.181547 (2.79844,2.7831) 1.69073 0.527914 (-0.478891,-0.657835) (0.180358,0.189384) 0.160648 (2.00905,2.33848) (-0.0838156,-0.0861645) 0.201844 (2.68652,2.82822) (-0.140126,-0.198982) 0.197192 (-1.2298,-0.925884) (0.107329,0.100224) 0.217096
0.9 (-1.27915,-1.40518) (0.812956,0.482179) 0.181547 (2.79844,2.7831) 1.69073 0.535344 (-0.460854,-0.638898) (0.18037,0.189373) 0.160648 (2.00067,2.32987) (-0.0838146,-0.0861655) 0.201844 (2.67247,2.80835) (-0.140468,-0.198741) 0.197192 (-1.21907,-0.915862) (0.10733,0.100223) 0.217096
1 (-1.19835,-1.35685) (0.808054,0.483283) 0.181547 (2.79844,2.7831) 1.69073 0.539009 (-0.442818,-0.61996) (0.180364,0.189379) 0.160648 (1.99227,2.32126) (-0.0839357,-0.0860475) 0.201844 (2.65844,2.78846) (-0.140341,-0.198831) 0.197192 (-1.20834,-0.905839) (0.107329,0.100224) 0.217096
1.1 (-1.11774,-1.30843) (0.806089,0.484189) 0.181547 (2.79844,2.7831) 1.69073 0.540908 (-0.424781,-0.601023) (0.180372,0.189371) 0.160648 (1.98386,2.31268) (-0.0841761,-0.0858124) 0.201844 (2.64443,2.76856) (-0.140086,-0.19901) 0.197192 (-1.1976,-0.895818) (0.107338,0.100214) 0.217096
1.2 (-1.0373,-1.25999) (0.80437,0.484354) 0.181547 (2.79844,2.7831) 1.69073 0.542001 (-0.406745,-0.582085) (0.180362,0.18938) 0.160648 (1.97542,2.30412) (-0.0843722,-0.0856195) 0.201844 (2.63044,2.74865) (-0.139877,-0.199157) 0.197192 (-1.18687,-0.885796) (0.107329,0.100223) 0.217096
1.3 (-0.957035,-1.21158) (0.802676,0.484087) 0.181547 (2.79844,2.7831) 1.69073 0.54269 (-0.388708,-0.563147) (0.180364,0.189379) 0.160648 (1.96697,2.29557) (-0.0845274,-0.0854663) 0.201844 (2.61647,2.72872) (-0.13971,-0.199274) 0.197192 (-1.17614,-0.875774) (0.107335,0.100218) 0.217096
1.4 (-0.876923,-1.16322) (0.801122,0.483641) 0.181547 (2.79844,2.7831) 1.69073 0.543139 (-0.37067,-0.54421) (0.180378,0.189365) 0.160648 (1.9585,2.28704) (-0.0846442,-0.0853507) 0.201844 (2.60251,2.70878) (-0.139583,-0.199363) 0.197192 (-1.1654,-0.865752) (0.107331,0.100221) 0.217096
1.5 (-0.796962,-1.11491) (0.799612,0.483072) 0.181547 (2.79844,2.7831) 1.69073 0.543453 (-0.352634,-0.525272) (0.180363,0.189379) 0.160648 (1.95003,2.27851) (-0.084725,-0.0852704) 0.201844 (2.58857,2.68884) (-0.139495,-0.199425) 0.197192 (-1.15467,-0.85573) (0.10733,0.100223) 0.217096
1.6 (-0.717167,-1.06668) (0.797944,0.482374) 0.181547 (2.79844,2.7831) 1.69073 0.543737 (-0.334597,-0.506335) (0.180373,0.18937) 0.160648 (1.94155,2.26999) (-0.0847719,-0.0852238) 0.201844 (2.57462,2.66889) (-0.139444,-0.199461) 0.197192 (-1.14394,-0.845707) (0.107327,0.100226) 0.217096
1.7 (-0.637546,-1.01852) (0.796215,0.481598) 0.181547 (2.79844,2.7831) 1.69073 0.543985 (-0.316561,-0.487397) (0.180359,0.189383) 0.160648 (1.93307,2.26147) (-0.0847867,-0.0852091) 0.201844 (2.56068,2.64895) (-0.139427,-0.199472) 0.197192 (-1.13321,-0.835684) (0.107323,0.10023) 0.217096
1.8 (-0.558104,-0.970438) (0.794416,0.480781) 0.181547 (2.79844,2.7831) 1.69073 0.544234 (-0.298526,-0.468458) (0.180353,0.189389) 0.160648 (1.92459,2.25295) (-0.0847867,-0.0852091) 0.201844 (2.54674,2.629) (-0.139427,-0.199472) 0.197192 (-1.12247,-0.825661) (0.107328,0.100224) 0.217096
1.9 (-0.478847,-0.922445) (0.792573,0.479932) 0.181547 (2.79844,2.7831) 1.69073 0.544481 (-0.280488,-0.449521) (0.180371,0.189372) 0.160648 (1.91612,2.24443) (-0.0847867,-0.0852091) 0.201844 (2.53279,2.60905) (-0.139427,-0.199472) 0.197192 (-1.11174,-0.815639) (0.107333,0.10022) 0.217096
2 (-0.399778,-0.874541) (0.790686,0.479037) 0.181547 (2.79844,2.7831) 1.69073 0.544709 (-0.262452,-0.430583) (0.180361,0.189382) 0.160648 (1.90764,2.23591) (-0.0847867,-0.0852091) 0.201844 (2.51885,2.5891) (-0.139427,-0.199472) 0.197192 (-1.10101,-0.805617) (0.107331,0.100221) 0.217096
2.1 (-0.320911,-0.826732) (0.78867,0.478088) 0.181547 (2.79844,2.7831) 1.69073 0.544963 (-0.244416,-0.411645) (0.180367,0.189376) 0.160648 (1.89916,2.22738) (-0.0847867,-0.0852091) 0.201844 (2.50491,2.56916) (-0.139427,-0.199472) 0.197192 (-1.09027,-0.795595) (0.10733,0.100222) 0.217096
2.2 (-0.242255,-0.779023) (0.786566,0.47709) 0.181547 (2.79844,2.7831) 1.69073 0.54522 (-0.22638,-0.392707) (0.18036,0.189383) 0.160648 (1.89068,2.21886) (-0.0847867,-0.0852091) 0.201844 (2.49096,2.54921) (-0.139427,-0.199472) 0.197192 (-1.07954,-0.785573) (0.107331,0.100221) 0.217096
2.3 (-0.163824,-0.731421) (0.78431,0.476026) 0.181547 (2.79844,2.7831) 1.69073 0.545504 (-0.208343,-0.373769) (0.180365,0.189378) 0.160648 (1.8822,2.21034) (-0.0847867,-0.0852091) 0.201844 (2.47702,2.52926) (-0.139427,-0.199472) 0.197192 (-1.06881,-0.775551) (0.10733,0.100222) 0.217096
2.4 (-0.085628,-0.68393) (0.781959,0.474911) 0.181547 (2.79844,2.7831) 1.69073 0.545795 (-0.190307,-0.354831) (0.180365,0.189378) 0.160648 (1.87372,2.20182) (-0.0847867,-0.0852091) 0.201844 (2.46308,2.50932) (-0.139427,-0.199472) 0.197192 (-1.05808,-0.765528) (0.107328,0.100225) 0.217096
2.5 (-0.00767627,-0.636554) (0.779517,0.473752) 0.181547 (2.79844,2.7831) 1.69073 0.546099 (-0.17227,-0.335894) (0.180365,0.189378) 0.160648 (1.86524,2.1933) (-0.0847867,-0.0852091) 0.201844 (2.44914,2.48937) (-0.139427,-0.199472) 0.197192 (-1.04734,-0.755507) (0.107335,0.100217) 0.217096
2.6 (0.0712609,-0.584058) (0.789372,0.524963) 0.181547 (2.79844,2.7831) 1.69073 0.586875 (-0.154233,-0.316957) (0.180376,0.189368) 0.160648 (1.85677,2.18478) (-0.0847867,-0.0852091) 0.201844 (2.43519,2.46942) (-0.139427,-0.199472) 0.197192 (-1.03661,-0.745484) (0.107328,0.100225) 0.217096
2.7 (0.148787,-0.520125) (0.775259,0.639331) 0.181547 (2.79844,2.7831) 1.69073 0.689602 (-0.136194,-0.298021) (0.180388,0.189356) 0.160648 (1.84829,2.17626) (-0.0847866,-0.0852091) 0.201844 (2.42125,2.44947) (-0.139427,-0.199472) 0.197192 (-1.02588,-0.735461) (0.107323,0.10023) 0.217096
2.8 (0.222975,-0.453044) (0.741879,0.670805) 0.181547 (2.79844,2.7831) 1.69073 0.73513 (-0.118157,-0.279084) (0.180365,0.189377) 0.160648 (1.83981,2.16774) (-0.0847866,-0.0852091) 0.201844 (2.40731,2.42953) (-0.139427,-0.199472) 0.197192 (-1.01514,-0.725439) (0.107332,0.100221) 0.217096
2.9 (0.295424,-0.384349) (0.724489,0.686951) 0.181547 (2.79844,2.7831) 1.69073 0.758808 (-0.100121,-0.260146) (0.180366,0.189376) 0.160648 (1.83133,2.15922) (-0.0847866,-0.0852091) 0.201844 (2.39337,2.40958) (-0.139427,-0.199472) 0.197192 (-1.00441,-0.715417) (0.107337,0.100216) 0.217096
3 (0.366968,-0.314823) (0.715444,0.695267) 0.181547 (2.79844,2.7831) 1.69073 0.771097 (-0.0820851,-0.241207) (0.180357,0.189385) 0.160648 (1.82285,2.1507) (-0.0847866,-0.0852091) 0.201844 (2.37942,2.38963) (-0.139427,-0.199472) 0.197192 (-0.993677,-0.705395) (0.107326,0.100227) 0.217096
3.1 (0.438028,-0.244881) (0.710604,0.699419) 0.181547 (2.79844,2.7831) 1.69073 0.777466 (-0.0640482,-0.22227) (0.180369,0.189374) 0.160648 (1.81437,2.14218) (-0.0847866,-0.0852091) 0.201844 (2.36548,2.36968) (-0.139427,-0.199472) 0.197192 (-0.982944,-0.695372) (0.10733,0.100223) 0.217096
3.2 (0.508827,-0.174734) (0.707989,0.701465) 0.181547 (2.79844,2.7831) 1.69073 0.780769 (-0.0460105,-0.203333) (0.180377,0.189366) 0.160648 (1.80589,2.13366) (-0.0847866,-0.0852091) 0.201844 (2.35154,2.34974) (-0.139427,-0.199472) 0.197192 (-0.972211,-0.68535) (0.107328,0.100224) 0.217096
3.3 (0.579482,-0.10449) (0.706547,0.70244) 0.181547 (2.79844,2.7831) 1.69073 0.782484 (-0.0279725,-0.184397) (0.180379,0.189364) 0.160648 (1.79741,2.12513) (-0.0847866,-0.0852091) 0.201844 (2.33759,2.32979) (-0.139427,-0.199472) 0.197192 (-0.961478,-0.675328) (0.107333,0.10022) 0.217096
3.4 (0.650045,-0.0342127) (0.705633,0.702774) 0.181547 (2.79844,2.7831) 1.69073 0.783368 (-0.00993663,-0.165459) (0.180359,0.189383) 0.160648 (1.78894,2.11661) (-0.0847866,-0.0852091) 0.201844 (2.32365,2.30984) (-0.139427,-0.199472) 0.197192 (-0.950745,-0.665306) (0.107331,0.100222) 0.217096
3.5 (0.720552,0.036073) (0.705071,0.702857) 0.181547 (2.79844,2.7831) 1.69073 0.783826 (0.00810092,-0.146522) (0.180375,0.189368) 0.160648 (1.78046,2.10809) (-0.0847866,-0.0852092) 0.201844 (2.30971,2.2899) (-0.139427,-0.199472) 0.197192 (-0.940012,-0.655284) (0.107333,0.100219) 0.217096
3.6 (0.791018,0.10635) (0.704653,0.702768) 0.181547 (2.79844,2.7831) 1.69073 0.784059 (0.0261364,-0.127583) (0.180354,0.189388) 0.160648 (1.77198,2.09957) (-0.0847866,-0.0852092) 0.201844 (2.29577,2.26995) (-0.139427,-0.199472) 0.197192 (-0.929278,-0.645262) (0.107334,0.100219) 0.217096
3.7 (0.861443,0.176603) (0.704254,0.702528) 0.181547 (2.79844,2.7831) 1.69073 0.784171 (0.0441737,-0.108646) (0.180373,0.18937) 0.160648 (1.7635,2.09105) (-0.0847866,-0.0852092) 0.201844 (2.28182,2.25) (-0.139427,-0.199472) 0.197192 (-0.918544,-0.635241) (0.10734,0.100212) 0.217096
3.8 (0.931831,0.246825) (0.703879,0.702225) 0.181547 (2.79844,2.7831) 1.69073 0.784222 (0.0622108,-0.089709) (0.180371,0.189372) 0.160648 (1.75502,2.08253) (-0.0847866,-0.0852092) 0.201844 (2.26788,2.23005) (-0.139427,-0.199472) 0.197192 (-0.907811,-0.625218) (0.107329,0.100224) 0.217096
3.9 (1.00218,0.317011) (0.703483,0.701854) 0.181547 (2.79844,2.7831) 1.69073 0.784239 (0.0802476,-0.0707715) (0.180368,0.189375) 0.160648 (1.74654,2.07401) (-0.0847866,-0.0852092) 0.201844 (2.25394,2.21011) (-0.139427,-0.199472) 0.197192 (-0.897079,-0.615196) (0.107326,0.100227) 0.217096
4 (1.07249,0.387155) (0.703073,0.701442) 0.181547 (2.79844,2.7831) 1.69073 0.784237 (0.0982846,-0.0518343) (0.180371,0.189372) 0.160648 (1.73806,2.06549) (-0.0847866,-0.0852092) 0.201844 (2.24,2.19016) (-0.139427,-0.199472) 0.197192 (-0.886345,-0.605174) (0.107338,0.100214) 0.217096
4.1 (1.14275,0.457251) (0.70261,0.700962) 0.181547 (2.79844,2.7831) 1.69073 0.784224 (0.116322,-0.0328969) (0.180369,0.189374) 0.160648 (1.72959,2.05697) (-0.0847866,-0.0852092) 0.201844 (2.22605,2.17021) (-0.139427,-0.199472) 0.197192 (-0.875613,-0.595151) (0.107324,0.10023) 0.217096
4.2 (1.21296,0.527292) (0.702085,0.700408) 0.181547 (2.79844,2.7831) 1.69073 0.784202 (0.134358,-0.0139594) (0.180367,0.189376) 0.160648 (1.72111,2.04845) (-0.0847866,-0.0852092) 0.201844 (2.21211,2.15026) (-0.139427,-0.199472) 0.197192 (-0.86488,-0.585129) (0.107329,0.100224) 0.217096
4.3 (1.28311,0.597274) (0.701532,0.69982) 0.181547 (2.79844,2.7831) 1.69073 0.784177 (0.152394,0.0049787) (0.180362,0.18938) 0.160648 (1.71263,2.03993) (-0.0847865,-0.0852092) 0.201844 (2.19817,2.13032) (-0.139427,-0.199472) 0.197192 (-0.854147,-0.575106) (0.107325,0.100228) 0.217096
4.4 (1.3532,0.667192) (0.700932,0.699181) 0.181547 (2.79844,2.7831) 1.69073 0.784148 (0.170432,0.0239152) (0.180378,0.189366) 0.160648 (1.70415,2.03141) (-0.0847865,-0.0852092) 0.201844 (2.18422,2.11037) (-0.139427,-0.199472) 0.197192 (-0.843414,-0.565084) (0.10733,0.100223) 0.217096
4.5 (1.42322,0.737032) (0.700201,0.698401) 0.181547 (2.79844,2.7831) 1.69073 0.784111 (0.188469,0.0428525) (0.18037,0.189372) 0.160648 (1.69567,2.02288) (-0.0847865,-0.0852092) 0.201844 (2.17028,2.09042) (-0.139427,-0.199472) 0.197192 (-0.832681,-0.555062) (0.107338,0.100214) 0.217096
4.6 (1.49316,0.806789) (0.699421,0.697567) 0.181547 (2.79844,2.7831) 1.69073 0.784071 (0.206507,0.0617894) (0.180374,0.189369) 0.160648 (1.68719,2.01436) (-0.0847865,-0.0852093) 0.201844 (2.15634,2.07047) (-0.139427,-0.199472) 0.197192 (-0.821947,-0.545041) (0.107338,0.100214) 0.217096
4.7 (1.56301,0.876447) (0.698505,0.696587) 0.181547 (2.79844,2.7831) 1.69073 0.784024 (0.22453,0.0807396) (0.180234,0.189502) 0.160648 (1.67871,2.00584) (-0.0847865,-0.0852093) 0.201844 (2.14241,2.05054) (-0.139331,-0.199369) 0.197192 (-0.811214,-0.535019) (0.10733,0.100223) 0.217096
4.8 (1.63276,0.945996) (0.697476,0.695488) 0.181547 (2.79844,2.7831) 1.69073 0.783971 (0.242155,0.100061) (0.176249,0.193214) 0.160648 (1.67024,1.99732) (-0.0847696,-0.0852261) 0.201844 (2.12881,2.03096) (-0.135931,-0.195733) 0.197192 (-0.80048,-0.524997) (0.10734,0.100212) 0.217096
4.9 (1.70239,1.01541) (0.696259,0.694186) 0.181547 (2.79844,2.7831) 1.69073 0.783907 (0.259473,0.119658) (0.173185,0.195965) 0.160648 (1.66182,1.98874) (-0.0841665,-0.0858217) 0.201844 (2.11555,2.01175) (-0.132598,-0.192169) 0.197192 (-0.789747,-0.514975) (0.107326,0.100227) 0.217096
5 (1.77188,1.08469) (0.694902,0.692735) 0.181547 (2.79844,2.7831) 1.69073 0.783836 (0.276549,0.139466) (0.170761,0.198081) 0.160648 (1.65345,1.98011) (-0.083736,-0.0862419) 0.201844 (2.10262,1.99288) (-0.129343,-0.188688) 0.197192 (-0.779015,-0.504952) (0.107324,0.100229) 0.217096
5.1 (1.84122,1.1538) (0.693426,0.691157) 0.181547 (2.79844,2.7831) 1.69073 0.783759 (0.293434,0.159437) (0.168847,0.199715) 0.160648 (1.64507,1.97149) (-0.0837321,-0.0862456) 0.201844 (2.09,1.97435) (-0.126193,-0.18532) 0.197192 (-0.768282,-0.494929) (0.107327,0.100226) 0.217096
5.2 (1.91038,1.22273) (0.691637,0.689243) 0.181547 (2.79844,2.7831) 1.69073 0.783665 (0.31017,0.179533) (0.167363,0.200961) 0.160648 (1.6367,1.96287) (-0.0837355,-0.0862423) 0.201844 (2.07768,1.95614) (-0.123173,-0.182091) 0.197192 (-0.757549,-0.484907) (0.10733,0.100222) 0.217096
5.3 (1.97933,1.29142) (0.689491,0.686948) 0.181547 (2.79844,2.7831) 1.69073 0.783551 (0.326735,0.199583) (0.165647,0.200497) 0.160648 (1.62822,1.95434) (-0.0847824,-0.0852133) 0.201844 (2.06565,1.93823) (-0.120317,-0.179037) 0.197192 (-0.746817,-0.474884) (0.107322,0.100232) 0.217096
5.4 (2.04803,1.35985) (0.686986,0.68427) 0.181547 (2.79844,2.7831) 1.69073 0.783417 (0.343036,0.219343) (0.163006,0.197602) 0.160648 (1.61937,1.94621) (-0.0884879,-0.0813588) 0.201844 (2.05388,1.9206) (-0.117757,-0.176299) 0.197192 (-0.736083,-0.464863) (0.107339,0.100213) 0.217096
5.5 (2.11643,1.42796) (0.684008,0.681086) 0.181547 (2.79844,2.7831) 1.69073 0.783257 (0.359092,0.238818) (0.160559,0.194747) 0.160648 (1.61024,1.93839) (-0.0912867,-0.0782055) 0.201844 (2.04231,1.9032) (-0.115625,-0.174019) 0.197192 (-0.72535,-0.45484) (0.107329,0.100224) 0.217096
5.6 (2.18449,1.4957) (0.680532,0.677369) 0.181547 (2.79844,2.7831) 1.69073 0.783069 (0.374907,0.258011) (0.158155,0.191929) 0.160648 (1.60089,1.93084) (-0.0935364,-0.0755004) 0.201844 (2.03095,1.88602) (-0.113622,-0.171877) 0.197192 (-0.714617,-0.444818) (0.107331,0.100222) 0.217096
5.7 (2.25211,1.56297) (0.676202,0.672738) 0.181547 (2.79844,2.7831) 1.69073 0.782831 (0.390491,0.276928) (0.155836,0.189169) 0.160648 (1.59135,1.92352) (-0.0953909,-0.0731434) 0.201844 (2.01976,1.86901) (-0.111883,-0.170018) 0.197192 (-0.703883,-0.434797) (0.107339,0.100213) 0.217096
5.8 (2.31922,1.6297) (0.671123,0.667309) 0.181547 (2.79844,2.7831) 1.69073 0.782548 (0.405851,0.295575) (0.153605,0.186477) 0.160648 (1.58166,1.91642) (-0.0969415,-0.0710755) 0.201844 (2.00871,1.85216) (-0.110515,-0.168556) 0.197192 (-0.69315,-0.424775) (0.107335,0.100218) 0.217096
5.9 (2.37759,1.71133) (0.583748,0.816291) 0.181547 (2.79844,2.7831) 1.69073 0.949993 (0.421008,0.313964) (0.151567,0.183887) 0.160648 (1.57183,1.90949) (-0.0982479,-0.0692584) 0.201844 (1.99517,1.83194) (-0.135419,-0.202215) 0.197192 (-0.682417,-0.414753) (0.107331,0.100222) 0.217096
6 (2.41415,1.80442) (0.365516,0.930872) 0.181547 (2.79844,2.7831) 1.69073 1.19663 (0.435982,0.332107) (0.149737,0.181425) 0.160648 (1.5619,1.90272) (-0.0993489,-0.0676696) 0.201844 (1.98163,1.81171) (-0.135419,-0.202215) 0.197192 (-0.671684,-0.40473) (0.107331,0.100222) 0.217096
6.1 (2.45069,1.8975) (0.365447,0.930848) 0.181547 (2.79844,2.7831) 1.69073 1.19669 (0.45078,0.350013) (0.147985,0.179068) 0.160648 (1.55187,1.89609) (-0.100271,-0.0662954) 0.201844 (1.96808,1.79149) (-0.135419,-0.202215) 0.197192 (-0.66095,-0.394709) (0.107338,0.100214) 0.217096
6.2 (2.48546,1.98607) (0.347721,0.885658) 0.181547 (2.79844,2.7831) 1.69073 1.19667 (0.465412,0.367696) (0.146321,0.17683) 0.160648 (1.54177,1.88958) (-0.101036,-0.0651235) 0.201844 (1.95454,1.77127) (-0.135419,-0.202215) 0.197192 (-0.650216,-0.384687) (0.107335,0.100217) 0.217096
6.3 (2.51676,2.06577) (0.312984,0.797033) 0.181547 (2.79844,2.7831) 1.69073 1.19661 (0.479888,0.385169) (0.144759,0.174727) 0.160648 (1.5316,1.88317) (-0.10166,-0.0641451) 0.201844 (1.941,1.75105) (-0.135419,-0.202215) 0.197192 (-0.639484,-0.374665) (0.107329,0.100224) 0.217096
6.4 (2.54494,2.1375) (0.281759,0.717318) 0.181547 (2.79844,2.7831) 1.69073 1.19652 (0.49422,0.402448) (0.143316,0.172787) 0.160648 (1.52139,1.87683) (-0.102154,-0.0633549) 0.201844 (1.92746,1.73083) (-0.135419,-0.202215) 0.197192 (-0.62875,-0.364643) (0.107335,0.100218) 0.217096
6.5 (2.57029,2.20206) (0.253528,0.645571) 0.181547 (2.79844,2.7831) 1.69073 1.19658 (0.508422,0.419553) (0.142026,0.171051) 0.160648 (1.51113,1.87056) (-0.102526,-0.0627519) 0.201844 (1.91392,1.71061) (-0.135419,-0.202215) 0.197192 (-0.618017,-0.354621) (0.10733,0.100223) 0.217096
6.6 (2.59311,2.26016) (0.228169,0.581031) 0.181547 (2.79844,2.7831) 1.69073 1.1966 (0.522517,0.436513) (0.140947,0.1696) 0.160648 (1.50086,1.86432) (-0.102778,-0.0623388) 0.201844 (1.90038,1.69039) (-0.135419,-0.202215) 0.197192 (-0.607284,-0.344599) (0.107331,0.100221) 0.217096
6.7 (2.61364,2.31246) (0.205336,0.522942) 0.181547 (2.79844,2.7831) 1.69073 1.19664 (0.536538,0.453374) (0.140213,0.168611) 0.160648 (1.49056,1.85811) (-0.102907,-0.0621248) 0.201844 (1.88683,1.67016) (-0.135419,-0.202215) 0.197192 (-0.596551,-0.334576) (0.10733,0.100223) 0.217096
6.8 (2.63212,2.35952) (0.184799,0.47064) 0.181547 (2.79844,2.7831) 1.69073 1.19664 (0.550548,0.47022) (0.140098,0.168457) 0.160648 (1.48027,1.8519) (-0.102925,-0.0620959) 0.201844 (1.87329,1.64994) (-0.135419,-0.202215) 0.197192 (-0.585819,-0.324553) (0.107323,0.10023) 0.217096
