[]
timestamp position0 velocity0 radius0 goal pref_speed theta position1 velocity1 radius1 position2 velocity2 radius2 position3 velocity3 radius3 position4 velocity4 radius4 position5 velocity5 radius5 position6 velocity6 radius6
0 (-1.86323,-1.56147) (0,0) 0.200052 (2.79844,2.7831) 1.84485 0 (-0.924424,-0.621603) (0,0) 0.167082 (2.59769,2.27526) (0,0) 0.180123 (3.23442,2.95787) (0,0) 0.207977 (-1.255,-1.01477) (0,0) 0.19276
0.1 (-1.86127,-1.55729) (0.0195422,0.041835) 0.200052 (2.79844,2.7831) 1.84485 1.13379 (-0.912023,-0.610261) (0.124009,0.113414) 0.167082 (2.57552,2.25584) (-0.221687,-0.194193) 0.180123 (3.22407,2.96007) (-0.103528,0.0219881) 0.207977 (-1.24536,-1.02086) (0.0963497,-0.0609124) 0.19276
0.2 (-1.85364,-1.53539) (0.0762786,0.218962) 0.200052 (2.79844,2.7831) 1.84485 1.23558 (-0.899621,-0.598921) (0.124019,0.113404) 0.167082 (2.55336,2.23642) (-0.221666,-0.194218) 0.180123 (3.21306,2.9502) (-0.110108,-0.0986664) 0.207977 (-1.22955,-1.0185) (0.158173,0.0235775) 0.19276
0.3 (-1.84481,-1.48944) (0.0883222,0.459514) 0.200052 (2.79844,2.7831) 1.84485 1.3809 (-0.887219,-0.58758) (0.124016,0.113407) 0.167082 (2.53119,2.217) (-0.221695,-0.194185) 0.180123 (3.20205,2.94034) (-0.110104,-0.0986709) 0.207977 (-1.21572,-1.01046) (0.138219,0.0804372) 0.19276
0.4 (-1.8148,-1.41826) (0.300135,0.711781) 0.200052 (2.79844,2.7831) 1.84485 1.17175 (-0.874818,-0.576239) (0.124008,0.113415) 0.167082 (2.50902,2.19758) (-0.221678,-0.194203) 0.180123 (3.19104,2.93047) (-0.110098,-0.0986777) 0.207977 (-1.20416,-0.999418) (0.11567,0.110431) 0.19276
0.5 (-1.77595,-1.33566) (0.388457,0.826044) 0.200052 (2.79844,2.7831) 1.84485 1.13122 (-0.862417,-0.564897) (0.124011,0.113412) 0.167082 (2.48685,2.17816) (-0.221682,-0.194199) 0.180123 (3.18003,2.9206) (-0.110093,-0.0986829) 0.207977 (-1.19259,-0.988376) (0.115677,0.110424) 0.19276
0.6 (-1.73526,-1.25385) (0.406937,0.818003) 0.200052 (2.79844,2.7831) 1.84485 1.10917 (-0.850017,-0.553556) (0.124008,0.113416) 0.167082 (2.46469,2.15874) (-0.221664,-0.19422) 0.180123 (3.16902,2.91073) (-0.110102,-0.0986727) 0.207977 (-1.18102,-0.977333) (0.115677,0.110425) 0.19276
0.7 (-1.69353,-1.17259) (0.417334,0.812622) 0.200052 (2.79844,2.7831) 1.84485 1.09636 (-0.837615,-0.542215) (0.124011,0.113412) 0.167082 (2.44252,2.13931) (-0.221677,-0.194205) 0.180123 (3.15801,2.90086) (-0.110098,-0.0986774) 0.207977 (-1.16945,-0.966291) (0.115677,0.110425) 0.19276
0.8 (-1.65121,-1.09173) (0.423162,0.808634) 0.200052 (2.79844,2.7831) 1.84485 1.08868 (-0.825214,-0.530874) (0.124013,0.11341) 0.167082 (2.42035,2.11989) (-0.221669,-0.194214) 0.180123 (3.147,2.891) (-0.110104,-0.0986704) 0.207977 (-1.15789,-0.955248) (0.11567,0.110432) 0.19276
0.9 (-1.60856,-1.01118) (0.426449,0.805521) 0.200052 (2.79844,2.7831) 1.84485 1.0839 (-0.812813,-0.519533) (0.124015,0.113408) 0.167082 (2.39818,2.10047) (-0.221664,-0.194219) 0.180123 (3.13599,2.88113) (-0.110102,-0.0986733) 0.207977 (-1.14632,-0.944205) (0.115672,0.110429) 0.19276
1 (-1.56574,-0.930905) (0.428236,0.802721) 0.200052 (2.79844,2.7831) 1.84485 1.08072 (-0.800412,-0.508192) (0.12401,0.113413) 0.167082 (2.37602,2.08105) (-0.221675,-0.194207) 0.180123 (3.12498,2.87126) (-0.110097,-0.0986788) 0.207977 (-1.13475,-0.933162) (0.11568,0.110421) 0.19276
1.1 (-1.52281,-0.850878) (0.429312,0.800269) 0.200052 (2.79844,2.7831) 1.84485 1.07841 (-0.78801,-0.496851) (0.124019,0.113403) 0.167082 (2.35385,2.06163) (-0.221687,-0.194193) 0.180123 (3.11397,2.86139) (-0.1101,-0.0986754) 0.207977 (-1.12318,-0.92212) (0.115678,0.110423) 0.19276
1.2 (-1.4798,-0.771091) (0.430123,0.797866) 0.200052 (2.79844,2.7831) 1.84485 1.07637 (-0.775608,-0.485511) (0.124016,0.113407) 0.167082 (2.33168,2.04221) (-0.221662,-0.194222) 0.180123 (3.10296,2.85153) (-0.1101,-0.0986748) 0.207977 (-1.11162,-0.911078) (0.115683,0.110419) 0.19276
1.3 (-1.4365,-0.691464) (0.432947,0.796275) 0.200052 (2.79844,2.7831) 1.84485 1.07279 (-0.763208,-0.474169) (0.124004,0.11342) 0.167082 (2.30951,2.02279) (-0.221679,-0.194202) 0.180123 (3.09195,2.84166) (-0.110101,-0.0986741) 0.207977 (-1.10005,-0.900036) (0.115678,0.110424) 0.19276
1.4 (-1.38055,-0.610795) (0.559508,0.80669) 0.200052 (2.79844,2.7831) 1.84485 0.964389 (-0.750806,-0.462828) (0.124017,0.113405) 0.167082 (2.28735,2.00337) (-0.221672,-0.19421) 0.180123 (3.08094,2.83179) (-0.110104,-0.0986706) 0.207977 (-1.08848,-0.888994) (0.115682,0.11042) 0.19276
1.5 (-1.3183,-0.533823) (0.622546,0.769716) 0.200052 (2.79844,2.7831) 1.84485 0.890713 (-0.738405,-0.451487) (0.124012,0.113411) 0.167082 (2.26518,1.98395) (-0.221677,-0.194204) 0.180123 (3.06993,2.82193) (-0.1101,-0.0986746) 0.207977 (-1.07691,-0.877952) (0.11568,0.110421) 0.19276
1.6 (-1.25277,-0.459535) (0.655277,0.742881) 0.200052 (2.79844,2.7831) 1.84485 0.847974 (-0.726003,-0.440146) (0.124013,0.113409) 0.167082 (2.24301,1.96453) (-0.221678,-0.194204) 0.180123 (3.05892,2.81206) (-0.110098,-0.0986777) 0.207977 (-1.06534,-0.86691) (0.115679,0.110422) 0.19276
1.7 (-1.18528,-0.38692) (0.674888,0.726152) 0.200052 (2.79844,2.7831) 1.84485 0.821972 (-0.713603,-0.428804) (0.124006,0.113417) 0.167082 (2.22084,1.94511) (-0.22168,-0.194202) 0.180123 (3.04791,2.80219) (-0.110094,-0.0986817) 0.207977 (-1.05378,-0.855868) (0.115686,0.110415) 0.19276
1.8 (-1.11655,-0.315381) (0.687332,0.715392) 0.200052 (2.79844,2.7831) 1.84485 0.8054 (-0.701203,-0.417462) (0.124003,0.113421) 0.167082 (2.19868,1.92569) (-0.22167,-0.194213) 0.180123 (3.0369,2.79232) (-0.1101,-0.0986755) 0.207977 (-1.04221,-0.844826) (0.11568,0.110421) 0.19276
1.9 (-1.04696,-0.24459) (0.695844,0.707913) 0.200052 (2.79844,2.7831) 1.84485 0.793996 (-0.6888,-0.406122) (0.124021,0.113401) 0.167082 (2.17651,1.90627) (-0.221675,-0.194207) 0.180123 (3.02589,2.78245) (-0.110099,-0.098676) 0.207977 (-1.03064,-0.833784) (0.115678,0.110423) 0.19276
2 (-0.976684,-0.174383) (0.702794,0.702066) 0.200052 (2.79844,2.7831) 1.84485 0.78488 (-0.676399,-0.394782) (0.124016,0.113406) 0.167082 (2.15434,1.88685) (-0.221685,-0.194196) 0.180123 (3.01488,2.77259) (-0.110098,-0.0986774) 0.207977 (-1.01907,-0.822741) (0.115673,0.110429) 0.19276
2.1 (-0.905559,-0.10485) (0.711249,0.695328) 0.200052 (2.79844,2.7831) 1.84485 0.77408 (-0.663998,-0.38344) (0.12401,0.113413) 0.167082 (2.13217,1.86743) (-0.221681,-0.194201) 0.180123 (3.00387,2.76272) (-0.110107,-0.0986676) 0.207977 (-1.00751,-0.811698) (0.115674,0.110428) 0.19276
2.2 (-0.832093,-0.0371652) (0.734663,0.676848) 0.200052 (2.79844,2.7831) 1.84485 0.744462 (-0.651596,-0.3721) (0.124021,0.113401) 0.167082 (2.11,1.84801) (-0.221683,-0.194198) 0.180123 (2.99286,2.75285) (-0.110106,-0.0986678) 0.207977 (-0.995937,-0.800656) (0.115685,0.110416) 0.19276
2.3 (-0.757649,0.0293803) (0.744442,0.665455) 0.200052 (2.79844,2.7831) 1.84485 0.729433 (-0.639194,-0.36076) (0.124018,0.113404) 0.167082 (2.08784,1.82859) (-0.221675,-0.194207) 0.180123 (2.98185,2.74299) (-0.110099,-0.0986766) 0.207977 (-0.984369,-0.789614) (0.115674,0.110427) 0.19276
2.4 (-0.682703,0.0953419) (0.749462,0.659616) 0.200052 (2.79844,2.7831) 1.84485 0.721722 (-0.626792,-0.349419) (0.124016,0.113406) 0.167082 (2.06567,1.80917) (-0.221681,-0.194201) 0.180123 (2.97084,2.73312) (-0.110094,-0.0986815) 0.207977 (-0.972801,-0.778571) (0.115678,0.110423) 0.19276
2.5 (-0.607502,0.161001) (0.752005,0.65659) 0.200052 (2.79844,2.7831) 1.84485 0.717764 (-0.614391,-0.338078) (0.12401,0.113413) 0.167082 (2.0435,1.78974) (-0.221677,-0.194205) 0.180123 (2.95983,2.72325) (-0.110095,-0.0986805) 0.207977 (-0.961232,-0.76753) (0.115688,0.110413) 0.19276
2.6 (-0.532178,0.226499) (0.753239,0.654976) 0.200052 (2.79844,2.7831) 1.84485 0.715733 (-0.60199,-0.326737) (0.12401,0.113413) 0.167082 (2.02133,1.77033) (-0.221687,-0.194194) 0.180123 (2.94882,2.71338) (-0.110097,-0.0986785) 0.207977 (-0.949665,-0.756488) (0.115677,0.110424) 0.19276
2.7 (-0.456788,0.291917) (0.753907,0.65418) 0.200052 (2.79844,2.7831) 1.84485 0.714692 (-0.58959,-0.315394) (0.124002,0.113422) 0.167082 (1.99917,1.7509) (-0.221673,-0.194209) 0.180123 (2.93781,2.70351) (-0.110095,-0.0986811) 0.207977 (-0.938097,-0.745445) (0.115677,0.110424) 0.19276
2.8 (-0.381372,0.357285) (0.754159,0.653689) 0.200052 (2.79844,2.7831) 1.84485 0.714155 (-0.577189,-0.304053) (0.124006,0.113418) 0.167082 (1.977,1.73148) (-0.221684,-0.194197) 0.180123 (2.9268,2.69365) (-0.110099,-0.0986765) 0.207977 (-0.926529,-0.734404) (0.115684,0.110417) 0.19276
2.9 (-0.305945,0.422628) (0.754265,0.653421) 0.200052 (2.79844,2.7831) 1.84485 0.713882 (-0.564789,-0.292711) (0.124004,0.113419) 0.167082 (1.95483,1.71206) (-0.221665,-0.194219) 0.180123 (2.91579,2.68378) (-0.110103,-0.0986719) 0.207977 (-0.914961,-0.723361) (0.115673,0.110429) 0.19276
3 (-0.230519,0.487951) (0.754261,0.653236) 0.200052 (2.79844,2.7831) 1.84485 0.713744 (-0.552388,-0.281369) (0.124006,0.113418) 0.167082 (1.93266,1.69264) (-0.221681,-0.194201) 0.180123 (2.90478,2.67391) (-0.110102,-0.0986732) 0.207977 (-0.903393,-0.712319) (0.115681,0.11042) 0.19276
3.1 (-0.155096,0.553263) (0.754234,0.653117) 0.200052 (2.79844,2.7831) 1.84485 0.713672 (-0.539987,-0.270028) (0.124011,0.113412) 0.167082 (1.91049,1.67322) (-0.221687,-0.194193) 0.180123 (2.89377,2.66404) (-0.110102,-0.0986729) 0.207977 (-0.891825,-0.701276) (0.115679,0.110422) 0.19276
3.2 (-0.0796799,0.618563) (0.754157,0.653001) 0.200052 (2.79844,2.7831) 1.84485 0.713635 (-0.527587,-0.258686) (0.124004,0.11342) 0.167082 (1.88833,1.6538) (-0.221673,-0.19421) 0.180123 (2.88276,2.65418) (-0.110096,-0.0986793) 0.207977 (-0.880257,-0.690234) (0.115679,0.110423) 0.19276
3.3 (-0.00426918,0.683856) (0.754107,0.652927) 0.200052 (2.79844,2.7831) 1.84485 0.713612 (-0.515186,-0.247345) (0.124012,0.113411) 0.167082 (1.86616,1.63438) (-0.221677,-0.194205) 0.180123 (2.87175,2.64431) (-0.110102,-0.0986733) 0.207977 (-0.86869,-0.679191) (0.115673,0.110428) 0.19276
3.4 (0.071134,0.749141) (0.754032,0.652851) 0.200052 (2.79844,2.7831) 1.84485 0.713603 (-0.502785,-0.236003) (0.12401,0.113413) 0.167082 (1.84399,1.61496) (-0.22169,-0.19419) 0.180123 (2.86074,2.63444) (-0.110098,-0.098677) 0.207977 (-0.857122,-0.668149) (0.115681,0.110421) 0.19276
3.5 (0.146521,0.814411) (0.753874,0.652706) 0.200052 (2.79844,2.7831) 1.84485 0.713596 (-0.490384,-0.224662) (0.124012,0.113411) 0.167082 (1.82182,1.59554) (-0.221677,-0.194205) 0.180123 (2.84973,2.62457) (-0.110103,-0.0986721) 0.207977 (-0.845554,-0.657107) (0.115678,0.110424) 0.19276
3.6 (0.221899,0.879674) (0.753779,0.652623) 0.200052 (2.79844,2.7831) 1.84485 0.713596 (-0.477983,-0.21332) (0.124005,0.113418) 0.167082 (1.79965,1.57612) (-0.221679,-0.194203) 0.180123 (2.83872,2.61471) (-0.110091,-0.0986849) 0.207977 (-0.833987,-0.646065) (0.115676,0.110425) 0.19276
3.7 (0.297263,0.944922) (0.753632,0.652483) 0.200052 (2.79844,2.7831) 1.84485 0.713587 (-0.465581,-0.20198) (0.124019,0.113403) 0.167082 (1.77749,1.5567) (-0.221681,-0.194201) 0.180123 (2.82771,2.60484) (-0.110097,-0.0986783) 0.207977 (-0.822419,-0.635022) (0.11568,0.110421) 0.19276
3.8 (0.372608,1.01015) (0.75345,0.652325) 0.200052 (2.79844,2.7831) 1.84485 0.713586 (-0.453181,-0.190638) (0.124002,0.113422) 0.167082 (1.75532,1.53728) (-0.22167,-0.194212) 0.180123 (2.8167,2.59497) (-0.110097,-0.0986783) 0.207977 (-0.810851,-0.62398) (0.115678,0.110423) 0.19276
3.9 (0.447942,1.07538) (0.753345,0.652234) 0.200052 (2.79844,2.7831) 1.84485 0.713586 (-0.44078,-0.179296) (0.124007,0.113417) 0.167082 (1.73315,1.51786) (-0.221686,-0.194195) 0.180123 (2.80569,2.5851) (-0.110097,-0.0986783) 0.207977 (-0.799283,-0.612938) (0.115678,0.110423) 0.19276
4 (0.523249,1.14058) (0.753064,0.651989) 0.200052 (2.79844,2.7831) 1.84485 0.713585 (-0.42838,-0.167954) (0.124005,0.113419) 0.167082 (1.71098,1.49844) (-0.221675,-0.194208) 0.180123 (2.79468,2.57523) (-0.110097,-0.0986783) 0.207977 (-0.787715,-0.601896) (0.115683,0.110418) 0.19276
4.1 (0.598545,1.20577) (0.752966,0.651903) 0.200052 (2.79844,2.7831) 1.84485 0.713585 (-0.415979,-0.156612) (0.124006,0.113418) 0.167082 (1.68881,1.47902) (-0.221688,-0.194192) 0.180123 (2.78367,2.56537) (-0.110097,-0.0986782) 0.207977 (-0.776147,-0.590854) (0.115678,0.110423) 0.19276
4.2 (0.673817,1.27094) (0.752717,0.651687) 0.200052 (2.79844,2.7831) 1.84485 0.713584 (-0.403578,-0.145272) (0.124015,0.113408) 0.167082 (1.66665,1.4596) (-0.221668,-0.194215) 0.180123 (2.77266,2.5555) (-0.110097,-0.0986783) 0.207977 (-0.764578,-0.579812) (0.115686,0.110415) 0.19276
4.3 (0.749062,1.33608) (0.752455,0.651459) 0.200052 (2.79844,2.7831) 1.84485 0.713583 (-0.391177,-0.13393) (0.124012,0.113411) 0.167082 (1.64448,1.44018) (-0.221675,-0.194207) 0.180123 (2.76165,2.54563) (-0.110097,-0.0986784) 0.207977 (-0.753011,-0.568769) (0.115671,0.110431) 0.19276
4.4 (0.824275,1.4012) (0.752124,0.651171) 0.200052 (2.79844,2.7831) 1.84485 0.713582 (-0.379211,-0.122131) (0.119661,0.117993) 0.167082 (1.62275,1.42027) (-0.217287,-0.199104) 0.180123 (2.75064,2.53576) (-0.110096,-0.0986791) 0.207977 (-0.741444,-0.557727) (0.115675,0.110426) 0.19276
4.5 (0.899458,1.46629) (0.751828,0.650913) 0.200052 (2.79844,2.7831) 1.84485 0.713581 (-0.367485,-0.110093) (0.117254,0.120385) 0.167082 (1.60126,1.4001) (-0.214904,-0.201674) 0.180123 (2.73963,2.52589) (-0.110097,-0.0986787) 0.207977 (-0.729876,-0.546684) (0.115677,0.110424) 0.19276
4.6 (0.97461,1.53136) (0.751527,0.650651) 0.200052 (2.79844,2.7831) 1.84485 0.71358 (-0.355947,-0.0978744) (0.115379,0.122183) 0.167082 (1.57995,1.37974) (-0.213073,-0.203607) 0.180123 (2.72863,2.51603) (-0.110097,-0.0986787) 0.207977 (-0.718308,-0.535642) (0.115678,0.110423) 0.19276
4.7 (1.04972,1.59638) (0.751089,0.650271) 0.200052 (2.79844,2.7831) 1.84485 0.713578 (-0.344538,-0.0855364) (0.114099,0.12338) 0.167082 (1.55877,1.35925) (-0.211838,-0.204892) 0.180123 (2.71762,2.50616) (-0.110097,-0.0986787) 0.207977 (-0.706741,-0.524599) (0.115675,0.110427) 0.19276
4.8 (1.12478,1.66137) (0.750625,0.649867) 0.200052 (2.79844,2.7831) 1.84485 0.713577 (-0.333204,-0.0731283) (0.113335,0.124081) 0.167082 (1.53766,1.33869) (-0.21111,-0.205642) 0.180123 (2.70661,2.49629) (-0.110097,-0.0986787) 0.207977 (-0.695172,-0.513557) (0.115683,0.110418) 0.19276
4.9 (1.1998,1.72632) (0.750164,0.649466) 0.200052 (2.79844,2.7831) 1.84485 0.713576 (-0.321899,-0.0606943) (0.113051,0.12434) 0.167082 (1.51657,1.3181) (-0.210841,-0.205918) 0.180123 (2.6956,2.48642) (-0.110097,-0.0986787) 0.207977 (-0.683605,-0.502515) (0.115679,0.110422) 0.19276
5 (1.27474,1.7912) (0.749421,0.64882) 0.200052 (2.79844,2.7831) 1.84485 0.713573 (-0.310594,-0.04826) (0.113048,0.124343) 0.167082 (1.49549,1.2975) (-0.210839,-0.205921) 0.180123 (2.68459,2.47655) (-0.110097,-0.0986787) 0.207977 (-0.672037,-0.491473) (0.115678,0.110424) 0.19276
5.1 (1.34961,1.85602) (0.748703,0.648196) 0.200052 (2.79844,2.7831) 1.84485 0.713571 (-0.299289,-0.0358257) (0.113048,0.124343) 0.167082 (1.47441,1.27691) (-0.210839,-0.205921) 0.180123 (2.67358,2.46669) (-0.110097,-0.0986787) 0.207977 (-0.660469,-0.48043) (0.115678,0.110423) 0.19276
5.2 (1.4244,1.92076) (0.747875,0.647475) 0.200052 (2.79844,2.7831) 1.84485 0.713569 (-0.287985,-0.0233914) (0.113048,0.124343) 0.167082 (1.45332,1.25632) (-0.210839,-0.205921) 0.180123 (2.66257,2.45682) (-0.110097,-0.0986787) 0.207977 (-0.648901,-0.469389) (0.115683,0.110418) 0.19276
5.3 (1.49909,1.98543) (0.746957,0.646677) 0.200052 (2.79844,2.7831) 1.84485 0.713566 (-0.27668,-0.0109571) (0.113048,0.124343) 0.167082 (1.43224,1.23573) (-0.210839,-0.205921) 0.180123 (2.65156,2.44695) (-0.110097,-0.0986787) 0.207977 (-0.637332,-0.458347) (0.115684,0.110417) 0.19276
5.4 (1.57367,2.05) (0.74576,0.645636) 0.200052 (2.79844,2.7831) 1.84485 0.713562 (-0.265375,0.00147719) (0.113048,0.124343) 0.167082 (1.41115,1.21514) (-0.210839,-0.205921) 0.180123 (2.64055,2.43708) (-0.110092,-0.0986841) 0.207977 (-0.625765,-0.447304) (0.115677,0.110424) 0.19276
5.5 (1.6481,2.11443) (0.744299,0.64436) 0.200052 (2.79844,2.7831) 1.84485 0.713554 (-0.25407,0.0139115) (0.113048,0.124343) 0.167082 (1.39007,1.19454) (-0.210839,-0.205921) 0.180123 (2.62954,2.42721) (-0.110094,-0.0986812) 0.207977 (-0.614196,-0.436263) (0.115685,0.110416) 0.19276
5.6 (1.72235,2.17872) (0.742552,0.642841) 0.200052 (2.79844,2.7831) 1.84485 0.713549 (-0.242765,0.0263458) (0.113048,0.124343) 0.167082 (1.36899,1.17395) (-0.210839,-0.205921) 0.180123 (2.61853,2.41735) (-0.110094,-0.0986812) 0.207977 (-0.602629,-0.42522) (0.11567,0.110431) 0.19276
5.7 (1.79639,2.24281) (0.740385,0.640956) 0.200052 (2.79844,2.7831) 1.84485 0.713542 (-0.231461,0.03878) (0.113048,0.124343) 0.167082 (1.34826,1.153) (-0.207316,-0.209467) 0.180123 (2.60752,2.40748) (-0.110094,-0.0986811) 0.207977 (-0.591415,-0.413819) (0.112146,0.114009) 0.19276
5.8 (1.87016,2.30667) (0.737628,0.638559) 0.200052 (2.79844,2.7831) 1.84485 0.713534 (-0.219968,0.0510406) (0.11493,0.122606) 0.167082 (1.32776,1.13183) (-0.204948,-0.211784) 0.180123 (2.59651,2.39761) (-0.110094,-0.0986812) 0.207977 (-0.580437,-0.402189) (0.109773,0.116295) 0.19276
5.9 (1.94356,2.37021) (0.73408,0.635473) 0.200052 (2.79844,2.7831) 1.84485 0.713523 (-0.208257,0.0630933) (0.117107,0.120527) 0.167082 (1.30744,1.11048) (-0.203196,-0.213465) 0.180123 (2.5855,2.38774) (-0.110095,-0.0986811) 0.207977 (-0.569636,-0.390396) (0.108009,0.117936) 0.19276
6 (2.01283,2.43016) (0.692635,0.599429) 0.200052 (2.79844,2.7831) 1.84485 0.713386 (-0.196348,0.0749501) (0.119091,0.118568) 0.167082 (1.28724,1.08902) (-0.201987,-0.21461) 0.180123 (2.57449,2.37787) (-0.110095,-0.098681) 0.207977 (-0.558958,-0.378491) (0.106783,0.119046) 0.19276
6.1 (2.07518,2.48409) (0.623522,0.539324) 0.200052 (2.79844,2.7831) 1.84485 0.713117 (-0.184278,0.0866439) (0.120692,0.116937) 0.167082 (1.26712,1.06749) (-0.201251,-0.2153) 0.180123 (2.56348,2.36801) (-0.110095,-0.098681) 0.207977 (-0.548355,-0.36652) (0.106033,0.119715) 0.19276
6.2 (2.13131,2.53261) (0.561272,0.485186) 0.200052 (2.79844,2.7831) 1.84485 0.712818 (-0.172092,0.0982155) (0.121863,0.115717) 0.167082 (1.24702,1.04593) (-0.20095,-0.215582) 0.180123 (2.55247,2.35814) (-0.110095,-0.0986808) 0.207977 (-0.537782,-0.354521) (0.105724,0.119988) 0.19276
6.3 (2.18184,2.57626) (0.505327,0.436532) 0.200052 (2.79844,2.7831) 1.84485 0.712487 (-0.159832,0.109708) (0.122606,0.11493) 0.167082 (1.22693,1.02437) (-0.200939,-0.215592) 0.180123 (2.54146,2.34827) (-0.110095,-0.0986808) 0.207977 (-0.527211,-0.342521) (0.105713,0.119998) 0.19276
6.4 (2.22733,2.61553) (0.454916,0.392692) 0.200052 (2.79844,2.7831) 1.84485 0.712117 (-0.147532,0.12116) (0.122991,0.114518) 0.167082 (1.20683,1.00281) (-0.200939,-0.215592) 0.180123 (2.53045,2.3384) (-0.110095,-0.0986805) 0.207977 (-0.51664,-0.330521) (0.105713,0.119998) 0.19276
6.5 (2.26829,2.65086) (0.409607,0.353286) 0.200052 (2.79844,2.7831) 1.84485 0.711707 (-0.135214,0.132591) (0.123188,0.114305) 0.167082 (1.18674,0.981253) (-0.200939,-0.215592) 0.180123 (2.51944,2.32853) (-0.110092,-0.0986836) 0.207977 (-0.506068,-0.318522) (0.105713,0.119998) 0.19276
6.6 (2.30913,2.68159) (0.408392,0.307303) 0.200052 (2.79844,2.7831) 1.84485 0.645082 (-0.122885,0.14401) (0.12329,0.114195) 0.167082 (1.16665,0.959694) (-0.200939,-0.215592) 0.180123 (2.50843,2.31867) (-0.110105,-0.0986693) 0.207977 (-0.495497,-0.306522) (0.105713,0.119998) 0.19276
6.7 (2.35437,2.70246) (0.452373,0.208681) 0.200052 (2.79844,2.7831) 1.84485 0.432215 (-0.11055,0.155424) (0.123342,0.114139) 0.167082 (1.14655,0.938134) (-0.200939,-0.215592) 0.180123 (2.49742,2.3088) (-0.110104,-0.0986707) 0.207977 (-0.484926,-0.294522) (0.105713,0.119998) 0.19276
