[]
timestamp position0 velocity0 radius0 goal pref_speed theta position1 velocity1 radius1 position2 velocity2 radius2 position3 velocity3 radius3 position4 velocity4 radius4 position5 velocity5 radius5 position6 velocity6 radius6
0 (-1.77194,-1.71233) (0,0) 0.209738 (2.79844,2.7831) 1.50029 0 (-0.590129,-0.758497) (0,0) 0.204113 (2.11392,2.09199) (0,0) 0.138545 (2.68707,2.60507) (0,0) 0.213729 (-1.10737,-1.18769) (0,0) 0.205842
0.1 (-1.77528,-1.70113) (-0.0334588,0.111959) 0.209738 (2.79844,2.7831) 1.50029 1.8612 (-0.579317,-0.747197) (0.108118,0.113006) 0.204113 (2.10219,2.081) (-0.117328,-0.109987) 0.138545 (2.68518,2.60093) (-0.0188431,-0.0414676) 0.213729 (-1.11176,-1.17829) (-0.0439062,0.093969) 0.205842
0.2 (-1.77868,-1.6841) (-0.0339548,0.170359) 0.209738 (2.79844,2.7831) 1.50029 1.76753 (-0.568505,-0.735896) (0.108114,0.11301) 0.204113 (2.09045,2.07) (-0.117324,-0.109991) 0.138545 (2.67853,2.58632) (-0.0665457,-0.146026) 0.213729 (-1.11245,-1.15184) (-0.00691227,0.264486) 0.205842
0.3 (-1.76375,-1.67059) (0.149256,0.135087) 0.209738 (2.79844,2.7831) 1.50029 0.735611 (-0.557693,-0.724596) (0.108121,0.113003) 0.204113 (2.07872,2.059) (-0.117321,-0.109994) 0.138545 (2.66576,2.5745) (-0.127665,-0.118229) 0.213729 (-1.10551,-1.12631) (0.0694569,0.255297) 0.205842
0.4 (-1.74255,-1.65072) (0.212062,0.198662) 0.209738 (2.79844,2.7831) 1.50029 0.752784 (-0.546882,-0.713295) (0.108114,0.11301) 0.204113 (2.06699,2.048) (-0.117334,-0.109981) 0.138545 (2.653,2.56268) (-0.127659,-0.118236) 0.213729 (-1.09489,-1.10208) (0.106167,0.242341) 0.205842
0.5 (-1.71832,-1.62767) (0.242219,0.230492) 0.209738 (2.79844,2.7831) 1.50029 0.760596 (-0.536069,-0.701994) (0.108124,0.113001) 0.204113 (2.05526,2.037) (-0.117327,-0.109988) 0.138545 (2.64023,2.55085) (-0.127662,-0.118233) 0.213729 (-1.08246,-1.07872) (0.12428,0.233571) 0.205842
0.6 (-1.69263,-1.60323) (0.25695,0.244403) 0.209738 (2.79844,2.7831) 1.50029 0.760377 (-0.525257,-0.690695) (0.108127,0.112998) 0.204113 (2.04352,2.026) (-0.117319,-0.109997) 0.138545 (2.62746,2.53903) (-0.127661,-0.118234) 0.213729 (-1.06912,-1.05587) (0.133365,0.228505) 0.205842
0.7 (-1.6663,-1.57828) (0.263245,0.249561) 0.209738 (2.79844,2.7831) 1.50029 0.75872 (-0.514445,-0.679394) (0.108113,0.113011) 0.204113 (2.03179,2.015) (-0.11733,-0.109985) 0.138545 (2.6147,2.52721) (-0.127663,-0.118232) 0.213729 (-1.05533,-1.03329) (0.137963,0.225758) 0.205842
0.8 (-1.63981,-1.55321) (0.264905,0.250689) 0.209738 (2.79844,2.7831) 1.50029 0.757832 (-0.503634,-0.668092) (0.108111,0.113013) 0.204113 (2.02006,2.004) (-0.117331,-0.109984) 0.138545 (2.60193,2.51538) (-0.127665,-0.11823) 0.213729 (-1.04137,-1.01082) (0.1396,0.22475) 0.205842
0.9 (-1.61343,-1.52816) (0.26386,0.250424) 0.209738 (2.79844,2.7831) 1.50029 0.75928 (-0.49256,-0.657049) (0.110747,0.110431) 0.204113 (2.00833,1.99301) (-0.117329,-0.109986) 0.138545 (2.58916,2.50356) (-0.127667,-0.118227) 0.213729 (-1.02744,-0.988325) (0.139319,0.224924) 0.205842
1 (-1.58724,-1.50316) (0.261862,0.250085) 0.209738 (2.79844,2.7831) 1.50029 0.762398 (-0.48105,-0.64646) (0.115095,0.105892) 0.204113 (1.99659,1.98201) (-0.117322,-0.109994) 0.138545 (2.5764,2.49174) (-0.127661,-0.118234) 0.213729 (-1.01353,-0.965819) (0.139091,0.225066) 0.205842
1.1 (-1.56123,-1.47818) (0.260109,0.249775) 0.209738 (2.79844,2.7831) 1.50029 0.765132 (-0.469225,-0.636224) (0.118248,0.102359) 0.204113 (1.98486,1.97101) (-0.117321,-0.109995) 0.138545 (2.56363,2.47991) (-0.127662,-0.118233) 0.213729 (-0.999637,-0.9433) (0.138895,0.225186) 0.205842
1.2 (-1.53539,-1.45323) (0.258427,0.249467) 0.209738 (2.79844,2.7831) 1.50029 0.76776 (-0.457139,-0.626299) (0.120866,0.0992539) 0.204113 (1.97313,1.96001) (-0.117332,-0.109983) 0.138545 (2.55087,2.46809) (-0.127662,-0.118233) 0.213729 (-0.985765,-0.920771) (0.138722,0.225293) 0.205842
1.3 (-1.5097,-1.42832) (0.256844,0.249169) 0.209738 (2.79844,2.7831) 1.50029 0.770231 (-0.444836,-0.616643) (0.12303,0.0965584) 0.204113 (1.9614,1.94901) (-0.117328,-0.109987) 0.138545 (2.5381,2.45627) (-0.127659,-0.118236) 0.213729 (-0.971908,-0.898232) (0.138572,0.225385) 0.205842
1.4 (-1.48417,-1.40343) (0.25536,0.248881) 0.209738 (2.79844,2.7831) 1.50029 0.772549 (-0.432352,-0.607222) (0.124838,0.0942095) 0.204113 (1.94966,1.93801) (-0.117324,-0.109991) 0.138545 (2.52533,2.44444) (-0.127663,-0.118232) 0.213729 (-0.958064,-0.875686) (0.138444,0.225464) 0.205842
1.5 (-1.45877,-1.37857) (0.253974,0.248605) 0.209738 (2.79844,2.7831) 1.50029 0.774714 (-0.419716,-0.598006) (0.126357,0.0921623) 0.204113 (1.93793,1.92701) (-0.117321,-0.109994) 0.138545 (2.51257,2.43262) (-0.127672,-0.118222) 0.213729 (-0.94423,-0.853133) (0.13834,0.225528) 0.205842
1.6 (-1.4335,-1.35373) (0.252685,0.248342) 0.209738 (2.79844,2.7831) 1.50029 0.776729 (-0.406952,-0.588968) (0.127638,0.0903801) 0.204113 (1.9262,1.91601) (-0.117321,-0.109995) 0.138545 (2.4998,2.4208) (-0.127658,-0.118238) 0.213729 (-0.930404,-0.830576) (0.138258,0.225578) 0.205842
1.7 (-1.40835,-1.32892) (0.251492,0.248094) 0.209738 (2.79844,2.7831) 1.50029 0.778597 (-0.394081,-0.580085) (0.128719,0.0888328) 0.204113 (1.91447,1.90501) (-0.117329,-0.109986) 0.138545 (2.48703,2.40898) (-0.127672,-0.118222) 0.213729 (-0.916584,-0.808014) (0.138198,0.225615) 0.205842
1.8 (-1.38331,-1.30414) (0.250393,0.247863) 0.209738 (2.79844,2.7831) 1.50029 0.78032 (-0.381117,-0.571335) (0.129632,0.0874957) 0.204113 (1.90273,1.89401) (-0.117325,-0.109991) 0.138545 (2.47427,2.39715) (-0.12767,-0.118224) 0.213729 (-0.902768,-0.78545) (0.138161,0.225638) 0.205842
1.9 (-1.35837,-1.27937) (0.24939,0.247652) 0.209738 (2.79844,2.7831) 1.50029 0.781902 (-0.368077,-0.5627) (0.130399,0.0863475) 0.204113 (1.891,1.88301) (-0.117324,-0.109991) 0.138545 (2.4615,2.38533) (-0.127662,-0.118233) 0.213729 (-0.888953,-0.762886) (0.138145,0.225647) 0.205842
2 (-1.33353,-1.25462) (0.248485,0.247473) 0.209738 (2.79844,2.7831) 1.50029 0.783357 (-0.354973,-0.554163) (0.131041,0.0853703) 0.204113 (1.87927,1.87202) (-0.117324,-0.109992) 0.138545 (2.44873,2.37351) (-0.127659,-0.118237) 0.213729 (-0.875139,-0.740321) (0.138145,0.225647) 0.205842
2.1 (-1.30876,-1.22989) (0.247678,0.247313) 0.209738 (2.79844,2.7831) 1.50029 0.784661 (-0.341816,-0.545708) (0.131573,0.0845491) 0.204113 (1.86754,1.86102) (-0.117318,-0.109998) 0.138545 (2.43597,2.36168) (-0.127662,-0.118233) 0.213729 (-0.861324,-0.717756) (0.138145,0.225647) 0.205842
2.2 (-1.28406,-1.20518) (0.24697,0.247173) 0.209738 (2.79844,2.7831) 1.50029 0.78581 (-0.328615,-0.537321) (0.132006,0.0838704) 0.204113 (1.8558,1.85002) (-0.117329,-0.109986) 0.138545 (2.4232,2.34986) (-0.127662,-0.118233) 0.213729 (-0.84751,-0.695192) (0.138145,0.225647) 0.205842
2.3 (-1.25942,-1.18047) (0.246362,0.247053) 0.209738 (2.79844,2.7831) 1.50029 0.786798 (-0.31538,-0.528989) (0.132353,0.0833224) 0.204113 (1.84407,1.83902) (-0.117318,-0.109998) 0.138545 (2.41043,2.33804) (-0.12767,-0.118224) 0.213729 (-0.833695,-0.672627) (0.138145,0.225647) 0.205842
2.4 (-1.23484,-1.15578) (0.245859,0.246953) 0.209738 (2.79844,2.7831) 1.50029 0.78762 (-0.302118,-0.520699) (0.132621,0.082895) 0.204113 (1.83234,1.82802) (-0.117325,-0.10999) 0.138545 (2.39767,2.32622) (-0.127669,-0.118225) 0.213729 (-0.819881,-0.650062) (0.138145,0.225647) 0.205842
2.5 (-1.21029,-1.13109) (0.245463,0.246875) 0.209738 (2.79844,2.7831) 1.50029 0.788267 (-0.288836,-0.512442) (0.132818,0.0825795) 0.204113 (1.82061,1.81702) (-0.117324,-0.109991) 0.138545 (2.3849,2.31439) (-0.127656,-0.118239) 0.213729 (-0.806066,-0.627497) (0.138145,0.225647) 0.205842
2.6 (-1.18577,-1.10641) (0.24518,0.246819) 0.209738 (2.79844,2.7831) 1.50029 0.788729 (-0.275541,-0.504205) (0.132949,0.0823681) 0.204113 (1.80887,1.80602) (-0.117334,-0.10998) 0.138545 (2.37214,2.30257) (-0.127663,-0.118232) 0.213729 (-0.792252,-0.604933) (0.138145,0.225647) 0.205842
2.7 (-1.16127,-1.08173) (0.245018,0.246787) 0.209738 (2.79844,2.7831) 1.50029 0.788996 (-0.262239,-0.495979) (0.133019,0.0822543) 0.204113 (1.79714,1.79502) (-0.117335,-0.10998) 0.138545 (2.35937,2.29075) (-0.12766,-0.118235) 0.213729 (-0.778437,-0.582368) (0.138145,0.225647) 0.205842
2.8 (-1.13677,-1.05705) (0.24498,0.24678) 0.209738 (2.79844,2.7831) 1.50029 0.789057 (-0.248936,-0.487756) (0.133035,0.0822294) 0.204113 (1.78541,1.78402) (-0.117329,-0.109985) 0.138545 (2.3466,2.27892) (-0.12767,-0.118224) 0.213729 (-0.764623,-0.559803) (0.138145,0.225647) 0.205842
2.9 (-1.11228,-1.03237) (0.24498,0.24678) 0.209738 (2.79844,2.7831) 1.50029 0.789057 (-0.235632,-0.479533) (0.133035,0.0822294) 0.204113 (1.77368,1.77303) (-0.117324,-0.109992) 0.138545 (2.33384,2.2671) (-0.127671,-0.118223) 0.213729 (-0.750808,-0.537239) (0.138145,0.225647) 0.205842
3 (-1.08778,-1.00769) (0.24498,0.24678) 0.209738 (2.79844,2.7831) 1.50029 0.789057 (-0.222329,-0.47131) (0.133035,0.0822294) 0.204113 (1.76194,1.76203) (-0.117328,-0.109987) 0.138545 (2.32107,2.25528) (-0.127662,-0.118233) 0.213729 (-0.736994,-0.514674) (0.138145,0.225647) 0.205842
3.1 (-1.06328,-0.983015) (0.24498,0.24678) 0.209738 (2.79844,2.7831) 1.50029 0.789057 (-0.209025,-0.463087) (0.133035,0.0822294) 0.204113 (1.75021,1.75103) (-0.117329,-0.109987) 0.138545 (2.3083,2.24345) (-0.127659,-0.118236) 0.213729 (-0.723179,-0.492109) (0.138145,0.225647) 0.205842
3.2 (-1.03878,-0.958337) (0.24498,0.24678) 0.209738 (2.79844,2.7831) 1.50029 0.789057 (-0.195722,-0.454865) (0.133035,0.0822294) 0.204113 (1.73848,1.74003) (-0.117332,-0.109983) 0.138545 (2.29554,2.23163) (-0.127655,-0.11824) 0.213729 (-0.709365,-0.469544) (0.138145,0.225647) 0.205842
3.3 (-1.01428,-0.933659) (0.24498,0.24678) 0.209738 (2.79844,2.7831) 1.50029 0.789057 (-0.182419,-0.446642) (0.133035,0.0822294) 0.204113 (1.72674,1.72903) (-0.117324,-0.109991) 0.138545 (2.28277,2.21981) (-0.127659,-0.118236) 0.213729 (-0.69555,-0.44698) (0.138145,0.225647) 0.205842
3.4 (-0.989787,-0.908981) (0.24498,0.24678) 0.209738 (2.79844,2.7831) 1.50029 0.789057 (-0.169115,-0.438419) (0.133035,0.0822294) 0.204113 (1.71501,1.71803) (-0.117323,-0.109992) 0.138545 (2.27,2.20798) (-0.127671,-0.118223) 0.213729 (-0.681736,-0.424415) (0.138145,0.225647) 0.205842
3.5 (-0.965289,-0.884303) (0.24498,0.24678) 0.209738 (2.79844,2.7831) 1.50029 0.789057 (-0.155812,-0.430196) (0.133035,0.0822294) 0.204113 (1.70328,1.70703) (-0.117319,-0.109997) 0.138545 (2.25724,2.19616) (-0.12766,-0.118235) 0.213729 (-0.667921,-0.40185) (0.138145,0.225647) 0.205842
3.6 (-0.94079,-0.859625) (0.24498,0.24678) 0.209738 (2.79844,2.7831) 1.50029 0.789057 (-0.142508,-0.421973) (0.133035,0.0822294) 0.204113 (1.69155,1.69603) (-0.117325,-0.10999) 0.138545 (2.24447,2.18434) (-0.127663,-0.118232) 0.213729 (-0.654107,-0.379286) (0.138145,0.225647) 0.205842
3.7 (-0.916292,-0.834947) (0.24498,0.24678) 0.209738 (2.79844,2.7831) 1.50029 0.789057 (-0.129205,-0.41375) (0.133035,0.0822294) 0.204113 (1.67982,1.68503) (-0.117322,-0.109993) 0.138545 (2.23171,2.17251) (-0.127673,-0.118221) 0.213729 (-0.640292,-0.356721) (0.138145,0.225647) 0.205842
3.8 (-0.891794,-0.810269) (0.24498,0.24678) 0.209738 (2.79844,2.7831) 1.50029 0.789057 (-0.115901,-0.405527) (0.133035,0.0822294) 0.204113 (1.66808,1.67403) (-0.117332,-0.109983) 0.138545 (2.21894,2.16069) (-0.127661,-0.118234) 0.213729 (-0.626478,-0.334156) (0.138145,0.225647) 0.205842
3.9 (-0.867296,-0.785591) (0.24498,0.24678) 0.209738 (2.79844,2.7831) 1.50029 0.789057 (-0.102598,-0.397304) (0.133035,0.0822294) 0.204113 (1.65635,1.66303) (-0.117318,-0.109998) 0.138545 (2.20617,2.14887) (-0.12766,-0.118235) 0.213729 (-0.612663,-0.311591) (0.138145,0.225647) 0.205842
4 (-0.842798,-0.760913) (0.24498,0.24678) 0.209738 (2.79844,2.7831) 1.50029 0.789057 (-0.0892942,-0.389081) (0.133035,0.0822294) 0.204113 (1.64462,1.65203) (-0.117317,-0.109999) 0.138545 (2.19341,2.13704) (-0.127664,-0.118231) 0.213729 (-0.598849,-0.289027) (0.138145,0.225647) 0.205842
4.1 (-0.8183,-0.736235) (0.24498,0.24678) 0.209738 (2.79844,2.7831) 1.50029 0.789057 (-0.0759907,-0.380858) (0.133035,0.0822294) 0.204113 (1.63289,1.64104) (-0.117326,-0.10999) 0.138545 (2.18064,2.12522) (-0.127656,-0.118239) 0.213729 (-0.585034,-0.266462) (0.138145,0.225647) 0.205842
4.2 (-0.793802,-0.711557) (0.24498,0.24678) 0.209738 (2.79844,2.7831) 1.50029 0.789057 (-0.0626873,-0.372635) (0.133035,0.0822294) 0.204113 (1.62115,1.63004) (-0.117315,-0.110001) 0.138545 (2.16788,2.1134) (-0.127654,-0.118241) 0.213729 (-0.57122,-0.243897) (0.138145,0.225647) 0.205842
4.3 (-0.769304,-0.686879) (0.24498,0.24678) 0.209738 (2.79844,2.7831) 1.50029 0.789057 (-0.0493838,-0.364412) (0.133035,0.0822294) 0.204113 (1.60942,1.61904) (-0.117314,-0.110002) 0.138545 (2.15511,2.10157) (-0.127662,-0.118233) 0.213729 (-0.557405,-0.221333) (0.138145,0.225647) 0.205842
4.4 (-0.744806,-0.662201) (0.24498,0.24678) 0.209738 (2.79844,2.7831) 1.50029 0.789057 (-0.0360803,-0.356189) (0.133035,0.0822294) 0.204113 (1.59769,1.60804) (-0.11733,-0.109985) 0.138545 (2.14234,2.08975) (-0.127663,-0.118232) 0.213729 (-0.543591,-0.198768) (0.138145,0.225647) 0.205842
4.5 (-0.720308,-0.637523) (0.24498,0.24678) 0.209738 (2.79844,2.7831) 1.50029 0.789057 (-0.0227768,-0.347966) (0.133035,0.0822294) 0.204113 (1.58596,1.59704) (-0.117332,-0.109983) 0.138545 (2.12958,2.07793) (-0.127666,-0.118229) 0.213729 (-0.529776,-0.176203) (0.138145,0.225647) 0.205842
4.6 (-0.69581,-0.612845) (0.24498,0.24678) 0.209738 (2.79844,2.7831) 1.50029 0.789057 (-0.00947337,-0.339743) (0.133035,0.0822294) 0.204113 (1.57422,1.58604) (-0.117322,-0.109993) 0.138545 (2.11681,2.0661) (-0.127664,-0.11823) 0.213729 (-0.515962,-0.153638) (0.138145,0.225647) 0.205842
4.7 (-0.671312,-0.588167) (0.24498,0.24678) 0.209738 (2.79844,2.7831) 1.50029 0.789057 (0.00383011,-0.33152) (0.133035,0.0822294) 0.204113 (1.56249,1.57504) (-0.117322,-0.109993) 0.138545 (2.10404,2.05428) (-0.127659,-0.118236) 0.213729 (-0.502147,-0.131074) (0.138145,0.225647) 0.205842
4.8 (-0.646814,-0.563489) (0.24498,0.24678) 0.209738 (2.79844,2.7831) 1.50029 0.789057 (0.0171336,-0.323298) (0.133035,0.0822294) 0.204113 (1.55076,1.56404) (-0.117334,-0.10998) 0.138545 (2.09128,2.04246) (-0.127654,-0.118241) 0.213729 (-0.488333,-0.108509) (0.138145,0.225647) 0.205842
4.9 (-0.622316,-0.538811) (0.24498,0.24678) 0.209738 (2.79844,2.7831) 1.50029 0.789057 (0.0304371,-0.315075) (0.133035,0.0822294) 0.204113 (1.53903,1.55304) (-0.11733,-0.109985) 0.138545 (2.07851,2.03063) (-0.127662,-0.118233) 0.213729 (-0.474518,-0.0859443) (0.138145,0.225647) 0.205842
5 (-0.597818,-0.514133) (0.24498,0.24678) 0.209738 (2.79844,2.7831) 1.50029 0.789057 (0.0437405,-0.306852) (0.133035,0.0822294) 0.204113 (1.52729,1.54205) (-0.117329,-0.109986) 0.138545 (2.06575,2.01881) (-0.127661,-0.118234) 0.213729 (-0.460703,-0.0633796) (0.138145,0.225647) 0.205842
5.1 (-0.57332,-0.489455) (0.24498,0.24678) 0.209738 (2.79844,2.7831) 1.50029 0.789057 (0.057044,-0.298629) (0.133035,0.0822294) 0.204113 (1.51556,1.53105) (-0.117319,-0.109997) 0.138545 (2.05298,2.00699) (-0.127655,-0.118241) 0.213729 (-0.446889,-0.0408149) (0.138145,0.225647) 0.205842
5.2 (-0.548822,-0.464777) (0.24498,0.24678) 0.209738 (2.79844,2.7831) 1.50029 0.789057 (0.0703475,-0.290406) (0.133035,0.0822294) 0.204113 (1.50383,1.52005) (-0.117329,-0.109986) 0.138545 (2.04021,1.99516) (-0.127663,-0.118232) 0.213729 (-0.433074,-0.0182502) (0.138145,0.225647) 0.205842
5.3 (-0.524708,-0.440175) (0.241137,0.246019) 0.209738 (2.79844,2.7831) 1.50029 0.79542 (0.083651,-0.282183) (0.133035,0.0822294) 0.204113 (1.49396,1.50735) (-0.0986808,-0.126985) 0.138545 (2.02745,1.98334) (-0.127662,-0.118233) 0.213729 (-0.41926,0.00431453) (0.138145,0.225647) 0.205842
5.4 (-0.500773,-0.415609) (0.239346,0.245665) 0.209738 (2.79844,2.7831) 1.50029 0.798426 (0.0968715,-0.273827) (0.132206,0.0835559) 0.204113 (1.48433,1.49447) (-0.096337,-0.128772) 0.138545 (2.01468,1.97152) (-0.127656,-0.118239) 0.213729 (-0.405445,0.0268792) (0.138145,0.225647) 0.205842
5.5 (-0.477225,-0.391119) (0.235484,0.244901) 0.209738 (2.79844,2.7831) 1.50029 0.804999 (0.110009,-0.265342) (0.131377,0.0848521) 0.204113 (1.47513,1.48128) (-0.0919927,-0.13191) 0.138545 (2.00192,1.95969) (-0.127661,-0.118234) 0.213729 (-0.391631,0.049444) (0.138145,0.225647) 0.205842
5.6 (-0.45401,-0.366695) (0.232148,0.244241) 0.209738 (2.79844,2.7831) 1.50029 0.810779 (0.123018,-0.25666) (0.130084,0.0868216) 0.204113 (1.46625,1.46787) (-0.0887618,-0.134106) 0.138545 (1.98915,1.94787) (-0.127662,-0.118233) 0.213729 (-0.377816,0.0720087) (0.138145,0.225647) 0.205842
5.7 (-0.431085,-0.342328) (0.229256,0.243669) 0.209738 (2.79844,2.7831) 1.50029 0.815866 (0.135882,-0.247766) (0.128646,0.088939) 0.204113 (1.45762,1.4543) (-0.0862669,-0.135724) 0.138545 (1.97638,1.93605) (-0.127664,-0.118231) 0.213729 (-0.364002,0.0945734) (0.138145,0.225647) 0.205842
5.8 (-0.408399,-0.318008) (0.226854,0.243194) 0.209738 (2.79844,2.7831) 1.50029 0.820148 (0.148604,-0.238669) (0.127219,0.0909688) 0.204113 (1.44919,1.44061) (-0.0843956,-0.136896) 0.138545 (1.96362,1.92422) (-0.127652,-0.118244) 0.213729 (-0.350187,0.117138) (0.138145,0.225647) 0.205842
5.9 (-0.3859,-0.293726) (0.224997,0.242827) 0.209738 (2.79844,2.7831) 1.50029 0.823492 (0.161194,-0.229391) (0.125901,0.0927843) 0.204113 (1.44088,1.42684) (-0.0830874,-0.137693) 0.138545 (1.95085,1.9124) (-0.127661,-0.118234) 0.213729 (-0.336373,0.139703) (0.138145,0.225647) 0.205842
6 (-0.363521,-0.269467) (0.223782,0.242586) 0.209738 (2.79844,2.7831) 1.50029 0.825698 (0.17367,-0.21996) (0.124762,0.0943095) 0.204113 (1.43264,1.41302) (-0.0823183,-0.138155) 0.138545 (1.93809,1.90058) (-0.127673,-0.118221) 0.213729 (-0.322558,0.162268) (0.138145,0.225647) 0.205842
6.1 (-0.341183,-0.245216) (0.223381,0.242507) 0.209738 (2.79844,2.7831) 1.50029 0.826429 (0.186057,-0.210412) (0.123868,0.0954814) 0.204113 (1.42444,1.39919) (-0.0820899,-0.138291) 0.138545 (1.92532,1.88875) (-0.127663,-0.118232) 0.213729 (-0.308744,0.184832) (0.138145,0.225647) 0.205842
6.2 (-0.318845,-0.220965) (0.223381,0.242507) 0.209738 (2.79844,2.7831) 1.50029 0.826429 (0.198387,-0.20079) (0.123296,0.0962182) 0.204113 (1.41623,1.38536) (-0.0820899,-0.138291) 0.138545 (1.91255,1.87693) (-0.127662,-0.118233) 0.213729 (-0.294929,0.207397) (0.138145,0.225647) 0.205842
6.3 (-0.296507,-0.196715) (0.223381,0.242507) 0.209738 (2.79844,2.7831) 1.50029 0.826429 (0.210686,-0.191129) (0.122993,0.0966057) 0.204113 (1.40802,1.37154) (-0.0820899,-0.138291) 0.138545 (1.89979,1.86511) (-0.127655,-0.118241) 0.213729 (-0.281115,0.229962) (0.138145,0.225647) 0.205842
6.4 (-0.274169,-0.172464) (0.223381,0.242507) 0.209738 (2.79844,2.7831) 1.50029 0.826429 (0.222969,-0.181448) (0.122832,0.0968106) 0.204113 (1.39981,1.35771) (-0.0820899,-0.138291) 0.138545 (1.88702,1.85328) (-0.127671,-0.118224) 0.213729 (-0.2673,0.252526) (0.138145,0.225647) 0.205842
6.5 (-0.251831,-0.148213) (0.223381,0.242507) 0.209738 (2.79844,2.7831) 1.50029 0.826429 (0.235244,-0.171756) (0.122746,0.0969194) 0.204113 (1.3916,1.34388) (-0.0820899,-0.138291) 0.138545 (1.87425,1.84146) (-0.127659,-0.118237) 0.213729 (-0.253486,0.275091) (0.138145,0.225647) 0.205842
6.6 (-0.22958,-0.12398) (0.222508,0.242335) 0.209738 (2.79844,2.7831) 1.50029 0.828024 (0.247514,-0.162058) (0.1227,0.0969775) 0.204113 (1.38339,1.33005) (-0.0820899,-0.138291) 0.138545 (1.86169,1.82942) (-0.125609,-0.120412) 0.213729 (-0.239671,0.297656) (0.138145,0.225647) 0.205842
6.7 (-0.207788,-0.0998372) (0.217919,0.241427) 0.209738 (2.79844,2.7831) 1.50029 0.836529 (0.259872,-0.152473) (0.123579,0.0958554) 0.204113 (1.3752,1.31629) (-0.0818757,-0.137556) 0.138545 (1.84994,1.81658) (-0.117504,-0.128334) 0.213729 (-0.225857,0.320221) (0.138145,0.225647) 0.205842
6.8 (-0.186358,-0.0757661) (0.2143,0.240711) 0.209738 (2.79844,2.7831) 1.50029 0.843378 (0.272514,-0.143266) (0.126423,0.0920708) 0.204113 (1.36703,1.30283) (-0.0817108,-0.13465) 0.138545 (1.83864,1.80336) (-0.113058,-0.132267) 0.213729 (-0.212042,0.342785) (0.138145,0.225647) 0.205842
6.9 (-0.165276,-0.0517638) (0.210823,0.240023) 0.209738 (2.79844,2.7831) 1.50029 0.850076 (0.285367,-0.134354) (0.128524,0.0891151) 0.204113 (1.35881,1.28963) (-0.0822247,-0.131967) 0.138545 (1.82769,1.78983) (-0.109446,-0.135271) 0.213729 (-0.198228,0.36535) (0.138145,0.225647) 0.205842
7 (-0.144503,-0.0278227) (0.207727,0.239411) 0.209738 (2.79844,2.7831) 1.50029 0.856138 (0.298386,-0.125688) (0.130192,0.0866599) 0.204113 (1.35049,1.27667) (-0.0831524,-0.129558) 0.138545 (1.81703,1.77608) (-0.106605,-0.137521) 0.213729 (-0.184413,0.387915) (0.138145,0.225647) 0.205842
7.1 (-0.124,-0.00393494) (0.205031,0.238878) 0.209738 (2.79844,2.7831) 1.50029 0.861496 (0.311539,-0.117227) (0.131531,0.0846135) 0.204113 (1.34206,1.26392) (-0.0843006,-0.127503) 0.138545 (1.8066,1.76216) (-0.104372,-0.139223) 0.213729 (-0.170599,0.410479) (0.138145,0.225647) 0.205842
7.2 (-0.103724,0.0199079) (0.20276,0.238428) 0.209738 (2.79844,2.7831) 1.50029 0.866068 (0.3248,-0.108936) (0.132609,0.082914) 0.204113 (1.33351,1.25134) (-0.0855514,-0.12583) 0.138545 (1.79633,1.74811) (-0.102658,-0.140492) 0.213729 (-0.156784,0.433044) (0.138145,0.225647) 0.205842
7.3 (-0.083629,0.0437149) (0.200951,0.23807) 0.209738 (2.79844,2.7831) 1.50029 0.869749 (0.338147,-0.100783) (0.133469,0.0815227) 0.204113 (1.32483,1.23889) (-0.0868292,-0.124547) 0.138545 (1.78619,1.73397) (-0.101411,-0.141395) 0.213729 (-0.14297,0.455609) (0.138145,0.225647) 0.205842
7.4 (-0.0636629,0.0674964) (0.199661,0.237815) 0.209738 (2.79844,2.7831) 1.50029 0.872392 (0.351561,-0.0927418) (0.134139,0.0804153) 0.204113 (1.31602,1.22652) (-0.0880751,-0.123653) 0.138545 (1.77613,1.71977) (-0.100602,-0.141971) 0.213729 (-0.129155,0.478174) (0.138145,0.225647) 0.205842
7.5 (-0.043764,0.0912647) (0.198988,0.237682) 0.209738 (2.79844,2.7831) 1.50029 0.873779 (0.365024,-0.084784) (0.134638,0.0795777) 0.204113 (1.3071,1.21421) (-0.0892213,-0.123133) 0.138545 (1.76611,1.70555) (-0.100222,-0.14224) 0.213729 (-0.115341,0.500738) (0.138145,0.225647) 0.205842
7.6 (-0.0238712,0.115032) (0.198929,0.23767) 0.209738 (2.79844,2.7831) 1.50029 0.873902 (0.378522,-0.0768838) (0.134976,0.0790021) 0.204113 (1.29808,1.20192) (-0.0901435,-0.12292) 0.138545 (1.75609,1.69132) (-0.10019,-0.142262) 0.213729 (-0.101526,0.523303) (0.138145,0.225647) 0.205842
7.7 (-0.00397831,0.138799) (0.198929,0.237671) 0.209738 (2.79844,2.7831) 1.50029 0.873902 (0.392038,-0.0690155) (0.135162,0.0786831) 0.204113 (1.28901,1.18963) (-0.090707,-0.122889) 0.138545 (1.74607,1.67709) (-0.10019,-0.142262) 0.213729 (-0.0877116,0.545868) (0.138145,0.225647) 0.205842
7.79999 (0.01596,0.162624) (0.199383,0.238247) 0.209738 (2.79844,2.7831) 1.50029 0.873973 (0.405559,-0.0611546) (0.135205,0.0786097) 0.204113 (1.27987,1.17728) (-0.0914598,-0.123449) 0.138545 (1.73605,1.66287) (-0.10019,-0.142262) 0.213729 (-0.0738391,0.568397) (0.138725,0.225291) 0.205842
7.89999 (0.0359433,0.186505) (0.199833,0.238819) 0.209738 (2.79844,2.7831) 1.50029 0.874042 (0.419079,-0.0532936) (0.135205,0.0786097) 0.204113 (1.27066,1.16489) (-0.0920292,-0.123957) 0.138545 (1.72603,1.64864) (-0.10019,-0.142262) 0.213729 (-0.0599113,0.590892) (0.139279,0.224949) 0.205842
7.99999 (0.0559738,0.210447) (0.200306,0.239419) 0.209738 (2.79844,2.7831) 1.50029 0.874116 (0.4326,-0.0454326) (0.135205,0.0786097) 0.204113 (1.26143,1.15246) (-0.0923411,-0.124235) 0.138545 (1.71601,1.63442) (-0.10019,-0.142262) 0.213729 (-0.0459274,0.613352) (0.139838,0.224602) 0.205842
8.09999 (0.0760515,0.234449) (0.200777,0.240018) 0.209738 (2.79844,2.7831) 1.50029 0.874188 (0.44612,-0.0375716) (0.135205,0.0786097) 0.204113 (1.25218,1.14002) (-0.0925214,-0.124395) 0.138545 (1.70599,1.62019) (-0.10019,-0.142262) 0.213729 (-0.0318898,0.635779) (0.140376,0.224266) 0.205842
8.2 (0.096179,0.258514) (0.201275,0.240651) 0.209738 (2.79844,2.7831) 1.50029 0.874264 (0.459641,-0.0297107) (0.135205,0.0786097) 0.204113 (1.24291,1.12757) (-0.0926339,-0.124496) 0.138545 (1.69597,1.60596) (-0.10019,-0.142262) 0.213729 (-0.0177976,0.658171) (0.140922,0.223923) 0.205842
8.3 (0.116356,0.282642) (0.201772,0.241282) 0.209738 (2.79844,2.7831) 1.50029 0.87434 (0.473161,-0.0218497) (0.135205,0.0786097) 0.204113 (1.23364,1.11512) (-0.0927124,-0.124566) 0.138545 (1.68595,1.59174) (-0.10019,-0.142262) 0.213729 (-0.00365283,0.68053) (0.141448,0.223592) 0.205842
8.4 (0.136586,0.306838) (0.202299,0.241951) 0.209738 (2.79844,2.7831) 1.50029 0.874419 (0.486682,-0.0139887) (0.135205,0.0786097) 0.204113 (1.22436,1.10266) (-0.0927736,-0.12462) 0.138545 (1.67594,1.57751) (-0.10019,-0.142262) 0.213729 (0.0105455,0.702855) (0.141983,0.223252) 0.205842
8.5 (0.156869,0.3311) (0.202827,0.242623) 0.209738 (2.79844,2.7831) 1.50029 0.874499 (0.500202,-0.00612774) (0.135205,0.0786097) 0.204113 (1.21508,1.09019) (-0.0928271,-0.124668) 0.138545 (1.66592,1.56328) (-0.10019,-0.142262) 0.213729 (0.0247956,0.725147) (0.142501,0.222922) 0.205842
8.6 (0.177208,0.355433) (0.203389,0.243337) 0.209738 (2.79844,2.7831) 1.50029 0.874583 (0.513723,0.00173323) (0.135205,0.0786097) 0.204113 (1.20579,1.07772) (-0.0928767,-0.124712) 0.138545 (1.6559,1.54906) (-0.10019,-0.142262) 0.213729 (0.0390985,0.747406) (0.143029,0.222583) 0.205842
8.7 (0.197603,0.379839) (0.203956,0.244057) 0.209738 (2.79844,2.7831) 1.50029 0.874667 (0.527243,0.00959421) (0.135205,0.0786097) 0.204113 (1.1965,1.06524) (-0.0929259,-0.124756) 0.138545 (1.64588,1.53483) (-0.10019,-0.142262) 0.213729 (0.0534528,0.769631) (0.143542,0.222253) 0.205842
8.8 (0.21806,0.404322) (0.204562,0.244826) 0.209738 (2.79844,2.7831) 1.50029 0.874757 (0.540764,0.0174552) (0.135205,0.0786097) 0.204113 (1.1872,1.05276) (-0.092975,-0.1248) 0.138545 (1.63586,1.52061) (-0.10019,-0.142262) 0.213729 (0.0678596,0.791822) (0.144068,0.221912) 0.205842
8.9 (0.238577,0.428882) (0.205176,0.245605) 0.209738 (2.79844,2.7831) 1.50029 0.874847 (0.554341,0.0252182) (0.13577,0.0776301) 0.204113 (1.1779,1.04028) (-0.0930256,-0.124845) 0.138545 (1.62594,1.50651) (-0.0991609,-0.140956) 0.213729 (0.0823176,0.81398) (0.14458,0.221579) 0.205842
9 (0.259161,0.453526) (0.205834,0.246442) 0.209738 (2.79844,2.7831) 1.50029 0.874943 (0.567999,0.0328369) (0.136585,0.0761871) 0.204113 (1.16838,1.02752) (-0.0952502,-0.12759) 0.138545 (1.61619,1.49262) (-0.0975097,-0.138858) 0.213729 (0.0968283,0.836104) (0.145107,0.221234) 0.205842
9.1 (0.279811,0.478256) (0.206506,0.247295) 0.209738 (2.79844,2.7831) 1.50029 0.87504 (0.581728,0.0403279) (0.13729,0.0749099) 0.204113 (1.15875,1.01464) (-0.0962622,-0.128828) 0.138545 (1.6066,1.47894) (-0.095933,-0.136856) 0.213729 (0.111391,0.858193) (0.145622,0.220896) 0.205842
9.2 (0.300534,0.503077) (0.20723,0.248215) 0.209738 (2.79844,2.7831) 1.50029 0.875145 (0.595518,0.0477066) (0.137897,0.0737866) 0.204113 (1.14912,1.00175) (-0.0962722,-0.12882) 0.138545 (1.59716,1.46544) (-0.0944313,-0.134948) 0.213729 (0.126006,0.880248) (0.146153,0.220545) 0.205842
9.3 (0.321332,0.527994) (0.207975,0.249161) 0.209738 (2.79844,2.7831) 1.50029 0.875251 (0.609359,0.0549878) (0.138414,0.072812) 0.204113 (1.13949,0.988873) (-0.0962828,-0.128812) 0.138545 (1.58786,1.45213) (-0.0930118,-0.133145) 0.213729 (0.140673,0.902268) (0.146676,0.220197) 0.205842
9.4 (0.34221,0.553012) (0.208782,0.250186) 0.209738 (2.79844,2.7831) 1.50029 0.875366 (0.623244,0.062186) (0.138847,0.0719823) 0.204113 (1.12986,0.975992) (-0.096294,-0.128804) 0.138545 (1.57869,1.43898) (-0.0916847,-0.131459) 0.213729 (0.155395,0.924251) (0.147216,0.219837) 0.205842
9.5 (0.363172,0.578137) (0.209621,0.251252) 0.209738 (2.79844,2.7831) 1.50029 0.875484 (0.637164,0.0693156) (0.139201,0.0712957) 0.204113 (1.12023,0.963113) (-0.0963059,-0.128795) 0.138545 (1.56964,1.42599) (-0.0904646,-0.12991) 0.213729 (0.17017,0.946199) (0.147752,0.219477) 0.205842
9.6 (0.384226,0.603379) (0.210534,0.252412) 0.209738 (2.79844,2.7831) 1.50029 0.875611 (0.651112,0.0763908) (0.139478,0.0707523) 0.204113 (1.1106,0.950234) (-0.0963185,-0.128786) 0.138545 (1.5607,1.41314) (-0.0893739,-0.128524) 0.213729 (0.185001,0.968109) (0.148306,0.219103) 0.205842
9.7 (0.405375,0.628742) (0.211494,0.253631) 0.209738 (2.79844,2.7831) 1.50029 0.875744 (0.66508,0.0834262) (0.139679,0.0703543) 0.204113 (1.10097,0.937357) (-0.0963321,-0.128776) 0.138545 (1.55186,1.40041) (-0.0884496,-0.12735) 0.213729 (0.199887,0.989982) (0.14886,0.218727) 0.205842
9.8 (0.42663,0.654239) (0.212551,0.254973) 0.209738 (2.79844,2.7831) 1.50029 0.875888 (0.67906,0.0904369) (0.139803,0.0701072) 0.204113 (1.09133,0.92448) (-0.0963467,-0.128765) 0.138545 (1.54308,1.38776) (-0.0877599,-0.126474) 0.213729 (0.214831,1.01182) (0.149437,0.218333) 0.205842
9.9 (0.447997,0.679879) (0.213674,0.256399) 0.209738 (2.79844,2.7831) 1.50029 0.876041 (0.693045,0.0974391) (0.139846,0.0700215) 0.204113 (1.0817,0.911605) (-0.0963626,-0.128753) 0.138545 (1.53434,1.37515) (-0.0874583,-0.126091) 0.213729 (0.229832,1.03361) (0.150016,0.217935) 0.205842
10 (0.46949,0.705678) (0.214924,0.257987) 0.209738 (2.79844,2.7831) 1.50029 0.876208 (0.707029,0.104441) (0.139846,0.0700215) 0.204113 (1.07206,0.898731) (-0.0963798,-0.12874) 0.138545 (1.52559,1.36254) (-0.0874584,-0.126091) 0.213729 (0.244894,1.05536) (0.150623,0.217516) 0.205842
10.1 (0.491118,0.731649) (0.216279,0.259709) 0.209738 (2.79844,2.7831) 1.50029 0.876387 (0.721014,0.111443) (0.139846,0.0700215) 0.204113 (1.06242,0.885858) (-0.0963989,-0.128726) 0.138545 (1.51684,1.34993) (-0.0874585,-0.126091) 0.213729 (0.260019,1.07707) (0.151241,0.217088) 0.205842
10.2 (0.512899,0.757814) (0.217807,0.26165) 0.209738 (2.79844,2.7831) 1.50029 0.876586 (0.734999,0.118446) (0.139846,0.0700215) 0.204113 (1.05278,0.872987) (-0.09642,-0.12871) 0.138545 (1.5081,1.33732) (-0.0874584,-0.126091) 0.213729 (0.275208,1.09873) (0.15189,0.216634) 0.205842
10.3 (0.534849,0.784194) (0.219507,0.263808) 0.209738 (2.79844,2.7831) 1.50029 0.876804 (0.748983,0.125448) (0.139846,0.0700215) 0.204113 (1.04313,0.860118) (-0.0964439,-0.128692) 0.138545 (1.49935,1.32471) (-0.0874584,-0.126091) 0.213729 (0.290464,1.12035) (0.152561,0.216162) 0.205842
10.4 (0.556995,0.810824) (0.221462,0.266291) 0.209738 (2.79844,2.7831) 1.50029 0.877051 (0.762968,0.13245) (0.139846,0.0700214) 0.204113 (1.03349,0.847251) (-0.096471,-0.128671) 0.138545 (1.49061,1.3121) (-0.0874584,-0.126091) 0.213729 (0.305791,1.14191) (0.153272,0.215658) 0.205842
10.5 (0.579366,0.837738) (0.223708,0.269145) 0.209738 (2.79844,2.7831) 1.50029 0.877329 (0.776952,0.139452) (0.139846,0.0700215) 0.204113 (1.02384,0.834386) (-0.0965027,-0.128648) 0.138545 (1.48186,1.29949) (-0.0874585,-0.126091) 0.213729 (0.321193,1.16343) (0.154019,0.215125) 0.205842
10.6 (0.602005,0.864993) (0.226393,0.272555) 0.209738 (2.79844,2.7831) 1.50029 0.877654 (0.790937,0.146454) (0.139846,0.0700214) 0.204113 (1.01418,0.821524) (-0.0965404,-0.128619) 0.138545 (1.47312,1.28689) (-0.0874584,-0.126091) 0.213729 (0.336675,1.18488) (0.154826,0.214545) 0.205842
10.7 (0.624968,0.89266) (0.22963,0.276667) 0.209738 (2.79844,2.7831) 1.50029 0.878035 (0.804922,0.153456) (0.139846,0.0700214) 0.204113 (1.00452,0.808666) (-0.0965871,-0.128584) 0.138545 (1.46437,1.27428) (-0.0874585,-0.126091) 0.213729 (0.352244,1.20627) (0.155693,0.213917) 0.205842
10.8 (0.648344,0.920851) (0.233758,0.281909) 0.209738 (2.79844,2.7831) 1.50029 0.878506 (0.818906,0.160458) (0.139846,0.0700215) 0.204113 (0.994859,0.795812) (-0.0966475,-0.128539) 0.138545 (1.45562,1.26167) (-0.0874585,-0.126091) 0.213729 (0.36791,1.22759) (0.156657,0.213212) 0.205842
10.9 (0.672265,0.949735) (0.23921,0.288835) 0.209738 (2.79844,2.7831) 1.50029 0.879101 (0.832891,0.167461) (0.139846,0.0700214) 0.204113 (0.985186,0.782964) (-0.0967336,-0.128474) 0.138545 (1.44688,1.24906) (-0.0874585,-0.126091) 0.213729 (0.383684,1.24884) (0.157738,0.212414) 0.205842
11 (0.696983,0.979631) (0.247182,0.298961) 0.209738 (2.79844,2.7831) 1.50029 0.879923 (0.846876,0.174463) (0.139846,0.0700214) 0.204113 (0.975497,0.770128) (-0.0968828,-0.128362) 0.138545 (1.43813,1.23645) (-0.0874587,-0.126091) 0.213729 (0.399585,1.26998) (0.159011,0.211462) 0.205842
11.1 (0.723044,1.01123) (0.260608,0.316013) 0.209738 (2.79844,2.7831) 1.50029 0.881191 (0.86086,0.181465) (0.139846,0.0700215) 0.204113 (0.965736,0.757348) (-0.0976186,-0.127803) 0.138545 (1.42939,1.22384) (-0.0874585,-0.126091) 0.213729 (0.415644,1.29101) (0.160586,0.210269) 0.205842
11.2 (0.752415,1.04704) (0.293709,0.358058) 0.209738 (2.79844,2.7831) 1.50029 0.883809 (0.874845,0.188467) (0.139846,0.0700215) 0.204113 (0.953447,0.746974) (-0.122889,-0.103737) 0.138545 (1.42064,1.21123) (-0.0874584,-0.126091) 0.213729 (0.431924,1.31186) (0.162802,0.208558) 0.205842
11.3 (0.813765,1.12346) (0.613495,0.764241) 0.209738 (2.79844,2.7831) 1.50029 0.894381 (0.888829,0.195469) (0.139846,0.0700215) 0.204113 (0.941158,0.736601) (-0.12289,-0.103736) 0.138545 (1.41189,1.19862) (-0.0874586,-0.126091) 0.213729 (0.448648,1.33237) (0.167243,0.205014) 0.205842
11.4 (0.875024,1.19977) (0.612599,0.763104) 0.209738 (2.79844,2.7831) 1.50029 0.894367 (0.902814,0.202471) (0.139846,0.0700214) 0.204113 (0.928869,0.726227) (-0.122891,-0.103735) 0.138545 (1.40315,1.18601) (-0.0874583,-0.126091) 0.213729 (0.470263,1.34762) (0.216146,0.152584) 0.205842
11.5 (0.936186,1.27596) (0.611611,0.76185) 0.209738 (2.79844,2.7831) 1.50029 0.894351 (0.916799,0.209473) (0.139846,0.0700214) 0.204113 (0.91658,0.715853) (-0.122884,-0.103743) 0.138545 (1.3944,1.1734) (-0.0874587,-0.126091) 0.213729 (0.491878,1.36288) (0.216152,0.152575) 0.205842
11.6 (0.997234,1.352) (0.610484,0.760418) 0.209738 (2.79844,2.7831) 1.50029 0.894334 (0.930783,0.216476) (0.139846,0.0700215) 0.204113 (0.904293,0.705478) (-0.122878,-0.10375) 0.138545 (1.38566,1.16079) (-0.0874584,-0.126091) 0.213729 (0.513493,1.37814) (0.216151,0.152577) 0.205842
11.7 (1.05816,1.42788) (0.609253,0.758854) 0.209738 (2.79844,2.7831) 1.50029 0.894314 (0.944768,0.223478) (0.139846,0.0700215) 0.204113 (0.892004,0.695104) (-0.122886,-0.103741) 0.138545 (1.37691,1.14819) (-0.087458,-0.126091) 0.213729 (0.535107,1.3934) (0.216142,0.152588) 0.205842
11.8 (1.12492,1.50117) (0.667634,0.73289) 0.209738 (2.79844,2.7831) 1.50029 0.831959 (0.958753,0.23048) (0.139846,0.0700214) 0.204113 (0.879716,0.684729) (-0.12288,-0.103748) 0.138545 (1.36356,1.13703) (-0.13355,-0.111539) 0.213729 (0.556721,1.40866) (0.216138,0.152594) 0.205842
11.9 (1.2043,1.56198) (0.793785,0.608081) 0.209738 (2.79844,2.7831) 1.50029 0.653696 (0.971635,0.239348) (0.128826,0.0886787) 0.204113 (0.867428,0.674354) (-0.12288,-0.103748) 0.138545 (1.3502,1.12588) (-0.13356,-0.111527) 0.213729 (0.578336,1.42392) (0.216151,0.152576) 0.205842
12 (1.28369,1.62279) (0.793856,0.60808) 0.209738 (2.79844,2.7831) 1.50029 0.653652 (0.983856,0.249107) (0.12221,0.0975943) 0.204113 (0.85514,0.66398) (-0.122884,-0.103743) 0.138545 (1.33684,1.11473) (-0.13356,-0.111527) 0.213729 (0.599951,1.43917) (0.216145,0.152584) 0.205842
12.1 (1.36308,1.6836) (0.793909,0.608133) 0.209738 (2.79844,2.7831) 1.50029 0.653661 (0.99571,0.25931) (0.118537,0.102024) 0.204113 (0.842851,0.653606) (-0.122887,-0.10374) 0.138545 (1.32349,1.10357) (-0.133561,-0.111526) 0.213729 (0.621564,1.45443) (0.216135,0.152598) 0.205842
12.2 (1.44246,1.74441) (0.793828,0.608028) 0.209738 (2.79844,2.7831) 1.50029 0.653627 (1.00737,0.269737) (0.116562,0.104275) 0.204113 (0.830562,0.643232) (-0.122884,-0.103742) 0.138545 (1.31013,1.09242) (-0.133564,-0.111522) 0.213729 (0.643178,1.46969) (0.216141,0.152591) 0.205842
12.3 (1.52185,1.80522) (0.793861,0.6081) 0.209738 (2.79844,2.7831) 1.50029 0.653665 (1.01892,0.280281) (0.115513,0.105435) 0.204113 (0.818274,0.632858) (-0.122885,-0.103742) 0.138545 (1.29678,1.08127) (-0.133561,-0.111526) 0.213729 (0.664793,1.48495) (0.216145,0.152585) 0.205842
12.4 (1.60123,1.86603) (0.793844,0.608097) 0.209738 (2.79844,2.7831) 1.50029 0.653673 (1.03041,0.290884) (0.114962,0.106036) 0.204113 (0.805986,0.622483) (-0.122884,-0.103742) 0.138545 (1.28342,1.07012) (-0.133564,-0.111522) 0.213729 (0.686406,1.50021) (0.216136,0.152597) 0.205842
12.5 (1.68062,1.92684) (0.79394,0.608156) 0.209738 (2.79844,2.7831) 1.50029 0.653661 (1.04188,0.301519) (0.114671,0.106351) 0.204113 (0.793697,0.612109) (-0.122886,-0.10374) 0.138545 (1.27006,1.05896) (-0.133563,-0.111523) 0.213729 (0.708019,1.51547) (0.21613,0.152606) 0.205842
12.6 (1.76001,1.98765) (0.793877,0.608112) 0.209738 (2.79844,2.7831) 1.50029 0.653664 (1.05333,0.312171) (0.114518,0.106515) 0.204113 (0.781408,0.601736) (-0.122888,-0.103737) 0.138545 (1.25671,1.04781) (-0.133567,-0.111518) 0.213729 (0.729634,1.53073) (0.216147,0.152582) 0.205842
12.7 (1.8394,2.04847) (0.793861,0.608164) 0.209738 (2.79844,2.7831) 1.50029 0.653715 (1.06478,0.322831) (0.114436,0.106604) 0.204113 (0.769119,0.591362) (-0.122888,-0.103738) 0.138545 (1.24335,1.03666) (-0.133565,-0.111521) 0.213729 (0.751247,1.54599) (0.216133,0.152601) 0.205842
12.8 (1.91878,2.10928) (0.793855,0.608134) 0.209738 (2.79844,2.7831) 1.50029 0.653695 (1.07622,0.333496) (0.114393,0.10665) 0.204113 (0.756831,0.580987) (-0.122881,-0.103746) 0.138545 (1.22999,1.02551) (-0.133562,-0.111524) 0.213729 (0.77286,1.56125) (0.216132,0.152603) 0.205842
12.9 (1.99817,2.1701) (0.79386,0.608132) 0.209738 (2.79844,2.7831) 1.50029 0.653691 (1.08765,0.344163) (0.114372,0.106672) 0.204113 (0.744543,0.570613) (-0.122882,-0.103745) 0.138545 (1.21664,1.01435) (-0.133558,-0.11153) 0.213729 (0.794475,1.57651) (0.216146,0.152584) 0.205842
13 (2.07756,2.2309) (0.793871,0.608066) 0.209738 (2.79844,2.7831) 1.50029 0.653632 (1.09909,0.354831) (0.114364,0.106681) 0.204113 (0.732254,0.560239) (-0.122887,-0.10374) 0.138545 (1.20328,1.0032) (-0.133561,-0.111526) 0.213729 (0.81609,1.59177) (0.21615,0.152578) 0.205842
13.1 (2.14965,2.28612) (0.720885,0.552196) 0.209738 (2.79844,2.7831) 1.50029 0.653661 (1.11052,0.3655) (0.114357,0.106688) 0.204113 (0.719966,0.549865) (-0.122886,-0.10374) 0.138545 (1.18993,0.992049) (-0.13356,-0.111527) 0.213729 (0.837705,1.60702) (0.216147,0.152582) 0.205842
13.2 (2.21453,2.33582) (0.648818,0.496973) 0.209738 (2.79844,2.7831) 1.50029 0.653642 (1.12196,0.376169) (0.114355,0.106691) 0.204113 (0.707677,0.539491) (-0.122889,-0.103736) 0.138545 (1.17657,0.980897) (-0.133563,-0.111524) 0.213729 (0.859319,1.62228) (0.216147,0.152582) 0.205842
13.3 (2.27292,2.38055) (0.58396,0.447294) 0.209738 (2.79844,2.7831) 1.50029 0.653642 (1.1334,0.386839) (0.114352,0.106694) 0.204113 (0.695388,0.529117) (-0.122883,-0.103744) 0.138545 (1.16321,0.969744) (-0.133563,-0.111524) 0.213729 (0.880933,1.63754) (0.21614,0.152591) 0.205842
13.4 (2.32547,2.4208) (0.525508,0.402523) 0.209738 (2.79844,2.7831) 1.50029 0.653643 (1.14483,0.397508) (0.11435,0.106696) 0.204113 (0.683101,0.518742) (-0.122879,-0.103749) 0.138545 (1.14986,0.958592) (-0.133561,-0.111526) 0.213729 (0.902548,1.6528) (0.216145,0.152584) 0.205842
13.5 (2.37276,2.45704) (0.472899,0.362358) 0.209738 (2.79844,2.7831) 1.50029 0.653819 (1.15627,0.408178) (0.11435,0.106696) 0.204113 (0.670813,0.508367) (-0.122877,-0.103751) 0.138545 (1.1365,0.947439) (-0.133562,-0.111525) 0.213729 (0.924162,1.66806) (0.216145,0.152585) 0.205842
13.6 (2.41533,2.48964) (0.425671,0.326058) 0.209738 (2.79844,2.7831) 1.50029 0.653654 (1.1677,0.418847) (0.11435,0.106696) 0.204113 (0.658524,0.497993) (-0.122888,-0.103738) 0.138545 (1.12314,0.936287) (-0.133562,-0.111525) 0.213729 (0.945778,1.68332) (0.216157,0.152568) 0.205842
