[]
timestamp position0 velocity0 radius0 goal pref_speed theta position1 velocity1 radius1 position2 velocity2 radius2 position3 velocity3 radius3 position4 velocity4 radius4 position5 velocity5 radius5 position6 velocity6 radius6
0 (-1.69596,-1.81791) (0,0) 0.212408 (2.79844,2.7831) 1.59318 0 (-0.670407,-0.736026) (0,0) 0.150504 (2.55263,2.04045) (0,0) 0.209827 (3.22488,2.57855) (0,0) 0.155426 (-1.12288,-1.20303) (0,0) 0.123475
0.1 (-1.6908,-1.81582) (0.0515762,0.0209148) 0.212408 (2.79844,2.7831) 1.59318 0.38525 (-0.653275,-0.718647) (0.171319,0.173796) 0.150504 (2.53592,2.02656) (-0.167143,-0.138941) 0.209827 (3.22135,2.57502) (-0.0353257,-0.0352124) 0.155426 (-1.11969,-1.20089) (0.031977,0.0214097) 0.123475
0.2 (-1.67573,-1.81575) (0.150683,0.000648208) 0.212408 (2.79844,2.7831) 1.59318 0.00430177 (-0.636144,-0.701266) (0.17131,0.173805) 0.150504 (2.5192,2.01267) (-0.167141,-0.138944) 0.209827 (3.20747,2.5628) (-0.138805,-0.122194) 0.155426 (-1.10548,-1.18947) (0.142006,0.114195) 0.123475
0.3 (-1.63744,-1.81534) (0.382904,0.00411665) 0.212408 (2.79844,2.7831) 1.59318 0.0107507 (-0.619012,-0.683887) (0.171322,0.173793) 0.150504 (2.50249,1.99877) (-0.16715,-0.138933) 0.209827 (3.18911,2.54526) (-0.183594,-0.17543) 0.155426 (-1.08926,-1.17298) (0.16226,0.164942) 0.123475
0.4 (-1.56692,-1.79811) (0.705193,0.172307) 0.212408 (2.79844,2.7831) 1.59318 0.239645 (-0.60188,-0.666507) (0.17132,0.173795) 0.150504 (2.48577,1.98488) (-0.167136,-0.13895) 0.209827 (3.16733,2.52765) (-0.217828,-0.1761) 0.155426 (-1.07303,-1.15648) (0.162258,0.164944) 0.123475
0.5 (-1.48508,-1.76088) (0.818405,0.372344) 0.212408 (2.79844,2.7831) 1.59318 0.426973 (-0.584747,-0.649129) (0.17133,0.173785) 0.150504 (2.46906,1.97098) (-0.167153,-0.138929) 0.209827 (3.14554,2.51004) (-0.217842,-0.176083) 0.155426 (-1.05681,-1.13999) (0.162254,0.164949) 0.123475
0.6 (-1.40163,-1.71497) (0.8345,0.459109) 0.212408 (2.79844,2.7831) 1.59318 0.502966 (-0.567616,-0.631748) (0.17131,0.173805) 0.150504 (2.45234,1.95709) (-0.167155,-0.138927) 0.209827 (3.12376,2.49243) (-0.217828,-0.1761) 0.155426 (-1.04058,-1.12349) (0.162264,0.164938) 0.123475
0.7 (-1.31989,-1.66563) (0.817459,0.493327) 0.212408 (2.79844,2.7831) 1.59318 0.54298 (-0.550484,-0.614368) (0.171316,0.173799) 0.150504 (2.43563,1.9432) (-0.167153,-0.13893) 0.209827 (3.10198,2.47482) (-0.217831,-0.176097) 0.155426 (-1.02435,-1.107) (0.162263,0.16494) 0.123475
0.8 (-1.23917,-1.61439) (0.807212,0.512469) 0.212408 (2.79844,2.7831) 1.59318 0.56566 (-0.533354,-0.596987) (0.171304,0.173811) 0.150504 (2.41891,1.9293) (-0.167147,-0.138936) 0.209827 (3.08019,2.45721) (-0.217836,-0.17609) 0.155426 (-1.00813,-1.09051) (0.162268,0.164935) 0.123475
0.9 (-1.15908,-1.56205) (0.800883,0.52332) 0.212408 (2.79844,2.7831) 1.59318 0.578782 (-0.516223,-0.579607) (0.171313,0.173802) 0.150504 (2.4022,1.91541) (-0.167135,-0.138952) 0.209827 (3.05841,2.4396) (-0.217826,-0.176102) 0.155426 (-0.991903,-1.07401) (0.162252,0.164951) 0.123475
1 (-1.07941,-1.5091) (0.796715,0.529536) 0.212408 (2.79844,2.7831) 1.59318 0.586605 (-0.499091,-0.562227) (0.171317,0.173798) 0.150504 (2.38548,1.90152) (-0.167153,-0.13893) 0.209827 (3.03663,2.42199) (-0.217822,-0.176108) 0.155426 (-0.975676,-1.05752) (0.162264,0.164939) 0.123475
1.1 (-1.00002,-1.45578) (0.79388,0.533183) 0.212408 (2.79844,2.7831) 1.59318 0.591422 (-0.481959,-0.544848) (0.171319,0.173796) 0.150504 (2.36877,1.88762) (-0.167156,-0.138926) 0.209827 (3.01485,2.40438) (-0.21783,-0.176098) 0.155426 (-0.959452,-1.04102) (0.162246,0.164956) 0.123475
1.2 (-0.920848,-1.40225) (0.791694,0.535359) 0.212408 (2.79844,2.7831) 1.59318 0.594587 (-0.464828,-0.527468) (0.171315,0.1738) 0.150504 (2.35205,1.87373) (-0.167147,-0.138937) 0.209827 (2.99306,2.38677) (-0.217828,-0.1761) 0.155426 (-0.943226,-1.02453) (0.162255,0.164947) 0.123475
1.3 (-0.841857,-1.34857) (0.789907,0.536752) 0.212408 (2.79844,2.7831) 1.59318 0.596843 (-0.447696,-0.510088) (0.171315,0.1738) 0.150504 (2.33534,1.85984) (-0.167148,-0.138935) 0.209827 (2.97128,2.36916) (-0.217835,-0.176092) 0.155426 (-0.926999,-1.00803) (0.162274,0.164929) 0.123475
1.4 (-0.763019,-1.29478) (0.788385,0.537929) 0.212408 (2.79844,2.7831) 1.59318 0.598759 (-0.430566,-0.492706) (0.171301,0.173814) 0.150504 (2.31863,1.84594) (-0.167138,-0.138948) 0.209827 (2.9495,2.35155) (-0.217815,-0.176117) 0.155426 (-0.910773,-0.991539) (0.162255,0.164948) 0.123475
1.5 (-0.684335,-1.24072) (0.786842,0.540629) 0.212408 (2.79844,2.7831) 1.59318 0.602007 (-0.413435,-0.475326) (0.17131,0.173805) 0.150504 (2.30191,1.83205) (-0.167145,-0.138939) 0.209827 (2.92772,2.33394) (-0.217829,-0.176099) 0.155426 (-0.894547,-0.975045) (0.162264,0.164939) 0.123475
1.6 (-0.605856,-1.18055) (0.784785,0.60167) 0.212408 (2.79844,2.7831) 1.59318 0.654084 (-0.396303,-0.457946) (0.171318,0.173798) 0.150504 (2.2852,1.81815) (-0.167144,-0.13894) 0.209827 (2.90593,2.31633) (-0.217827,-0.176102) 0.155426 (-0.878321,-0.958551) (0.162262,0.16494) 0.123475
1.7 (-0.528994,-1.11852) (0.768617,0.620325) 0.212408 (2.79844,2.7831) 1.59318 0.679035 (-0.379172,-0.440565) (0.171308,0.173807) 0.150504 (2.26848,1.80426) (-0.167147,-0.138937) 0.209827 (2.88415,2.29872) (-0.217833,-0.176094) 0.155426 (-0.862094,-0.942057) (0.162264,0.164939) 0.123475
1.8 (-0.452993,-1.05555) (0.760014,0.629699) 0.212408 (2.79844,2.7831) 1.59318 0.6919 (-0.362041,-0.423185) (0.171308,0.173807) 0.150504 (2.25177,1.79037) (-0.167143,-0.138942) 0.209827 (2.86237,2.28111) (-0.217832,-0.176095) 0.155426 (-0.845869,-0.925563) (0.162255,0.164948) 0.123475
1.9 (-0.377449,-0.992106) (0.755437,0.634406) 0.212408 (2.79844,2.7831) 1.59318 0.698535 (-0.34491,-0.405804) (0.171311,0.173804) 0.150504 (2.23505,1.77647) (-0.167152,-0.13893) 0.209827 (2.84058,2.2635) (-0.21783,-0.176098) 0.155426 (-0.829643,-0.909069) (0.162263,0.16494) 0.123475
2 (-0.30217,-0.928446) (0.75279,0.636602) 0.212408 (2.79844,2.7831) 1.59318 0.701967 (-0.327779,-0.388424) (0.171314,0.173801) 0.150504 (2.21834,1.76258) (-0.167148,-0.138936) 0.209827 (2.8188,2.2459) (-0.217835,-0.176091) 0.155426 (-0.813416,-0.892574) (0.162261,0.164941) 0.123475
2.1 (-0.227046,-0.864687) (0.751248,0.637583) 0.212408 (2.79844,2.7831) 1.59318 0.703738 (-0.310647,-0.371044) (0.171317,0.173798) 0.150504 (2.20162,1.74869) (-0.16714,-0.138945) 0.209827 (2.79702,2.22829) (-0.217832,-0.176095) 0.155426 (-0.79719,-0.87608) (0.162262,0.164941) 0.123475
2.2 (-0.152024,-0.800899) (0.750212,0.637879) 0.212408 (2.79844,2.7831) 1.59318 0.704648 (-0.293515,-0.353665) (0.17132,0.173795) 0.150504 (2.18491,1.73479) (-0.167135,-0.138951) 0.209827 (2.77524,2.21067) (-0.217817,-0.176114) 0.155426 (-0.780964,-0.859586) (0.162262,0.164941) 0.123475
2.3 (-0.0770888,-0.737124) (0.749355,0.637754) 0.212408 (2.79844,2.7831) 1.59318 0.705116 (-0.276384,-0.336285) (0.171313,0.173802) 0.150504 (2.1682,1.7209) (-0.167144,-0.13894) 0.209827 (2.75345,2.19306) (-0.217834,-0.176092) 0.155426 (-0.764737,-0.843093) (0.162272,0.164931) 0.123475
2.4 (-0.00222135,-0.673374) (0.748675,0.6375) 0.212408 (2.79844,2.7831) 1.59318 0.705367 (-0.259253,-0.318904) (0.171309,0.173806) 0.150504 (2.15148,1.707) (-0.167147,-0.138937) 0.209827 (2.73167,2.17546) (-0.217834,-0.176093) 0.155426 (-0.748511,-0.826599) (0.16226,0.164943) 0.123475
2.5 (0.0725889,-0.609656) (0.748103,0.637184) 0.212408 (2.79844,2.7831) 1.59318 0.7055 (-0.242121,-0.301524) (0.171318,0.173797) 0.150504 (2.13477,1.69311) (-0.167157,-0.138925) 0.209827 (2.70989,2.15785) (-0.217836,-0.17609) 0.155426 (-0.732284,-0.810105) (0.162265,0.164938) 0.123475
2.6 (0.147338,-0.545979) (0.747492,0.636765) 0.212408 (2.79844,2.7831) 1.59318 0.705578 (-0.22499,-0.284144) (0.17131,0.173805) 0.150504 (2.11805,1.67922) (-0.167147,-0.138936) 0.209827 (2.6881,2.14024) (-0.217817,-0.176114) 0.155426 (-0.716058,-0.793611) (0.162265,0.164937) 0.123475
2.7 (0.222019,-0.482356) (0.746811,0.636229) 0.212408 (2.79844,2.7831) 1.59318 0.705612 (-0.207858,-0.266765) (0.171322,0.173793) 0.150504 (2.10134,1.66532) (-0.167137,-0.138949) 0.209827 (2.66632,2.12262) (-0.217821,-0.176109) 0.155426 (-0.699832,-0.777117) (0.162259,0.164943) 0.123475
2.8 (0.296631,-0.418791) (0.746119,0.635653) 0.212408 (2.79844,2.7831) 1.59318 0.705623 (-0.190726,-0.249385) (0.171323,0.173792) 0.150504 (2.08462,1.65143) (-0.167149,-0.138935) 0.209827 (2.64454,2.10501) (-0.217825,-0.176104) 0.155426 (-0.683605,-0.760623) (0.162266,0.164936) 0.123475
2.9 (0.371174,-0.355282) (0.745426,0.635083) 0.212408 (2.79844,2.7831) 1.59318 0.705639 (-0.173593,-0.232007) (0.171327,0.173788) 0.150504 (2.06791,1.63753) (-0.167153,-0.13893) 0.209827 (2.62276,2.0874) (-0.217827,-0.176101) 0.155426 (-0.667381,-0.744128) (0.162248,0.164954) 0.123475
3 (0.445637,-0.29184) (0.744633,0.634425) 0.212408 (2.79844,2.7831) 1.59318 0.705652 (-0.156461,-0.214627) (0.171316,0.173799) 0.150504 (2.05119,1.62364) (-0.16715,-0.138934) 0.209827 (2.60097,2.06979) (-0.217822,-0.176108) 0.155426 (-0.651155,-0.727633) (0.162253,0.16495) 0.123475
3.1 (0.520015,-0.22847) (0.743775,0.633701) 0.212408 (2.79844,2.7831) 1.59318 0.705657 (-0.139329,-0.197247) (0.171322,0.173793) 0.150504 (2.03448,1.60975) (-0.167148,-0.138936) 0.209827 (2.57919,2.05218) (-0.217828,-0.1761) 0.155426 (-0.63493,-0.711138) (0.162253,0.164949) 0.123475
3.2 (0.594308,-0.165172) (0.74293,0.632983) 0.212408 (2.79844,2.7831) 1.59318 0.70566 (-0.122196,-0.179869) (0.171331,0.173784) 0.150504 (2.01776,1.59585) (-0.167148,-0.138936) 0.209827 (2.55741,2.03457) (-0.217832,-0.176095) 0.155426 (-0.618705,-0.694643) (0.16225,0.164952) 0.123475
3.3 (0.6685,-0.101958) (0.741928,0.632134) 0.212408 (2.79844,2.7831) 1.59318 0.705663 (-0.105063,-0.16249) (0.17133,0.173785) 0.150504 (2.00105,1.58196) (-0.167148,-0.138936) 0.209827 (2.53563,2.01696) (-0.21782,-0.17611) 0.155426 (-0.602479,-0.678149) (0.162263,0.164939) 0.123475
3.4 (0.742594,-0.0388293) (0.740933,0.63129) 0.212408 (2.79844,2.7831) 1.59318 0.705666 (-0.0879326,-0.145109) (0.171303,0.173812) 0.150504 (1.98433,1.56807) (-0.167148,-0.138936) 0.209827 (2.51384,1.99935) (-0.217831,-0.176097) 0.155426 (-0.586252,-0.661655) (0.162262,0.164941) 0.123475
3.5 (0.816571,0.0242018) (0.739778,0.63031) 0.212408 (2.79844,2.7831) 1.59318 0.705669 (-0.0708008,-0.12773) (0.171318,0.173797) 0.150504 (1.96762,1.55417) (-0.167148,-0.138936) 0.209827 (2.49206,1.98174) (-0.217837,-0.176089) 0.155426 (-0.570026,-0.645161) (0.16226,0.164942) 0.123475
3.6 (0.890434,0.0871352) (0.738628,0.629335) 0.212408 (2.79844,2.7831) 1.59318 0.705673 (-0.0536692,-0.11035) (0.171316,0.173799) 0.150504 (1.95092,1.54026) (-0.16702,-0.139089) 0.209827 (2.47004,1.96443) (-0.22016,-0.173176) 0.155426 (-0.5538,-0.628667) (0.162268,0.164935) 0.123475
3.7 (0.964165,0.149943) (0.737306,0.628074) 0.212408 (2.79844,2.7831) 1.59318 0.705567 (-0.0370417,-0.0924868) (0.166275,0.178628) 0.150504 (1.93442,1.52631) (-0.165008,-0.13955) 0.209827 (2.44771,1.94752) (-0.22332,-0.169081) 0.155426 (-0.537575,-0.612172) (0.162246,0.164956) 0.123475
3.8 (1.03781,0.212555) (0.73647,0.626128) 0.212408 (2.79844,2.7831) 1.59318 0.704595 (-0.0208951,-0.0741882) (0.161466,0.182986) 0.150504 (1.91812,1.51233) (-0.16299,-0.139767) 0.209827 (2.42506,1.93103) (-0.226468,-0.164841) 0.155426 (-0.521349,-0.595677) (0.162256,0.164947) 0.123475
3.9 (1.11138,0.274932) (0.735694,0.623764) 0.212408 (2.79844,2.7831) 1.59318 0.703249 (-0.00514485,-0.0555473) (0.157502,0.186409) 0.150504 (1.90199,1.49835) (-0.161237,-0.13984) 0.209827 (2.40216,1.9149) (-0.229007,-0.161294) 0.155426 (-0.505123,-0.579183) (0.16226,0.164943) 0.123475
4 (1.18486,0.337053) (0.734776,0.621216) 0.212408 (2.79844,2.7831) 1.59318 0.701846 (0.0102849,-0.0366403) (0.154298,0.18907) 0.150504 (1.88602,1.48436) (-0.159762,-0.139852) 0.209827 (2.37906,1.89907) (-0.231027,-0.158388) 0.155426 (-0.488897,-0.562688) (0.162259,0.164943) 0.123475
4.1 (1.25823,0.398917) (0.73369,0.61864) 0.212408 (2.79844,2.7831) 1.59318 0.700527 (0.0254638,-0.0175312) (0.151789,0.19109) 0.150504 (1.87016,1.47038) (-0.158596,-0.13984) 0.209827 (2.3558,1.88346) (-0.232621,-0.156038) 0.155426 (-0.472673,-0.546193) (0.162248,0.164955) 0.123475
4.2 (1.33146,0.460519) (0.732299,0.616014) 0.212408 (2.79844,2.7831) 1.59318 0.699366 (0.0404566,0.0017241) (0.149928,0.192553) 0.150504 (1.85438,1.4564) (-0.15778,-0.13984) 0.209827 (2.33241,1.86805) (-0.23387,-0.154159) 0.155426 (-0.456445,-0.5297) (0.162274,0.164929) 0.123475
4.3 (1.40451,0.521849) (0.730498,0.6133) 0.212408 (2.79844,2.7831) 1.59318 0.698405 (0.0553257,0.0210752) (0.14869,0.193511) 0.150504 (1.83864,1.44241) (-0.157374,-0.139892) 0.209827 (2.30893,1.85278) (-0.234832,-0.152689) 0.155426 (-0.440219,-0.513206) (0.162263,0.16494) 0.123475
4.4 (1.47735,0.582913) (0.728404,0.610637) 0.212408 (2.79844,2.7831) 1.59318 0.697675 (0.0701321,0.0404742) (0.148065,0.19399) 0.150504 (1.8229,1.4284) (-0.157453,-0.140041) 0.209827 (2.28537,1.83762) (-0.235546,-0.151586) 0.155426 (-0.423993,-0.496712) (0.16226,0.164943) 0.123475
4.5 (1.54993,0.643702) (0.725817,0.607891) 0.212408 (2.79844,2.7831) 1.59318 0.697208 (0.0849083,0.0598963) (0.147762,0.194221) 0.150504 (1.80713,1.41438) (-0.157678,-0.140225) 0.209827 (2.26181,1.82253) (-0.235624,-0.150911) 0.155426 (-0.407768,-0.480216) (0.16225,0.164952) 0.123475
4.6 (1.62221,0.704204) (0.722807,0.605023) 0.212408 (2.79844,2.7831) 1.59318 0.696926 (0.0991952,0.0796811) (0.142869,0.197848) 0.150504 (1.79134,1.40034) (-0.157887,-0.140406) 0.209827 (2.23869,1.8074) (-0.231198,-0.15125) 0.155426 (-0.391542,-0.463722) (0.162263,0.16494) 0.123475
4.7 (1.69416,0.764404) (0.719464,0.602) 0.212408 (2.79844,2.7831) 1.59318 0.696742 (0.113136,0.0997115) (0.139405,0.200304) 0.150504 (1.77495,1.38606) (-0.163898,-0.142755) 0.209827 (2.21593,1.79223) (-0.227604,-0.151737) 0.155426 (-0.375316,-0.447228) (0.162255,0.164947) 0.123475
4.8 (1.76565,0.82438) (0.714942,0.599759) 0.212408 (2.79844,2.7831) 1.59318 0.69801 (0.126815,0.119921) (0.136789,0.202099) 0.150504 (1.75835,1.37203) (-0.165967,-0.140344) 0.209827 (2.19341,1.7768) (-0.225175,-0.15427) 0.155426 (-0.359091,-0.430733) (0.162254,0.164949) 0.123475
4.9 (1.83656,0.884245) (0.709125,0.59865) 0.212408 (2.79844,2.7831) 1.59318 0.701123 (0.140323,0.140246) (0.135082,0.203244) 0.150504 (1.74179,1.35795) (-0.165625,-0.140748) 0.209827 (2.1711,1.76132) (-0.223185,-0.154833) 0.155426 (-0.342865,-0.414238) (0.162257,0.164946) 0.123475
5 (1.90691,0.943865) (0.703504,0.596203) 0.212408 (2.79844,2.7831) 1.59318 0.703027 (0.153725,0.16064) (0.134024,0.203943) 0.150504 (1.72528,1.34382) (-0.165117,-0.141343) 0.209827 (2.14892,1.74581) (-0.221785,-0.155049) 0.155426 (-0.326639,-0.397744) (0.16226,0.164942) 0.123475
5.1 (1.97671,1.00314) (0.697916,0.592713) 0.212408 (2.79844,2.7831) 1.59318 0.704065 (0.167087,0.181061) (0.133622,0.204207) 0.150504 (1.70882,1.32963) (-0.16461,-0.141934) 0.209827 (2.12681,1.73032) (-0.221058,-0.154977) 0.155426 (-0.310413,-0.38125) (0.162264,0.164939) 0.123475
5.2 (2.04589,1.06207) (0.691895,0.589365) 0.212408 (2.79844,2.7831) 1.59318 0.705546 (0.180449,0.201482) (0.133619,0.204209) 0.150504 (1.69241,1.31538) (-0.164128,-0.142491) 0.209827 (2.10473,1.71484) (-0.220799,-0.15472) 0.155426 (-0.294187,-0.364756) (0.162263,0.16494) 0.123475
5.3 (2.11032,1.13376) (0.644301,0.716887) 0.212408 (2.79844,2.7831) 1.59318 0.838674 (0.193811,0.221903) (0.133619,0.204209) 0.150504 (1.67604,1.30108) (-0.163683,-0.143001) 0.209827 (2.08268,1.6994) (-0.220554,-0.154473) 0.155426 (-0.27796,-0.348263) (0.162267,0.164935) 0.123475
5.4 (2.16904,1.21042) (0.587153,0.766631) 0.212408 (2.79844,2.7831) 1.59318 0.917205 (0.207173,0.242323) (0.133619,0.204209) 0.150504 (1.65971,1.28673) (-0.163273,-0.14347) 0.209827 (2.06064,1.68397) (-0.22032,-0.154235) 0.155426 (-0.261733,-0.331769) (0.162267,0.164935) 0.123475
5.5 (2.22368,1.29042) (0.546391,0.799911) 0.212408 (2.79844,2.7831) 1.59318 0.971527 (0.220535,0.262744) (0.133619,0.204209) 0.150504 (1.64381,1.27191) (-0.158955,-0.148239) 0.209827 (2.03863,1.66857) (-0.220096,-0.154008) 0.155426 (-0.245916,-0.314882) (0.158167,0.168872) 0.123475
5.6 (2.27499,1.37303) (0.513123,0.826157) 0.212408 (2.79844,2.7831) 1.59318 1.01501 (0.233897,0.283165) (0.133619,0.204209) 0.150504 (1.62821,1.25677) (-0.156025,-0.15132) 0.209827 (2.01652,1.65306) (-0.221179,-0.155105) 0.155426 (-0.230393,-0.297725) (0.155238,0.171568) 0.123475
5.7 (2.32242,1.45885) (0.474304,0.85816) 0.212408 (2.79844,2.7831) 1.59318 1.06588 (0.247259,0.303586) (0.133619,0.204209) 0.150504 (1.61282,1.24143) (-0.153893,-0.153488) 0.209827 (1.99425,1.6374) (-0.222663,-0.156608) 0.155426 (-0.215086,-0.280374) (0.153062,0.173512) 0.123475
5.8 (2.35625,1.55295) (0.338272,0.941067) 0.212408 (2.79844,2.7831) 1.59318 1.22572 (0.260621,0.324007) (0.133619,0.204209) 0.150504 (1.59758,1.22593) (-0.152416,-0.154955) 0.209827 (1.97183,1.62158) (-0.224197,-0.158162) 0.155426 (-0.199933,-0.262889) (0.151534,0.174848) 0.123475
5.9 (2.39007,1.64706) (0.338252,0.941041) 0.212408 (2.79844,2.7831) 1.59318 1.22573 (0.273983,0.344428) (0.133619,0.204209) 0.150504 (1.58243,1.21034) (-0.151482,-0.155868) 0.209827 (1.94927,1.60563) (-0.225592,-0.159574) 0.155426 (-0.184877,-0.24532) (0.150558,0.175689) 0.123475
6 (2.42389,1.74116) (0.338202,0.941009) 0.212408 (2.79844,2.7831) 1.59318 1.22577 (0.287345,0.364849) (0.133619,0.204209) 0.150504 (1.56733,1.19471) (-0.15103,-0.156306) 0.209827 (1.9266,1.58955) (-0.226741,-0.160737) 0.155426 (-0.169869,-0.227711) (0.150082,0.176096) 0.123475
6.1 (2.45771,1.83527) (0.338199,0.941085) 0.212408 (2.79844,2.7831) 1.59318 1.2258 (0.300706,0.38527) (0.133619,0.204209) 0.150504 (1.55223,1.17908) (-0.150973,-0.15636) 0.209827 (1.90429,1.57342) (-0.223025,-0.161339) 0.155426 (-0.155547,-0.209538) (0.143217,0.181723) 0.123475
6.2 (2.49154,1.92937) (0.338252,0.94099) 0.212408 (2.79844,2.7831) 1.59318 1.22572 (0.314202,0.405602) (0.134958,0.203326) 0.150504 (1.53709,1.16348) (-0.151406,-0.155941) 0.209827 (1.88242,1.55725) (-0.218706,-0.161672) 0.155426 (-0.141771,-0.190949) (0.137763,0.185892) 0.123475
6.3 (2.52223,2.01474) (0.306901,0.853713) 0.212408 (2.79844,2.7831) 1.59318 1.22569 (0.32791,0.425793) (0.137075,0.201905) 0.150504 (1.52195,1.14789) (-0.151403,-0.155944) 0.209827 (1.86092,1.54108) (-0.215016,-0.161758) 0.155426 (-0.128375,-0.172084) (0.133958,0.188652) 0.123475
6.4 (2.54986,2.09157) (0.276264,0.768365) 0.212408 (2.79844,2.7831) 1.59318 1.22564 (0.34184,0.44583) (0.139307,0.200372) 0.150504 (1.50682,1.13229) (-0.151345,-0.156001) 0.209827 (1.83974,1.52489) (-0.211857,-0.161886) 0.155426 (-0.115265,-0.153019) (0.131097,0.190651) 0.123475
6.5 (2.57471,2.16073) (0.248556,0.691542) 0.212408 (2.79844,2.7831) 1.59318 1.22575 (0.355984,0.465717) (0.141438,0.198873) 0.150504 (1.49169,1.11668) (-0.151253,-0.15609) 0.209827 (1.8188,1.50869) (-0.209342,-0.162015) 0.155426 (-0.102362,-0.133813) (0.129032,0.192055) 0.123475
6.6 (2.59708,2.22297) (0.223658,0.622429) 0.212408 (2.79844,2.7831) 1.59318 1.22583 (0.370316,0.485469) (0.14332,0.197522) 0.150504 (1.47658,1.10106) (-0.151135,-0.156205) 0.209827 (1.79805,1.49248) (-0.207514,-0.162098) 0.155426 (-0.0895958,-0.114517) (0.127665,0.192966) 0.123475
6.7 (2.61721,2.27898) (0.201362,0.560124) 0.212408 (2.79844,2.7831) 1.59318 1.22569 (0.384801,0.50511) (0.14485,0.196402) 0.150504 (1.46148,1.08543) (-0.151001,-0.156334) 0.209827 (1.77741,1.47627) (-0.206443,-0.1621) 0.155426 (-0.0768997,-0.0951736) (0.126961,0.19343) 0.123475
6.8 (2.63534,2.3294) (0.181224,0.504115) 0.212408 (2.79844,2.7831) 1.59318 1.22569 (0.399397,0.524668) (0.145953,0.195584) 0.150504 (1.44639,1.06978) (-0.150863,-0.156467) 0.209827 (1.75679,1.46007) (-0.206187,-0.162009) 0.155426 (-0.0642141,-0.0758237) (0.126856,0.193499) 0.123475
