[]
timestamp position0 velocity0 radius0 goal pref_speed theta position1 velocity1 radius1 position2 velocity2 radius2 position3 velocity3 radius3 position4 velocity4 radius4 position5 velocity5 radius5 position6 velocity6 radius6
0 (-1.66656,-1.94598) (0,0) 0.212646 (2.79844,2.7831) 1.95261 0 (-0.8751,-0.553651) (0,0) 0.12752 (2.3048,2.06983) (0,0) 0.211623 (2.97406,2.69672) (0,0) 0.127477 (-1.1108,-1.35217) (0,0) 0.145972
0.1 (-1.66314,-1.94295) (0.0342452,0.0302261) 0.212646 (2.79844,2.7831) 1.95261 0.723139 (-0.853391,-0.533934) (0.217091,0.197161) 0.12752 (2.2848,2.05206) (-0.200004,-0.177724) 0.211623 (2.96798,2.69476) (-0.0608022,-0.0196241) 0.127477 (-1.08801,-1.35307) (0.227898,-0.00897557) 0.145972
0.2 (-1.65384,-1.91305) (0.0930366,0.298988) 0.212646 (2.79844,2.7831) 1.95261 1.26912 (-0.831684,-0.514216) (0.217074,0.19718) 0.12752 (2.2648,2.03429) (-0.200007,-0.17772) 0.211623 (2.94698,2.68426) (-0.210041,-0.104991) 0.127477 (-1.07141,-1.33744) (0.166073,0.156326) 0.145972
0.3 (-1.6366,-1.87022) (0.172363,0.428391) 0.212646 (2.79844,2.7831) 1.95261 1.18827 (-0.809977,-0.494498) (0.217072,0.197181) 0.12752 (2.2448,2.01652) (-0.200011,-0.177716) 0.211623 (2.92896,2.66823) (-0.180181,-0.160287) 0.127477 (-1.05573,-1.32087) (0.156773,0.165651) 0.145972
0.4 (-1.61594,-1.80793) (0.206553,0.622822) 0.212646 (2.79844,2.7831) 1.95261 1.25057 (-0.788269,-0.474781) (0.217076,0.197178) 0.12752 (2.22479,1.99875) (-0.200012,-0.177715) 0.211623 (2.91094,2.6522) (-0.180177,-0.160291) 0.127477 (-1.04005,-1.30431) (0.156784,0.16564) 0.145972
0.5 (-1.58041,-1.72298) (0.355337,0.849583) 0.212646 (2.79844,2.7831) 1.95261 1.17466 (-0.766562,-0.455063) (0.217074,0.197179) 0.12752 (2.20479,1.98097) (-0.200009,-0.177718) 0.211623 (2.89293,2.63618) (-0.180193,-0.160273) 0.127477 (-1.02437,-1.28774) (0.156772,0.165652) 0.145972
0.6 (-1.5418,-1.63906) (0.386148,0.83913) 0.212646 (2.79844,2.7831) 1.95261 1.13951 (-0.744854,-0.435345) (0.217073,0.19718) 0.12752 (2.18479,1.9632) (-0.200001,-0.177728) 0.211623 (2.87491,2.62015) (-0.180188,-0.160279) 0.127477 (-1.0087,-1.27118) (0.156773,0.165651) 0.145972
0.7 (-1.50147,-1.55583) (0.403231,0.832305) 0.212646 (2.79844,2.7831) 1.95261 1.11965 (-0.723146,-0.415627) (0.21708,0.197173) 0.12752 (2.16479,1.94543) (-0.20001,-0.177717) 0.211623 (2.85689,2.60412) (-0.180182,-0.160286) 0.127477 (-0.993019,-1.25461) (0.156773,0.165651) 0.145972
0.8 (-1.46019,-1.47305) (0.412849,0.827837) 0.212646 (2.79844,2.7831) 1.95261 1.10818 (-0.701439,-0.39591) (0.217078,0.197175) 0.12752 (2.14479,1.92766) (-0.200011,-0.177717) 0.211623 (2.83887,2.58809) (-0.180182,-0.160285) 0.127477 (-0.97734,-1.23805) (0.156784,0.16564) 0.145972
0.9 (-1.41836,-1.39058) (0.418293,0.824643) 0.212646 (2.79844,2.7831) 1.95261 1.10137 (-0.67973,-0.376193) (0.217081,0.197172) 0.12752 (2.12479,1.90989) (-0.200018,-0.177708) 0.211623 (2.82085,2.57206) (-0.180176,-0.160292) 0.127477 (-0.961664,-1.22148) (0.156762,0.165661) 0.145972
1 (-1.37623,-1.30839) (0.421261,0.821921) 0.212646 (2.79844,2.7831) 1.95261 1.09717 (-0.658023,-0.356475) (0.217078,0.197175) 0.12752 (2.10479,1.89212) (-0.200023,-0.177703) 0.211623 (2.80283,2.55603) (-0.180172,-0.160297) 0.127477 (-0.945986,-1.20492) (0.156783,0.165641) 0.145972
1.1 (-1.33394,-1.22643) (0.422923,0.819591) 0.212646 (2.79844,2.7831) 1.95261 1.09442 (-0.636316,-0.336756) (0.217065,0.19719) 0.12752 (2.08479,1.87435) (-0.200008,-0.17772) 0.211623 (2.78482,2.54) (-0.18018,-0.160288) 0.127477 (-0.93031,-1.18835) (0.156762,0.165661) 0.145972
1.2 (-1.29156,-1.14468) (0.423851,0.817527) 0.212646 (2.79844,2.7831) 1.95261 1.09249 (-0.614609,-0.317038) (0.217068,0.197187) 0.12752 (2.06479,1.85657) (-0.199999,-0.17773) 0.211623 (2.7668,2.52397) (-0.180166,-0.160304) 0.127477 (-0.914632,-1.17179) (0.156771,0.165653) 0.145972
1.3 (-1.24911,-1.06312) (0.424465,0.815561) 0.212646 (2.79844,2.7831) 1.95261 1.09092 (-0.592902,-0.29732) (0.217075,0.197179) 0.12752 (2.04479,1.8388) (-0.200003,-0.177726) 0.211623 (2.74878,2.50794) (-0.180172,-0.160297) 0.127477 (-0.898956,-1.15522) (0.156761,0.165662) 0.145972
1.4 (-1.20656,-0.981745) (0.42544,0.813785) 0.212646 (2.79844,2.7831) 1.95261 1.08908 (-0.571196,-0.2776) (0.217062,0.197192) 0.12752 (2.02479,1.82103) (-0.20001,-0.177717) 0.211623 (2.73077,2.49191) (-0.180179,-0.160289) 0.127477 (-0.883279,-1.13866) (0.156773,0.165651) 0.145972
1.5 (-1.16317,-0.901906) (0.433937,0.798394) 0.212646 (2.79844,2.7831) 1.95261 1.07295 (-0.549487,-0.257884) (0.21709,0.197162) 0.12752 (2.00479,1.80325) (-0.199996,-0.177733) 0.211623 (2.71275,2.47589) (-0.180191,-0.160275) 0.127477 (-0.867601,-1.12209) (0.15678,0.165644) 0.145972
1.6 (-1.11917,-0.822501) (0.440051,0.794044) 0.212646 (2.79844,2.7831) 1.95261 1.06474 (-0.527779,-0.238166) (0.217076,0.197178) 0.12752 (1.98479,1.78548) (-0.200012,-0.177716) 0.211623 (2.69473,2.45986) (-0.180188,-0.160279) 0.127477 (-0.851923,-1.10553) (0.156783,0.165641) 0.145972
1.7 (-1.07487,-0.743426) (0.44299,0.79075) 0.212646 (2.79844,2.7831) 1.95261 1.06014 (-0.506071,-0.21845) (0.217083,0.197169) 0.12752 (1.96478,1.76771) (-0.200013,-0.177714) 0.211623 (2.67671,2.44383) (-0.180183,-0.160284) 0.127477 (-0.836245,-1.08896) (0.156773,0.165651) 0.145972
1.8 (-1.03045,-0.66464) (0.444176,0.787863) 0.212646 (2.79844,2.7831) 1.95261 1.05744 (-0.484364,-0.198732) (0.217074,0.19718) 0.12752 (1.94478,1.74994) (-0.200007,-0.177721) 0.211623 (2.65869,2.4278) (-0.180186,-0.160282) 0.127477 (-0.820568,-1.0724) (0.156773,0.165651) 0.145972
1.9 (-0.986006,-0.586113) (0.44443,0.785272) 0.212646 (2.79844,2.7831) 1.95261 1.05578 (-0.462655,-0.179014) (0.217081,0.197172) 0.12752 (1.92478,1.73217) (-0.200012,-0.177715) 0.211623 (2.64067,2.41177) (-0.180167,-0.160303) 0.127477 (-0.80489,-1.05583) (0.15678,0.165644) 0.145972
2 (-0.941594,-0.507847) (0.444118,0.782652) 0.212646 (2.79844,2.7831) 1.95261 1.05465 (-0.441232,-0.159848) (0.214231,0.191662) 0.12752 (1.90519,1.71395) (-0.195948,-0.182186) 0.211623 (2.62266,2.39574) (-0.180168,-0.160301) 0.127477 (-0.789215,-1.03927) (0.156756,0.165667) 0.145972
2.1 (-0.897277,-0.429824) (0.443177,0.780235) 0.212646 (2.79844,2.7831) 1.95261 1.05424 (-0.420229,-0.14176) (0.210038,0.180883) 0.12752 (1.88604,1.69527) (-0.191517,-0.186838) 0.211623 (2.60464,2.37971) (-0.180184,-0.160284) 0.127477 (-0.773537,-1.0227) (0.156775,0.16565) 0.145972
2.2 (-0.853059,-0.352059) (0.442171,0.777647) 0.212646 (2.79844,2.7831) 1.95261 1.05378 (-0.399637,-0.124731) (0.205917,0.170288) 0.12752 (1.86729,1.67618) (-0.187474,-0.190896) 0.211623 (2.58662,2.36369) (-0.180183,-0.160284) 0.127477 (-0.75786,-1.00614) (0.156773,0.165651) 0.145972
2.3 (-0.808948,-0.274565) (0.441119,0.774944) 0.212646 (2.79844,2.7831) 1.95261 1.05331 (-0.379454,-0.108753) (0.201828,0.159776) 0.12752 (1.84893,1.65672) (-0.183622,-0.194603) 0.211623 (2.5686,2.34766) (-0.180177,-0.160291) 0.127477 (-0.742183,-0.989572) (0.156772,0.165652) 0.145972
2.4 (-0.764946,-0.197354) (0.440015,0.772106) 0.212646 (2.79844,2.7831) 1.95261 1.05281 (-0.359673,-0.0938081) (0.197812,0.149453) 0.12752 (1.83094,1.63691) (-0.1799,-0.198049) 0.211623 (2.55058,2.33163) (-0.180187,-0.16028) 0.127477 (-0.726507,-0.973005) (0.156758,0.165665) 0.145972
2.5 (-0.721056,-0.120429) (0.438904,0.769249) 0.212646 (2.79844,2.7831) 1.95261 1.0523 (-0.340285,-0.0798732) (0.193882,0.139349) 0.12752 (1.81331,1.61678) (-0.17627,-0.201287) 0.211623 (2.53257,2.3156) (-0.180182,-0.160286) 0.127477 (-0.710829,-0.95644) (0.156775,0.165649) 0.145972
2.6 (-0.677286,-0.0438147) (0.437696,0.766145) 0.212646 (2.79844,2.7831) 1.95261 1.05175 (-0.32128,-0.0669248) (0.190045,0.129484) 0.12752 (1.79604,1.59635) (-0.172711,-0.204349) 0.211623 (2.51455,2.29957) (-0.180168,-0.160301) 0.127477 (-0.695154,-0.939874) (0.156758,0.165665) 0.145972
2.7 (-0.633639,0.032484) (0.436468,0.762987) 0.212646 (2.79844,2.7831) 1.95261 1.05118 (-0.30265,-0.0549384) (0.186303,0.119864) 0.12752 (1.77912,1.57562) (-0.169212,-0.207255) 0.211623 (2.49653,2.28354) (-0.180179,-0.160289) 0.127477 (-0.679476,-0.923309) (0.15678,0.165645) 0.145972
2.8 (-0.590122,0.10845) (0.435175,0.759663) 0.212646 (2.79844,2.7831) 1.95261 1.05058 (-0.284384,-0.0438894) (0.182656,0.11049) 0.12752 (1.76254,1.55462) (-0.165767,-0.210021) 0.211623 (2.47851,2.26751) (-0.180186,-0.160281) 0.127477 (-0.663798,-0.906744) (0.156774,0.16565) 0.145972
2.9 (-0.537824,0.186595) (0.522973,0.781447) 0.212646 (2.79844,2.7831) 1.95261 0.981017 (-0.266306,-0.0211156) (0.180781,0.227738) 0.12752 (1.7463,1.53335) (-0.162371,-0.212658) 0.211623 (2.46049,2.25148) (-0.180182,-0.160286) 0.127477 (-0.64812,-0.89018) (0.156782,0.165643) 0.145972
3 (-0.476742,0.264711) (0.610824,0.781157) 0.212646 (2.79844,2.7831) 1.95261 0.90716 (-0.245606,-0.000342416) (0.206999,0.207732) 0.12752 (1.72759,1.51423) (-0.187159,-0.191204) 0.211623 (2.44248,2.23545) (-0.180165,-0.160305) 0.127477 (-0.632442,-0.873616) (0.15678,0.165644) 0.145972
3.1 (-0.406206,0.336241) (0.705363,0.715305) 0.212646 (2.79844,2.7831) 1.95261 0.792397 (-0.224907,0.0204308) (0.206999,0.207732) 0.12752 (1.70887,1.49511) (-0.187159,-0.191204) 0.211623 (2.42446,2.21942) (-0.18018,-0.160288) 0.127477 (-0.616764,-0.857051) (0.156779,0.165645) 0.145972
3.2 (-0.331997,0.403346) (0.742091,0.671045) 0.212646 (2.79844,2.7831) 1.95261 0.735165 (-0.204207,0.0412039) (0.206999,0.207732) 0.12752 (1.69016,1.47599) (-0.187159,-0.191204) 0.211623 (2.40644,2.2034) (-0.180171,-0.160299) 0.127477 (-0.601087,-0.840486) (0.156776,0.165648) 0.145972
3.3 (-0.255892,0.468143) (0.761048,0.647976) 0.212646 (2.79844,2.7831) 1.95261 0.705321 (-0.183507,0.0619771) (0.206999,0.207732) 0.12752 (1.67144,1.45687) (-0.187159,-0.191204) 0.211623 (2.38842,2.18737) (-0.180177,-0.160291) 0.127477 (-0.585408,-0.823923) (0.156788,0.165637) 0.145972
3.4 (-0.178801,0.531743) (0.770909,0.635998) 0.212646 (2.79844,2.7831) 1.95261 0.689798 (-0.162807,0.0827503) (0.206999,0.207732) 0.12752 (1.65272,1.43775) (-0.187159,-0.191204) 0.211623 (2.37041,2.17134) (-0.180183,-0.160284) 0.127477 (-0.569731,-0.807357) (0.156772,0.165652) 0.145972
3.5 (-0.101202,0.594716) (0.775993,0.629728) 0.212646 (2.79844,2.7831) 1.95261 0.681721 (-0.142107,0.103523) (0.206999,0.207732) 0.12752 (1.63401,1.41863) (-0.187159,-0.191204) 0.211623 (2.35239,2.15531) (-0.180192,-0.160275) 0.127477 (-0.554053,-0.790792) (0.156773,0.165651) 0.145972
3.6 (-0.0233453,0.657356) (0.778564,0.626402) 0.212646 (2.79844,2.7831) 1.95261 0.677516 (-0.121407,0.124297) (0.206999,0.207732) 0.12752 (1.61529,1.39951) (-0.187159,-0.191204) 0.211623 (2.33437,2.13928) (-0.18019,-0.160276) 0.127477 (-0.538376,-0.774227) (0.156774,0.16565) 0.145972
3.7 (0.0546475,0.719824) (0.779928,0.624679) 0.212646 (2.79844,2.7831) 1.95261 0.675317 (-0.100707,0.14507) (0.206999,0.207732) 0.12752 (1.59658,1.38039) (-0.187159,-0.191204) 0.211623 (2.31635,2.12325) (-0.180179,-0.160289) 0.127477 (-0.522697,-0.757663) (0.156785,0.165639) 0.145972
3.8 (0.132717,0.782205) (0.780698,0.623811) 0.212646 (2.79844,2.7831) 1.95261 0.674157 (-0.0800075,0.165843) (0.206999,0.207732) 0.12752 (1.57786,1.36127) (-0.187159,-0.191204) 0.211623 (2.29833,2.10722) (-0.18018,-0.160289) 0.127477 (-0.50702,-0.741098) (0.156772,0.165652) 0.145972
3.9 (0.210815,0.844531) (0.780982,0.623259) 0.212646 (2.79844,2.7831) 1.95261 0.673548 (-0.0593076,0.186616) (0.206999,0.207732) 0.12752 (1.55914,1.34215) (-0.187159,-0.191204) 0.211623 (2.28031,2.0912) (-0.180176,-0.160293) 0.127477 (-0.491343,-0.724533) (0.156771,0.165653) 0.145972
4 (0.288943,0.90684) (0.781281,0.623087) 0.212646 (2.79844,2.7831) 1.95261 0.673226 (-0.0386078,0.207389) (0.206999,0.207732) 0.12752 (1.54043,1.32303) (-0.187159,-0.191204) 0.211623 (2.2623,2.07517) (-0.180183,-0.160285) 0.127477 (-0.475666,-0.707967) (0.156766,0.165657) 0.145972
4.1 (0.367077,0.969131) (0.781333,0.622917) 0.212646 (2.79844,2.7831) 1.95261 0.673061 (-0.0179079,0.228162) (0.206999,0.207732) 0.12752 (1.52171,1.30391) (-0.187159,-0.191204) 0.211623 (2.24428,2.05914) (-0.180189,-0.160277) 0.127477 (-0.459989,-0.691402) (0.156773,0.165651) 0.145972
4.2 (0.445202,1.03141) (0.781253,0.622747) 0.212646 (2.79844,2.7831) 1.95261 0.672978 (0.00279194,0.248936) (0.206999,0.207732) 0.12752 (1.50347,1.28454) (-0.182406,-0.193736) 0.211623 (2.22626,2.04311) (-0.180178,-0.160291) 0.127477 (-0.445281,-0.673971) (0.147085,0.17431) 0.145972
4.3 (0.523336,1.09368) (0.781335,0.622745) 0.212646 (2.79844,2.7831) 1.95261 0.672926 (0.0236795,0.26952) (0.208875,0.205845) 0.12752 (1.48592,1.26434) (-0.175553,-0.201913) 0.211623 (2.20824,2.02708) (-0.18017,-0.1603) 0.127477 (-0.431109,-0.656101) (0.141719,0.178701) 0.145972
4.4 (0.601469,1.15595) (0.781337,0.622702) 0.212646 (2.79844,2.7831) 1.95261 0.672891 (0.0445292,0.290143) (0.208498,0.206227) 0.12752 (1.46864,1.24392) (-0.172777,-0.204293) 0.211623 (2.19026,2.01101) (-0.179802,-0.160712) 0.127477 (-0.417213,-0.638015) (0.138955,0.180858) 0.145972
4.5 (0.679613,1.21819) (0.781435,0.622377) 0.212646 (2.79844,2.7831) 1.95261 0.672575 (0.0652235,0.310922) (0.206943,0.207787) 0.12752 (1.45161,1.22328) (-0.170284,-0.206376) 0.211623 (2.17243,1.99477) (-0.178303,-0.162374) 0.127477 (-0.40357,-0.619739) (0.136438,0.182764) 0.145972
4.6 (0.75784,1.28032) (0.782271,0.621291) 0.212646 (2.79844,2.7831) 1.95261 0.671203 (0.0858555,0.331762) (0.20632,0.208406) 0.12752 (1.43475,1.2025) (-0.168617,-0.20774) 0.211623 (2.15466,1.97847) (-0.177709,-0.163023) 0.127477 (-0.390096,-0.601336) (0.134737,0.184022) 0.145972
4.7 (0.836139,1.34235) (0.782993,0.620311) 0.212646 (2.79844,2.7831) 1.95261 0.669985 (0.106485,0.352605) (0.206292,0.208433) 0.12752 (1.41799,1.18165) (-0.167603,-0.208559) 0.211623 (2.13689,1.96216) (-0.177683,-0.163052) 0.127477 (-0.376727,-0.582858) (0.133693,0.184781) 0.145972
4.8 (0.914478,1.40432) (0.783392,0.619755) 0.212646 (2.79844,2.7831) 1.95261 0.669301 (0.127114,0.373449) (0.206292,0.208433) 0.12752 (1.40127,1.16076) (-0.167172,-0.208904) 0.211623 (2.11912,1.94586) (-0.177683,-0.163052) 0.127477 (-0.363402,-0.564348) (0.133246,0.185104) 0.145972
4.9 (0.992834,1.46626) (0.783554,0.619404) 0.212646 (2.79844,2.7831) 1.95261 0.668925 (0.147743,0.394292) (0.206292,0.208433) 0.12752 (1.38456,1.13987) (-0.16715,-0.208922) 0.211623 (2.10136,1.92955) (-0.177683,-0.163052) 0.127477 (-0.35008,-0.545836) (0.133224,0.18512) 0.145972
5 (1.07119,1.52818) (0.783554,0.619136) 0.212646 (2.79844,2.7831) 1.95261 0.668715 (0.168372,0.415135) (0.206292,0.208433) 0.12752 (1.36784,1.11897) (-0.16715,-0.208922) 0.211623 (2.08359,1.91325) (-0.177683,-0.163052) 0.127477 (-0.336757,-0.527324) (0.133224,0.18512) 0.145972
5.1 (1.14955,1.59008) (0.783604,0.619027) 0.212646 (2.79844,2.7831) 1.95261 0.668598 (0.189002,0.435979) (0.206292,0.208433) 0.12752 (1.35113,1.09808) (-0.16715,-0.208922) 0.211623 (2.06582,1.89694) (-0.177683,-0.163052) 0.127477 (-0.323435,-0.508812) (0.133224,0.18512) 0.145972
5.2 (1.22791,1.65197) (0.783566,0.618912) 0.212646 (2.79844,2.7831) 1.95261 0.668531 (0.209631,0.456822) (0.206292,0.208433) 0.12752 (1.33441,1.07719) (-0.16715,-0.208922) 0.211623 (2.04805,1.88064) (-0.177683,-0.163052) 0.127477 (-0.310112,-0.4903) (0.133224,0.18512) 0.145972
5.3 (1.30625,1.71385) (0.783465,0.61878) 0.212646 (2.79844,2.7831) 1.95261 0.66849 (0.23026,0.477665) (0.206292,0.208433) 0.12752 (1.3177,1.0563) (-0.16715,-0.208922) 0.211623 (2.03028,1.86433) (-0.177683,-0.163052) 0.127477 (-0.29679,-0.471788) (0.133224,0.18512) 0.145972
5.4 (1.38459,1.77572) (0.783357,0.618663) 0.212646 (2.79844,2.7831) 1.95261 0.668465 (0.250889,0.498509) (0.206292,0.208433) 0.12752 (1.30098,1.0354) (-0.16715,-0.208922) 0.211623 (2.01251,1.84803) (-0.177683,-0.163052) 0.127477 (-0.283468,-0.453276) (0.133224,0.18512) 0.145972
5.5 (1.46292,1.83758) (0.783312,0.618609) 0.212646 (2.79844,2.7831) 1.95261 0.66845 (0.271519,0.519352) (0.206292,0.208433) 0.12752 (1.28427,1.01451) (-0.16715,-0.208922) 0.211623 (1.99475,1.83172) (-0.177683,-0.163052) 0.127477 (-0.270145,-0.434764) (0.133224,0.18512) 0.145972
5.6 (1.54123,1.89942) (0.783114,0.618436) 0.212646 (2.79844,2.7831) 1.95261 0.668437 (0.292148,0.540195) (0.206292,0.208433) 0.12752 (1.26755,0.99362) (-0.16715,-0.208922) 0.211623 (1.97698,1.81542) (-0.177683,-0.163052) 0.127477 (-0.256823,-0.416252) (0.133224,0.18512) 0.145972
5.7 (1.61952,1.96125) (0.782918,0.618268) 0.212646 (2.79844,2.7831) 1.95261 0.668427 (0.312777,0.561038) (0.206292,0.208433) 0.12752 (1.25084,0.972728) (-0.16715,-0.208922) 0.211623 (1.95921,1.79911) (-0.177683,-0.163052) 0.127477 (-0.243501,-0.39774) (0.133224,0.18512) 0.145972
5.8 (1.69779,2.02306) (0.782713,0.618094) 0.212646 (2.79844,2.7831) 1.95261 0.668417 (0.333406,0.581882) (0.206292,0.208433) 0.12752 (1.23412,0.951836) (-0.16715,-0.208922) 0.211623 (1.94144,1.78281) (-0.177683,-0.163052) 0.127477 (-0.230178,-0.379228) (0.133224,0.18512) 0.145972
5.9 (1.77604,2.08485) (0.782472,0.617883) 0.212646 (2.79844,2.7831) 1.95261 0.668401 (0.354036,0.602725) (0.206292,0.208433) 0.12752 (1.21741,0.930944) (-0.16715,-0.208922) 0.211623 (1.92367,1.7665) (-0.177683,-0.163052) 0.127477 (-0.216856,-0.360716) (0.133224,0.18512) 0.145972
6 (1.85862,2.14125) (0.825755,0.564065) 0.212646 (2.79844,2.7831) 1.95261 0.599287 (0.374665,0.623568) (0.206292,0.208433) 0.12752 (1.20069,0.910052) (-0.16715,-0.208922) 0.211623 (1.9059,1.7502) (-0.177683,-0.163052) 0.127477 (-0.203534,-0.342203) (0.133224,0.18512) 0.145972
6.1 (1.9412,2.19764) (0.825849,0.563891) 0.212646 (2.79844,2.7831) 1.95261 0.59909 (0.395294,0.644412) (0.206292,0.208433) 0.12752 (1.18398,0.88916) (-0.16715,-0.208922) 0.211623 (1.88814,1.73389) (-0.177683,-0.163052) 0.127477 (-0.190211,-0.323691) (0.133224,0.18512) 0.145972
6.2 (2.02378,2.25404) (0.825826,0.564004) 0.212646 (2.79844,2.7831) 1.95261 0.599196 (0.415923,0.665255) (0.206292,0.208433) 0.12752 (1.16726,0.868267) (-0.16715,-0.208922) 0.211623 (1.87037,1.71759) (-0.177683,-0.163052) 0.127477 (-0.176889,-0.305179) (0.133224,0.18512) 0.145972
6.3 (2.10125,2.30695) (0.774619,0.529043) 0.212646 (2.79844,2.7831) 1.95261 0.599206 (0.436552,0.686098) (0.206292,0.208433) 0.12752 (1.15055,0.847375) (-0.16715,-0.208922) 0.211623 (1.8526,1.70128) (-0.177683,-0.163052) 0.127477 (-0.163567,-0.286667) (0.133224,0.18512) 0.145972
6.4 (2.17096,2.35456) (0.697174,0.476162) 0.212646 (2.79844,2.7831) 1.95261 0.599218 (0.457182,0.706942) (0.206292,0.208433) 0.12752 (1.13383,0.826483) (-0.16715,-0.208922) 0.211623 (1.83483,1.68498) (-0.177683,-0.163052) 0.127477 (-0.150244,-0.268155) (0.133224,0.18512) 0.145972
6.5 (2.23371,2.39741) (0.627461,0.428526) 0.212646 (2.79844,2.7831) 1.95261 0.599192 (0.477811,0.727785) (0.206292,0.208433) 0.12752 (1.11712,0.805591) (-0.16715,-0.208922) 0.211623 (1.81706,1.66867) (-0.177683,-0.163052) 0.127477 (-0.136922,-0.249643) (0.133224,0.18512) 0.145972
6.6 (2.29019,2.43599) (0.564777,0.385756) 0.212646 (2.79844,2.7831) 1.95261 0.599242 (0.49844,0.748628) (0.206292,0.208433) 0.12752 (1.1004,0.784699) (-0.16715,-0.208922) 0.211623 (1.79929,1.65236) (-0.177683,-0.163052) 0.127477 (-0.1236,-0.231131) (0.133224,0.18512) 0.145972
6.7 (2.341,2.4707) (0.508166,0.347109) 0.212646 (2.79844,2.7831) 1.95261 0.599268 (0.519069,0.769472) (0.206292,0.208433) 0.12752 (1.08369,0.763807) (-0.16715,-0.208922) 0.211623 (1.78153,1.63606) (-0.177683,-0.163052) 0.127477 (-0.110277,-0.212619) (0.133224,0.18512) 0.145972
6.8 (2.38675,2.50195) (0.457499,0.312454) 0.212646 (2.79844,2.7831) 1.95261 0.599199 (0.539699,0.790315) (0.206292,0.208433) 0.12752 (1.06697,0.742915) (-0.16715,-0.208922) 0.211623 (1.76376,1.61975) (-0.177683,-0.163052) 0.127477 (-0.0969548,-0.194107) (0.133224,0.18512) 0.145972
