[]
timestamp position0 velocity0 radius0 goal pref_speed theta position1 velocity1 radius1 position2 velocity2 radius2 position3 velocity3 radius3 position4 velocity4 radius4 position5 velocity5 radius5 position6 velocity6 radius6
0 (-1.85659,-1.68142) (0,0) 0.184081 (2.79844,2.7831) 1.97137 0 (-0.613249,-0.631954) (0,0) 0.165006 (2.74468,2.49996) (0,0) 0.179696 (3.43727,3.16186) (0,0) 0.120077 (-1.26422,-1.16406) (0,0) 0.210007
0.1 (-1.8567,-1.67533) (-0.00109963,0.0609104) 0.184081 (2.79844,2.7831) 1.97137 1.58885 (-0.603965,-0.622661) (0.0928373,0.0929341) 0.165006 (2.72322,2.4807) (-0.214624,-0.192559) 0.179696 (3.43039,3.15952) (-0.0687711,-0.0233125) 0.120077 (-1.26622,-1.15426) (-0.0199272,0.097974) 0.210007
0.2 (-1.83536,-1.67857) (0.213386,-0.0324492) 0.184081 (2.79844,2.7831) 1.97137 -0.150912 (-0.594681,-0.613368) (0.0928415,0.09293) 0.165006 (2.70175,2.46144) (-0.214614,-0.192571) 0.179696 (3.4181,3.14847) (-0.12295,-0.110578) 0.120077 (-1.26456,-1.12837) (0.0165387,0.25894) 0.210007
0.3 (-1.78845,-1.67586) (0.469126,0.0270869) 0.184081 (2.79844,2.7831) 1.97137 0.0576751 (-0.585397,-0.604075) (0.09284,0.0929314) 0.165006 (2.68029,2.44219) (-0.214619,-0.192565) 0.179696 (3.4058,3.13741) (-0.122946,-0.110583) 0.120077 (-1.25581,-1.10394) (0.0875667,0.244245) 0.210007
0.4 (-1.72089,-1.65034) (0.675605,0.255267) 0.184081 (2.79844,2.7831) 1.97137 0.361253 (-0.576112,-0.594782) (0.0928442,0.0929273) 0.165006 (2.65883,2.42293) (-0.214631,-0.192552) 0.179696 (3.39351,3.12635) (-0.122951,-0.110577) 0.120077 (-1.24368,-1.08101) (0.121263,0.229388) 0.210007
0.5 (-1.63906,-1.61247) (0.818306,0.378689) 0.184081 (2.79844,2.7831) 1.97137 0.433424 (-0.566828,-0.585489) (0.0928399,0.0929315) 0.165006 (2.63737,2.40368) (-0.214632,-0.192551) 0.179696 (3.38121,3.11529) (-0.122944,-0.110585) 0.120077 (-1.22992,-1.05901) (0.13759,0.219982) 0.210007
0.6 (-1.55816,-1.5714) (0.808972,0.410717) 0.184081 (2.79844,2.7831) 1.97137 0.469791 (-0.557544,-0.576196) (0.0928389,0.0929325) 0.165006 (2.6159,2.38442) (-0.214626,-0.192558) 0.179696 (3.36892,3.10423) (-0.122939,-0.11059) 0.120077 (-1.21536,-1.03753) (0.145597,0.214767) 0.210007
0.7 (-1.47777,-1.52894) (0.803924,0.424545) 0.184081 (2.79844,2.7831) 1.97137 0.485867 (-0.54826,-0.566902) (0.0928395,0.092932) 0.165006 (2.59444,2.36517) (-0.214641,-0.192541) 0.179696 (3.35663,3.09318) (-0.122948,-0.110581) 0.120077 (-1.20041,-1.01632) (0.149484,0.21208) 0.210007
0.8 (-1.39769,-1.48593) (0.800708,0.430135) 0.184081 (2.79844,2.7831) 1.97137 0.492958 (-0.538977,-0.557609) (0.0928376,0.0929338) 0.165006 (2.57298,2.34591) (-0.21463,-0.192553) 0.179696 (3.34433,3.08212) (-0.122947,-0.110582) 0.120077 (-1.18528,-0.995245) (0.151319,0.210774) 0.210007
0.9 (-1.31785,-1.44271) (0.798433,0.432181) 0.184081 (2.79844,2.7831) 1.97137 0.496128 (-0.529693,-0.548316) (0.0928384,0.0929331) 0.165006 (2.55151,2.32665) (-0.214619,-0.192566) 0.179696 (3.33203,3.07106) (-0.122957,-0.11057) 0.120077 (-1.17007,-0.974228) (0.152148,0.210177) 0.210007
1 (-1.23822,-1.39945) (0.796281,0.432635) 0.184081 (2.79844,2.7831) 1.97137 0.4977 (-0.520409,-0.539022) (0.0928392,0.0929322) 0.165006 (2.53005,2.3074) (-0.214626,-0.192557) 0.179696 (3.31974,3.06) (-0.122951,-0.110577) 0.120077 (-1.15482,-0.953236) (0.152507,0.209917) 0.210007
1.1 (-1.15879,-1.3562) (0.794305,0.432481) 0.184081 (2.79844,2.7831) 1.97137 0.498593 (-0.511125,-0.529729) (0.0928383,0.0929332) 0.165006 (2.50859,2.28814) (-0.214625,-0.192558) 0.179696 (3.30745,3.04894) (-0.122945,-0.110583) 0.120077 (-1.13955,-0.932256) (0.152665,0.209802) 0.210007
1.2 (-1.07957,-1.313) (0.792212,0.432012) 0.184081 (2.79844,2.7831) 1.97137 0.499246 (-0.50184,-0.520437) (0.0928456,0.0929259) 0.165006 (2.48713,2.26888) (-0.214613,-0.192572) 0.179696 (3.29515,3.03789) (-0.122951,-0.110578) 0.120077 (-1.12427,-0.911282) (0.152744,0.209744) 0.210007
1.3 (-1.00055,-1.26985) (0.790167,0.431453) 0.184081 (2.79844,2.7831) 1.97137 0.499788 (-0.492557,-0.511143) (0.0928336,0.0929379) 0.165006 (2.46567,2.24963) (-0.214627,-0.192556) 0.179696 (3.28286,3.02683) (-0.122948,-0.11058) 0.120077 (-1.109,-0.89031) (0.152789,0.209711) 0.210007
1.4 (-0.921751,-1.22676) (0.788044,0.430922) 0.184081 (2.79844,2.7831) 1.97137 0.500403 (-0.483273,-0.50185) (0.0928415,0.09293) 0.165006 (2.4442,2.23037) (-0.214619,-0.192566) 0.179696 (3.27056,3.01577) (-0.122948,-0.110581) 0.120077 (-1.09372,-0.86934) (0.152805,0.2097) 0.210007
1.5 (-0.839429,-1.17426) (0.823218,0.524982) 0.184081 (2.79844,2.7831) 1.97137 0.567694 (-0.473988,-0.492557) (0.0928482,0.0929233) 0.165006 (2.42274,2.21112) (-0.21464,-0.192542) 0.179696 (3.25827,3.00471) (-0.122946,-0.110583) 0.120077 (-1.07843,-0.848371) (0.152818,0.20969) 0.210007
1.6 (-0.758872,-1.11905) (0.805569,0.552094) 0.184081 (2.79844,2.7831) 1.97137 0.600824 (-0.464704,-0.483264) (0.0928407,0.0929307) 0.165006 (2.40128,2.19186) (-0.214617,-0.192568) 0.179696 (3.24597,2.99365) (-0.122948,-0.11058) 0.120077 (-1.06315,-0.827403) (0.152828,0.209683) 0.210007
1.7 (-0.679359,-1.06232) (0.795132,0.567286) 0.184081 (2.79844,2.7831) 1.97137 0.619696 (-0.45542,-0.473971) (0.0928419,0.0929296) 0.165006 (2.37981,2.17261) (-0.214634,-0.192548) 0.179696 (3.23368,2.98259) (-0.122938,-0.110591) 0.120077 (-1.04787,-0.806435) (0.152829,0.209682) 0.210007
1.8 (-0.60047,-1.00473) (0.788884,0.57598) 0.184081 (2.79844,2.7831) 1.97137 0.630657 (-0.446135,-0.464679) (0.0928485,0.092923) 0.165006 (2.35835,2.15335) (-0.214624,-0.19256) 0.179696 (3.22138,2.97154) (-0.122948,-0.110581) 0.120077 (-1.03258,-0.785467) (0.15283,0.209681) 0.210007
1.9 (-0.521981,-0.94663) (0.784889,0.580967) 0.184081 (2.79844,2.7831) 1.97137 0.637192 (-0.436851,-0.455386) (0.0928446,0.0929269) 0.165006 (2.33689,2.13409) (-0.214624,-0.19256) 0.179696 (3.20909,2.96048) (-0.12295,-0.110578) 0.120077 (-1.0173,-0.764499) (0.152835,0.209678) 0.210007
2 (-0.443767,-0.888244) (0.782147,0.583863) 0.184081 (2.79844,2.7831) 1.97137 0.641249 (-0.427566,-0.446094) (0.0928445,0.0929269) 0.165006 (2.31543,2.11484) (-0.21461,-0.192575) 0.179696 (3.19679,2.94942) (-0.122948,-0.11058) 0.120077 (-1.00202,-0.743531) (0.152834,0.209678) 0.210007
2.1 (-0.365742,-0.829675) (0.780247,0.585688) 0.184081 (2.79844,2.7831) 1.97137 0.643914 (-0.418282,-0.436801) (0.0928457,0.0929258) 0.165006 (2.29397,2.09558) (-0.214611,-0.192575) 0.179696 (3.1845,2.93836) (-0.122943,-0.110586) 0.120077 (-0.986735,-0.722563) (0.152835,0.209678) 0.210007
2.2 (-0.287881,-0.770993) (0.778611,0.586825) 0.184081 (2.79844,2.7831) 1.97137 0.645853 (-0.408997,-0.427509) (0.0928459,0.0929255) 0.165006 (2.2725,2.07632) (-0.214635,-0.192548) 0.179696 (3.1722,2.9273) (-0.122945,-0.110584) 0.120077 (-0.971451,-0.701595) (0.152835,0.209678) 0.210007
2.3 (-0.210169,-0.712208) (0.777119,0.58785) 0.184081 (2.79844,2.7831) 1.97137 0.647615 (-0.399712,-0.418216) (0.0928455,0.092926) 0.165006 (2.25104,2.05707) (-0.214627,-0.192557) 0.179696 (3.15991,2.91625) (-0.122954,-0.110574) 0.120077 (-0.956167,-0.680628) (0.152836,0.209677) 0.210007
2.4 (-0.132655,-0.653033) (0.775136,0.591745) 0.184081 (2.79844,2.7831) 1.97137 0.652026 (-0.390428,-0.408923) (0.0928455,0.092926) 0.165006 (2.22958,2.03781) (-0.214624,-0.19256) 0.179696 (3.14761,2.90519) (-0.122949,-0.110579) 0.120077 (-0.940884,-0.65966) (0.152836,0.209677) 0.210007
2.5 (-0.0568579,-0.588698) (0.757974,0.643356) 0.184081 (2.79844,2.7831) 1.97137 0.703788 (-0.381143,-0.399631) (0.0928455,0.092926) 0.165006 (2.20812,2.01856) (-0.214637,-0.192545) 0.179696 (3.13532,2.89413) (-0.122945,-0.110584) 0.120077 (-0.9256,-0.638692) (0.152836,0.209677) 0.210007
2.6 (0.0171792,-0.522492) (0.740371,0.662055) 0.184081 (2.79844,2.7831) 1.97137 0.729613 (-0.371859,-0.390338) (0.0928455,0.0929259) 0.165006 (2.18665,1.9993) (-0.214613,-0.192573) 0.179696 (3.12302,2.88307) (-0.122946,-0.110583) 0.120077 (-0.910317,-0.617724) (0.152836,0.209677) 0.210007
2.7 (0.0902882,-0.455331) (0.73109,0.671611) 0.184081 (2.79844,2.7831) 1.97137 0.74302 (-0.362574,-0.381046) (0.0928455,0.0929259) 0.165006 (2.16519,1.98004) (-0.214609,-0.192576) 0.179696 (3.11073,2.87201) (-0.122946,-0.110582) 0.120077 (-0.895033,-0.596757) (0.152836,0.209677) 0.210007
2.8 (0.1629,-0.387687) (0.726113,0.676439) 0.184081 (2.79844,2.7831) 1.97137 0.749996 (-0.35329,-0.371753) (0.0928455,0.0929259) 0.165006 (2.14373,1.96079) (-0.214627,-0.192557) 0.179696 (3.09844,2.86096) (-0.122948,-0.11058) 0.120077 (-0.879749,-0.575789) (0.152836,0.209677) 0.210007
2.9 (0.235242,-0.319798) (0.723429,0.678887) 0.184081 (2.79844,2.7831) 1.97137 0.753646 (-0.344005,-0.36246) (0.0928455,0.0929259) 0.165006 (2.12227,1.94153) (-0.21463,-0.192553) 0.179696 (3.08614,2.8499) (-0.122947,-0.110582) 0.120077 (-0.864466,-0.554821) (0.152836,0.209678) 0.210007
3 (0.30743,-0.251796) (0.721875,0.680026) 0.184081 (2.79844,2.7831) 1.97137 0.755555 (-0.33472,-0.353168) (0.0928455,0.0929259) 0.165006 (2.10081,1.92228) (-0.214623,-0.192561) 0.179696 (3.07385,2.83884) (-0.122948,-0.11058) 0.120077 (-0.849182,-0.533854) (0.152836,0.209678) 0.210007
3.1 (0.37952,-0.183749) (0.720902,0.680463) 0.184081 (2.79844,2.7831) 1.97137 0.75655 (-0.325436,-0.343875) (0.0928455,0.0929259) 0.165006 (2.07934,1.90302) (-0.214631,-0.192553) 0.179696 (3.06155,2.82778) (-0.12295,-0.110578) 0.120077 (-0.833899,-0.512886) (0.152836,0.209677) 0.210007
3.2 (0.451545,-0.115693) (0.720246,0.680565) 0.184081 (2.79844,2.7831) 1.97137 0.757078 (-0.316151,-0.334583) (0.0928455,0.0929259) 0.165006 (2.05788,1.88377) (-0.214639,-0.192543) 0.179696 (3.04926,2.81672) (-0.122946,-0.110583) 0.120077 (-0.818615,-0.491918) (0.152836,0.209678) 0.210007
3.3 (0.523511,-0.0476532) (0.719658,0.680398) 0.184081 (2.79844,2.7831) 1.97137 0.757364 (-0.306867,-0.32529) (0.0928455,0.0929259) 0.165006 (2.03642,1.86451) (-0.21462,-0.192565) 0.179696 (3.03696,2.80566) (-0.122949,-0.11058) 0.120077 (-0.803332,-0.47095) (0.152836,0.209677) 0.210007
3.4 (0.595437,0.020368) (0.719264,0.680212) 0.184081 (2.79844,2.7831) 1.97137 0.7575 (-0.297582,-0.315997) (0.0928455,0.0929259) 0.165006 (2.01495,1.84525) (-0.214618,-0.192566) 0.179696 (3.02467,2.79461) (-0.122948,-0.110581) 0.120077 (-0.788048,-0.449983) (0.152836,0.209678) 0.210007
3.5 (0.667316,0.0883547) (0.718795,0.679867) 0.184081 (2.79844,2.7831) 1.97137 0.757573 (-0.288298,-0.306705) (0.0928455,0.0929259) 0.165006 (1.99349,1.826) (-0.214627,-0.192556) 0.179696 (3.01237,2.78355) (-0.122953,-0.110575) 0.120077 (-0.772764,-0.429015) (0.152836,0.209677) 0.210007
3.6 (0.739148,0.156302) (0.718314,0.679478) 0.184081 (2.79844,2.7831) 1.97137 0.757621 (-0.279013,-0.297412) (0.0928455,0.0929259) 0.165006 (1.97203,1.80674) (-0.214642,-0.19254) 0.179696 (3.00008,2.77249) (-0.122951,-0.110577) 0.120077 (-0.757481,-0.408047) (0.152836,0.209677) 0.210007
3.7 (0.810932,0.224211) (0.717841,0.679083) 0.184081 (2.79844,2.7831) 1.97137 0.75766 (-0.269729,-0.288119) (0.0928455,0.0929259) 0.165006 (1.95056,1.78749) (-0.214628,-0.192555) 0.179696 (2.98778,2.76143) (-0.122955,-0.110572) 0.120077 (-0.742197,-0.387079) (0.152836,0.209678) 0.210007
3.8 (0.882664,0.292071) (0.717319,0.678606) 0.184081 (2.79844,2.7831) 1.97137 0.757672 (-0.260444,-0.278827) (0.0928455,0.0929259) 0.165006 (1.9291,1.76823) (-0.214623,-0.192561) 0.179696 (2.97549,2.75038) (-0.122948,-0.110581) 0.120077 (-0.726914,-0.366112) (0.152836,0.209677) 0.210007
3.9 (0.954338,0.359878) (0.716739,0.678063) 0.184081 (2.79844,2.7831) 1.97137 0.757677 (-0.251159,-0.269534) (0.0928455,0.0929259) 0.165006 (1.90764,1.74898) (-0.214623,-0.192561) 0.179696 (2.96319,2.73932) (-0.122954,-0.110574) 0.120077 (-0.71163,-0.345144) (0.152836,0.209678) 0.210007
4 (1.02595,0.427628) (0.716139,0.677503) 0.184081 (2.79844,2.7831) 1.97137 0.757682 (-0.241875,-0.260242) (0.0928455,0.0929259) 0.165006 (1.88618,1.72972) (-0.214627,-0.192557) 0.179696 (2.9509,2.72826) (-0.122952,-0.110576) 0.120077 (-0.696347,-0.324176) (0.152836,0.209677) 0.210007
4.1 (1.0975,0.495315) (0.71546,0.676872) 0.184081 (2.79844,2.7831) 1.97137 0.75769 (-0.23259,-0.250949) (0.0928455,0.0929259) 0.165006 (1.86471,1.71047) (-0.214627,-0.192557) 0.179696 (2.9386,2.7172) (-0.122953,-0.110575) 0.120077 (-0.681063,-0.303208) (0.152836,0.209678) 0.210007
4.2 (1.16896,0.562928) (0.714666,0.676132) 0.184081 (2.79844,2.7831) 1.97137 0.757699 (-0.223306,-0.241656) (0.0928455,0.0929259) 0.165006 (1.84325,1.69121) (-0.214636,-0.192546) 0.179696 (2.92631,2.70615) (-0.122949,-0.110579) 0.120077 (-0.66578,-0.282241) (0.152836,0.209677) 0.210007
4.3 (1.24036,0.630476) (0.713949,0.675473) 0.184081 (2.79844,2.7831) 1.97137 0.757713 (-0.214021,-0.232364) (0.0928455,0.0929259) 0.165006 (1.82179,1.67196) (-0.21463,-0.192553) 0.179696 (2.91401,2.69509) (-0.122946,-0.110582) 0.120077 (-0.650496,-0.261273) (0.152836,0.209677) 0.210007
4.4 (1.31166,0.697932) (0.712976,0.674564) 0.184081 (2.79844,2.7831) 1.97137 0.757721 (-0.204737,-0.223071) (0.0928455,0.0929259) 0.165006 (1.80032,1.6527) (-0.21463,-0.192553) 0.179696 (2.90172,2.68403) (-0.122941,-0.110588) 0.120077 (-0.635212,-0.240305) (0.152836,0.209678) 0.210007
4.5 (1.38285,0.765294) (0.711969,0.673623) 0.184081 (2.79844,2.7831) 1.97137 0.75773 (-0.195452,-0.213779) (0.0928455,0.0929259) 0.165006 (1.77886,1.63345) (-0.214636,-0.192547) 0.179696 (2.88942,2.67297) (-0.122952,-0.110576) 0.120077 (-0.619929,-0.219337) (0.152836,0.209678) 0.210007
4.6 (1.45394,0.83255) (0.710822,0.672557) 0.184081 (2.79844,2.7831) 1.97137 0.757744 (-0.186168,-0.204486) (0.0928456,0.0929259) 0.165006 (1.7574,1.61419) (-0.214633,-0.19255) 0.179696 (2.87713,2.66191) (-0.122956,-0.110572) 0.120077 (-0.604645,-0.19837) (0.152836,0.209678) 0.210007
4.7 (1.5249,0.899694) (0.70963,0.671442) 0.184081 (2.79844,2.7831) 1.97137 0.757755 (-0.176883,-0.195194) (0.0928455,0.0929259) 0.165006 (1.73593,1.59494) (-0.214636,-0.192546) 0.179696 (2.86483,2.65086) (-0.122947,-0.110582) 0.120077 (-0.589362,-0.177402) (0.152836,0.209677) 0.210007
4.8 (1.59571,0.966698) (0.708119,0.670035) 0.184081 (2.79844,2.7831) 1.97137 0.757771 (-0.167598,-0.185901) (0.0928455,0.0929259) 0.165006 (1.71447,1.57568) (-0.214634,-0.192548) 0.179696 (2.85254,2.6398) (-0.122951,-0.110577) 0.120077 (-0.574078,-0.156434) (0.152836,0.209677) 0.210007
4.9 (1.66636,1.03355) (0.70654,0.668559) 0.184081 (2.79844,2.7831) 1.97137 0.757784 (-0.158314,-0.176608) (0.0928455,0.0929259) 0.165006 (1.69301,1.55643) (-0.214634,-0.192549) 0.179696 (2.84024,2.62874) (-0.122948,-0.110581) 0.120077 (-0.558795,-0.135466) (0.152836,0.209677) 0.210007
5 (1.73683,1.10023) (0.704656,0.666798) 0.184081 (2.79844,2.7831) 1.97137 0.757801 (-0.149029,-0.167316) (0.0928455,0.0929259) 0.165006 (1.67154,1.53717) (-0.214634,-0.192549) 0.179696 (2.82795,2.61768) (-0.122941,-0.110589) 0.120077 (-0.543511,-0.114499) (0.152836,0.209678) 0.210007
5.1 (1.80709,1.16672) (0.702581,0.664858) 0.184081 (2.79844,2.7831) 1.97137 0.757819 (-0.139745,-0.158023) (0.0928455,0.0929259) 0.165006 (1.65008,1.51792) (-0.214634,-0.192549) 0.179696 (2.81565,2.60662) (-0.122951,-0.110577) 0.120077 (-0.528228,-0.0935308) (0.152836,0.209678) 0.210007
5.2 (1.87711,1.23299) (0.700234,0.662664) 0.184081 (2.79844,2.7831) 1.97137 0.757839 (-0.13046,-0.148731) (0.0928465,0.0929249) 0.165006 (1.62862,1.49866) (-0.214634,-0.192548) 0.179696 (2.80336,2.59556) (-0.122943,-0.110586) 0.120077 (-0.512944,-0.072563) (0.152836,0.209678) 0.210007
5.3 (1.94621,1.30104) (0.690999,0.680574) 0.184081 (2.79844,2.7831) 1.97137 0.777797 (-0.121331,-0.139741) (0.0912903,0.0898978) 0.165006 (1.60642,1.48061) (-0.221982,-0.180551) 0.179696 (2.79106,2.58451) (-0.122948,-0.110581) 0.120077 (-0.49766,-0.0515953) (0.152836,0.209677) 0.210007
5.4 (2.01435,1.36959) (0.681333,0.685477) 0.184081 (2.79844,2.7831) 1.97137 0.78843 (-0.110699,-0.132027) (0.106325,0.077139) 0.165006 (1.58384,1.46315) (-0.225831,-0.174526) 0.179696 (2.77877,2.57345) (-0.122947,-0.110582) 0.120077 (-0.482377,-0.0306276) (0.152836,0.209677) 0.210007
5.5 (2.08182,1.43826) (0.674702,0.686706) 0.184081 (2.79844,2.7831) 1.97137 0.794215 (-0.100018,-0.12438) (0.106806,0.0764722) 0.165006 (1.56085,1.4458) (-0.229875,-0.173502) 0.179696 (2.76647,2.56239) (-0.122943,-0.110586) 0.120077 (-0.466803,-0.00987479) (0.155741,0.207528) 0.210007
5.6 (2.14875,1.50682) (0.669317,0.685573) 0.184081 (2.79844,2.7831) 1.97137 0.797396 (-0.0891795,-0.116958) (0.108385,0.074218) 0.165006 (1.53812,1.42871) (-0.227298,-0.170955) 0.179696 (2.75418,2.55133) (-0.122949,-0.110579) 0.120077 (-0.451228,0.010878) (0.155741,0.207528) 0.210007
5.7 (2.21517,1.5751) (0.664265,0.682835) 0.184081 (2.79844,2.7831) 1.97137 0.799183 (-0.078213,-0.109727) (0.109665,0.0723121) 0.165006 (1.51564,1.41187) (-0.22475,-0.168437) 0.179696 (2.74188,2.54027) (-0.12294,-0.110589) 0.120077 (-0.435654,0.0316309) (0.155741,0.207528) 0.210007
5.8 (2.28108,1.64299) (0.659068,0.67888) 0.184081 (2.79844,2.7831) 1.97137 0.800204 (-0.0671463,-0.10265) (0.110667,0.0707695) 0.165006 (1.49341,1.39526) (-0.222338,-0.166055) 0.179696 (2.72959,2.52921) (-0.122946,-0.110582) 0.120077 (-0.42008,0.0523837) (0.155741,0.207528) 0.210007
5.9 (2.34639,1.71034) (0.653042,0.673518) 0.184081 (2.79844,2.7831) 1.97137 0.800832 (-0.0560027,-0.0956946) (0.111436,0.0695522) 0.165006 (1.4714,1.37888) (-0.22009,-0.163833) 0.179696 (2.7173,2.51816) (-0.122951,-0.110577) 0.120077 (-0.404506,0.0731365) (0.155741,0.207528) 0.210007
6 (2.41098,1.77702) (0.645986,0.6668) 0.184081 (2.79844,2.7831) 1.97137 0.801252 (-0.0448025,-0.0888309) (0.112002,0.0686376) 0.165006 (1.4496,1.36269) (-0.218046,-0.161814) 0.179696 (2.705,2.5071) (-0.122948,-0.110581) 0.120077 (-0.388932,0.0938893) (0.155741,0.207528) 0.210007
6.1 (2.47473,1.84286) (0.637424,0.658378) 0.184081 (2.79844,2.7831) 1.97137 0.801567 (-0.0335643,-0.0820295) (0.112382,0.0680139) 0.165006 (1.42797,1.34669) (-0.216289,-0.160077) 0.179696 (2.69271,2.49604) (-0.122951,-0.110577) 0.120077 (-0.373358,0.114642) (0.155741,0.207528) 0.210007
6.2 (2.53705,1.90728) (0.623239,0.64417) 0.184081 (2.79844,2.7831) 1.97137 0.801912 (-0.0223061,-0.0752614) (0.112582,0.0676809) 0.165006 (1.40647,1.33081) (-0.215002,-0.158806) 0.179696 (2.68041,2.48498) (-0.122938,-0.110592) 0.120077 (-0.357783,0.135395) (0.155741,0.207528) 0.210007
6.3 (2.59307,1.96532) (0.560195,0.58046) 0.184081 (2.79844,2.7831) 1.97137 0.803162 (-0.0110443,-0.0684992) (0.112618,0.0676219) 0.165006 (1.38499,1.31495) (-0.214722,-0.158528) 0.179696 (2.66812,2.47392) (-0.122951,-0.110577) 0.120077 (-0.342209,0.156148) (0.155741,0.207528) 0.210007
6.4 (2.64341,2.01763) (0.503434,0.523094) 0.184081 (2.79844,2.7831) 1.97137 0.804547 (0.00021748,-0.061737) (0.112618,0.067622) 0.165006 (1.36352,1.2991) (-0.214722,-0.158528) 0.179696 (2.65582,2.46287) (-0.122954,-0.110574) 0.120077 (-0.326635,0.176901) (0.155741,0.207528) 0.210007
6.5 (2.68866,2.06478) (0.452422,0.471525) 0.184081 (2.79844,2.7831) 1.97137 0.80607 (0.0114793,-0.0549748) (0.112618,0.067622) 0.165006 (1.34205,1.28325) (-0.214722,-0.158528) 0.179696 (2.64353,2.45181) (-0.122948,-0.11058) 0.120077 (-0.311061,0.197653) (0.155741,0.207528) 0.210007
6.6 (2.7293,2.10729) (0.406437,0.425017) 0.184081 (2.79844,2.7831) 1.97137 0.807742 (0.0227411,-0.0482126) (0.112618,0.0676219) 0.165006 (1.32058,1.2674) (-0.214721,-0.158528) 0.179696 (2.63123,2.44075) (-0.122943,-0.110586) 0.120077 (-0.295487,0.218406) (0.155741,0.207528) 0.210007
6.7 (2.76582,2.14562) (0.365218,0.383321) 0.184081 (2.79844,2.7831) 1.97137 0.809577 (0.0340028,-0.0414504) (0.112618,0.067622) 0.165006 (1.29911,1.25154) (-0.214722,-0.158529) 0.179696 (2.61894,2.42969) (-0.12294,-0.11059) 0.120077 (-0.279913,0.239159) (0.155741,0.207528) 0.210007
6.8 (2.79862,2.18018) (0.327952,0.345616) 0.184081 (2.79844,2.7831) 1.97137 0.811616 (0.0452646,-0.0346882) (0.112618,0.067622) 0.165006 (1.27763,1.23569) (-0.214722,-0.158528) 0.179696 (2.60664,2.41863) (-0.122948,-0.110581) 0.120077 (-0.264339,0.259912) (0.155741,0.207528) 0.210007
6.9 (2.82806,2.21135) (0.294417,0.311706) 0.184081 (2.79844,2.7831) 1.97137 0.813914 (0.0565264,-0.027926) (0.112618,0.067622) 0.165006 (1.25616,1.21984) (-0.214722,-0.158528) 0.179696 (2.59435,2.40758) (-0.122952,-0.110576) 0.120077 (-0.248764,0.280665) (0.155741,0.207528) 0.210007
7 (2.85501,2.2473) (0.269488,0.359456) 0.184081 (2.79844,2.7831) 1.97137 0.927481 (0.0677882,-0.0211638) (0.112618,0.067622) 0.165006 (1.23469,1.20398) (-0.214722,-0.158528) 0.179696 (2.58205,2.39652) (-0.122946,-0.110583) 0.120077 (-0.23319,0.301418) (0.155741,0.207528) 0.210007
7.1 (2.87251,2.29398) (0.175074,0.466879) 0.184081 (2.79844,2.7831) 1.97137 1.21204 (0.07905,-0.0144016) (0.112618,0.067622) 0.165006 (1.21322,1.18813) (-0.214721,-0.158528) 0.179696 (2.56976,2.38546) (-0.122957,-0.110571) 0.120077 (-0.217616,0.32217) (0.155741,0.207528) 0.210007
7.2 (2.87561,2.34273) (0.0309268,0.487459) 0.184081 (2.79844,2.7831) 1.97137 1.50744 (0.0903118,-0.00763943) (0.112618,0.067622) 0.165006 (1.19175,1.17228) (-0.214722,-0.158529) 0.179696 (2.55746,2.3744) (-0.122939,-0.110591) 0.120077 (-0.202042,0.342923) (0.155741,0.207528) 0.210007
