[]
timestamp position0 velocity0 radius0 goal pref_speed theta position1 velocity1 radius1 position2 velocity2 radius2 position3 velocity3 radius3 position4 velocity4 radius4 position5 velocity5 radius5 position6 velocity6 radius6
0 (-1.74103,-1.6093) (0,0) 0.204298 (2.79844,2.7831) 1.93134 0 (-0.842066,-0.616506) (0,0) 0.183569 (2.60267,2.6784) (0,0) 0.215503 (3.11109,3.32392) (0,0) 0.171558 (-1.15295,-1.02405) (0,0) 0.197387
0.1 (-1.737,-1.60727) (0.0402445,0.0202332) 0.204298 (2.79844,2.7831) 1.93134 0.46585 (-0.829102,-0.604401) (0.129643,0.121056) 0.183569 (2.59181,2.6679) (-0.108573,-0.104957) 0.215503 (3.09932,3.32765) (-0.117718,0.037391) 0.171558 (-1.14037,-1.03199) (0.125804,-0.0794117) 0.197387
0.2 (-1.72803,-1.58767) (0.089758,0.196073) 0.204298 (2.79844,2.7831) 1.93134 1.14149 (-0.816138,-0.592294) (0.129632,0.121068) 0.183569 (2.58095,2.65741) (-0.108581,-0.104948) 0.215503 (3.08476,3.32115) (-0.145566,-0.0650883) 0.171558 (-1.12573,-1.02926) (0.146464,0.0273442) 0.197387
0.3 (-1.71758,-1.55254) (0.104442,0.351296) 0.204298 (2.79844,2.7831) 1.93134 1.28181 (-0.803174,-0.580188) (0.129639,0.12106) 0.183569 (2.57009,2.64691) (-0.108578,-0.104951) 0.215503 (3.07354,3.30981) (-0.112167,-0.113334) 0.171558 (-1.11396,-1.02011) (0.117643,0.0914304) 0.197387
0.4 (-1.6932,-1.47572) (0.243861,0.76821) 0.204298 (2.79844,2.7831) 1.93134 1.26342 (-0.790211,-0.568081) (0.129634,0.121067) 0.183569 (2.55924,2.63642) (-0.108579,-0.104951) 0.215503 (3.06233,3.29848) (-0.112174,-0.113327) 0.171558 (-1.10331,-1.0097) (0.106531,0.104166) 0.197387
0.5 (-1.66172,-1.39245) (0.314774,0.832706) 0.204298 (2.79844,2.7831) 1.93134 1.20939 (-0.777248,-0.555975) (0.129634,0.121066) 0.183569 (2.54838,2.62592) (-0.108573,-0.104956) 0.215503 (3.05111,3.28715) (-0.112169,-0.113332) 0.171558 (-1.09265,-0.999281) (0.106538,0.104159) 0.197387
0.6 (-1.62779,-1.30999) (0.339278,0.824588) 0.204298 (2.79844,2.7831) 1.93134 1.18046 (-0.764283,-0.543869) (0.129645,0.121055) 0.183569 (2.53752,2.61543) (-0.10858,-0.104949) 0.215503 (3.03989,3.27581) (-0.112169,-0.113332) 0.171558 (-1.082,-0.988864) (0.106528,0.104169) 0.197387
0.7 (-1.59249,-1.22811) (0.353015,0.818791) 0.204298 (2.79844,2.7831) 1.93134 1.16373 (-0.751319,-0.531763) (0.12964,0.12106) 0.183569 (2.52666,2.60493) (-0.10858,-0.104949) 0.215503 (3.02867,3.26448) (-0.112178,-0.113323) 0.171558 (-1.07135,-0.978447) (0.106522,0.104174) 0.197387
0.8 (-1.55641,-1.14665) (0.360827,0.814548) 0.204298 (2.79844,2.7831) 1.93134 1.1538 (-0.738355,-0.519657) (0.12964,0.12106) 0.183569 (2.5158,2.59444) (-0.108574,-0.104956) 0.215503 (3.01746,3.25315) (-0.11217,-0.113331) 0.171558 (-1.0607,-0.96803) (0.106528,0.104169) 0.197387
0.9 (-1.51988,-1.06555) (0.365265,0.81106) 0.204298 (2.79844,2.7831) 1.93134 1.14765 (-0.725391,-0.507551) (0.12964,0.12106) 0.183569 (2.50495,2.58394) (-0.108579,-0.10495) 0.215503 (3.00624,3.24182) (-0.112184,-0.113317) 0.171558 (-1.05004,-0.957613) (0.10653,0.104167) 0.197387
1 (-1.4831,-0.984746) (0.367806,0.808015) 0.204298 (2.79844,2.7831) 1.93134 1.14363 (-0.712427,-0.495445) (0.12964,0.121059) 0.183569 (2.49409,2.57345) (-0.108578,-0.104952) 0.215503 (2.99502,3.23048) (-0.112177,-0.113324) 0.171558 (-1.03939,-0.947197) (0.106533,0.104163) 0.197387
1.1 (-1.44617,-0.904239) (0.369263,0.805069) 0.204298 (2.79844,2.7831) 1.93134 1.14075 (-0.699464,-0.483338) (0.129628,0.121072) 0.183569 (2.48323,2.56295) (-0.108579,-0.10495) 0.215503 (2.9838,3.21915) (-0.112178,-0.113323) 0.171558 (-1.02874,-0.936781) (0.106534,0.104162) 0.197387
1.2 (-1.40914,-0.824012) (0.370303,0.802273) 0.204298 (2.79844,2.7831) 1.93134 1.13836 (-0.686499,-0.471233) (0.12965,0.121049) 0.183569 (2.47237,2.55246) (-0.108578,-0.104951) 0.215503 (2.97258,3.20782) (-0.112182,-0.11332) 0.171558 (-1.01808,-0.926365) (0.106536,0.10416) 0.197387
1.3 (-1.37191,-0.743996) (0.372314,0.800151) 0.204298 (2.79844,2.7831) 1.93134 1.13529 (-0.673535,-0.459127) (0.129638,0.121062) 0.183569 (2.46151,2.54196) (-0.108585,-0.104944) 0.215503 (2.96137,3.19649) (-0.112181,-0.11332) 0.171558 (-1.00743,-0.915948) (0.106532,0.104164) 0.197387
1.4 (-1.32658,-0.661583) (0.453306,0.824138) 0.204298 (2.79844,2.7831) 1.93134 1.06793 (-0.660571,-0.447021) (0.12964,0.121059) 0.183569 (2.45066,2.53147) (-0.108576,-0.104953) 0.215503 (2.95015,3.18515) (-0.112176,-0.113325) 0.171558 (-0.996778,-0.905531) (0.106528,0.104168) 0.197387
1.5 (-1.2708,-0.580813) (0.557822,0.807692) 0.204298 (2.79844,2.7831) 1.93134 0.966382 (-0.647607,-0.434916) (0.129646,0.121053) 0.183569 (2.4398,2.52097) (-0.108584,-0.104945) 0.215503 (2.93893,3.17382) (-0.112166,-0.113335) 0.171558 (-0.986125,-0.895114) (0.106525,0.104172) 0.197387
1.6 (-1.21065,-0.503136) (0.60147,0.776779) 0.204298 (2.79844,2.7831) 1.93134 0.911916 (-0.634643,-0.42281) (0.12964,0.121059) 0.183569 (2.42894,2.51048) (-0.108579,-0.10495) 0.215503 (2.92772,3.16249) (-0.112174,-0.113327) 0.171558 (-0.975472,-0.884697) (0.106527,0.10417) 0.197387
1.7 (-1.14796,-0.42735) (0.626919,0.757853) 0.204298 (2.79844,2.7831) 1.93134 0.879671 (-0.621678,-0.410704) (0.129647,0.121052) 0.183569 (2.41808,2.49998) (-0.108585,-0.104945) 0.215503 (2.9165,3.15116) (-0.112181,-0.11332) 0.171558 (-0.964819,-0.874281) (0.106533,0.104163) 0.197387
1.8 (-1.08373,-0.352755) (0.642324,0.745956) 0.204298 (2.79844,2.7831) 1.93134 0.859908 (-0.608715,-0.398598) (0.129635,0.121065) 0.183569 (2.40723,2.48949) (-0.108573,-0.104956) 0.215503 (2.90528,3.13982) (-0.112169,-0.113332) 0.171558 (-0.954166,-0.863864) (0.106526,0.10417) 0.197387
1.9 (-1.0185,-0.278929) (0.652253,0.738252) 0.204298 (2.79844,2.7831) 1.93134 0.847167 (-0.595751,-0.386492) (0.129639,0.12106) 0.183569 (2.39637,2.47899) (-0.108578,-0.104951) 0.215503 (2.89406,3.12849) (-0.112182,-0.113319) 0.171558 (-0.943514,-0.853447) (0.106524,0.104173) 0.197387
2 (-0.952591,-0.20566) (0.659129,0.732692) 0.204298 (2.79844,2.7831) 1.93134 0.838203 (-0.582787,-0.374386) (0.129641,0.121059) 0.183569 (2.38551,2.4685) (-0.108579,-0.10495) 0.215503 (2.88285,3.11716) (-0.112165,-0.113336) 0.171558 (-0.93286,-0.843031) (0.10654,0.104156) 0.197387
2.1 (-0.886084,-0.132836) (0.665064,0.728238) 0.204298 (2.79844,2.7831) 1.93134 0.830709 (-0.569822,-0.362281) (0.129648,0.121051) 0.183569 (2.37465,2.458) (-0.108575,-0.104955) 0.215503 (2.87163,3.10583) (-0.112179,-0.113322) 0.171558 (-0.922208,-0.832614) (0.106522,0.104175) 0.197387
2.2 (-0.818655,-0.0605652) (0.674296,0.722711) 0.204298 (2.79844,2.7831) 1.93134 0.820041 (-0.556857,-0.350176) (0.129646,0.121054) 0.183569 (2.36379,2.44751) (-0.108578,-0.104951) 0.215503 (2.86041,3.09449) (-0.112173,-0.113329) 0.171558 (-0.911555,-0.822197) (0.106533,0.104163) 0.197387
2.3 (-0.749683,0.0108597) (0.689717,0.714249) 0.204298 (2.79844,2.7831) 1.93134 0.80287 (-0.543893,-0.33807) (0.129646,0.121054) 0.183569 (2.35294,2.43701) (-0.108579,-0.104951) 0.215503 (2.84919,3.08316) (-0.112177,-0.113324) 0.171558 (-0.900902,-0.81178) (0.106526,0.104171) 0.197387
2.4 (-0.680121,0.0816514) (0.695618,0.707916) 0.204298 (2.79844,2.7831) 1.93134 0.79416 (-0.530928,-0.325964) (0.129642,0.121058) 0.183569 (2.34208,2.42652) (-0.108575,-0.104955) 0.215503 (2.83797,3.07183) (-0.112177,-0.113324) 0.171558 (-0.890249,-0.801364) (0.106533,0.104163) 0.197387
2.5 (-0.61027,0.152105) (0.698512,0.704541) 0.204298 (2.79844,2.7831) 1.93134 0.789695 (-0.517964,-0.313859) (0.129642,0.121058) 0.183569 (2.33122,2.41602) (-0.108571,-0.104959) 0.215503 (2.82676,3.0605) (-0.112179,-0.113322) 0.171558 (-0.879595,-0.790948) (0.106535,0.104162) 0.197387
2.6 (-0.540278,0.222379) (0.699916,0.702732) 0.204298 (2.79844,2.7831) 1.93134 0.787406 (-0.504999,-0.301754) (0.12965,0.121049) 0.183569 (2.32036,2.40553) (-0.108583,-0.104946) 0.215503 (2.81554,3.04916) (-0.112183,-0.113319) 0.171558 (-0.868941,-0.780532) (0.106537,0.104159) 0.197387
2.7 (-0.470236,0.292538) (0.700427,0.701597) 0.204298 (2.79844,2.7831) 1.93134 0.786233 (-0.492035,-0.289648) (0.129639,0.121061) 0.183569 (2.30951,2.39503) (-0.108572,-0.104957) 0.215503 (2.80432,3.03783) (-0.112177,-0.113324) 0.171558 (-0.858289,-0.770115) (0.106526,0.104171) 0.197387
2.8 (-0.400186,0.36262) (0.700498,0.700817) 0.204298 (2.79844,2.7831) 1.93134 0.785626 (-0.479072,-0.277541) (0.129635,0.121065) 0.183569 (2.29865,2.38453) (-0.108581,-0.104948) 0.215503 (2.7931,3.0265) (-0.11218,-0.113321) 0.171558 (-0.847636,-0.759698) (0.106529,0.104167) 0.197387
2.9 (-0.33014,0.432654) (0.700458,0.700343) 0.204298 (2.79844,2.7831) 1.93134 0.785316 (-0.466108,-0.265435) (0.129639,0.121061) 0.183569 (2.28779,2.37404) (-0.10858,-0.104949) 0.215503 (2.78188,3.01517) (-0.11218,-0.113322) 0.171558 (-0.836983,-0.749281) (0.106526,0.104171) 0.197387
3 (-0.260122,0.502638) (0.700177,0.699838) 0.204298 (2.79844,2.7831) 1.93134 0.785156 (-0.453144,-0.253329) (0.129642,0.121057) 0.183569 (2.27693,2.36354) (-0.10857,-0.10496) 0.215503 (2.77067,3.00383) (-0.112175,-0.113326) 0.171558 (-0.826331,-0.738864) (0.106527,0.10417) 0.197387
3.1 (-0.190138,0.572577) (0.699842,0.699384) 0.204298 (2.79844,2.7831) 1.93134 0.78507 (-0.44018,-0.241223) (0.129637,0.121063) 0.183569 (2.26608,2.35305) (-0.108576,-0.104954) 0.215503 (2.75945,2.9925) (-0.112175,-0.113326) 0.171558 (-0.815678,-0.728447) (0.106523,0.104174) 0.197387
3.2 (-0.120188,0.642475) (0.699503,0.698983) 0.204298 (2.79844,2.7831) 1.93134 0.785026 (-0.427215,-0.229118) (0.129649,0.121051) 0.183569 (2.25522,2.34255) (-0.108578,-0.104951) 0.215503 (2.74823,2.98117) (-0.112176,-0.113326) 0.171558 (-0.805025,-0.718031) (0.106537,0.10416) 0.197387
3.3 (-0.0502765,0.712331) (0.699112,0.69856) 0.204298 (2.79844,2.7831) 1.93134 0.785003 (-0.414251,-0.217012) (0.129638,0.121062) 0.183569 (2.24436,2.33206) (-0.108578,-0.104951) 0.215503 (2.73701,2.96984) (-0.112177,-0.113324) 0.171558 (-0.794372,-0.707614) (0.106527,0.10417) 0.197387
3.4 (0.0195905,0.782141) (0.69867,0.698103) 0.204298 (2.79844,2.7831) 1.93134 0.784992 (-0.401287,-0.204906) (0.129646,0.121054) 0.183569 (2.2335,2.32156) (-0.108583,-0.104946) 0.215503 (2.7258,2.95851) (-0.112184,-0.113317) 0.171558 (-0.783719,-0.697197) (0.106531,0.104165) 0.197387
3.5 (0.0894055,0.851899) (0.698151,0.697582) 0.204298 (2.79844,2.7831) 1.93134 0.784991 (-0.388323,-0.1928) (0.129635,0.121066) 0.183569 (2.22264,2.31107) (-0.108578,-0.104952) 0.215503 (2.71458,2.94717) (-0.112175,-0.113326) 0.171558 (-0.773065,-0.686781) (0.106533,0.104163) 0.197387
3.6 (0.159169,0.921605) (0.697637,0.697059) 0.204298 (2.79844,2.7831) 1.93134 0.784984 (-0.37536,-0.180694) (0.129638,0.121062) 0.183569 (2.21179,2.30057) (-0.108579,-0.10495) 0.215503 (2.70336,2.93584) (-0.11218,-0.113321) 0.171558 (-0.762412,-0.676364) (0.106531,0.104166) 0.197387
3.7 (0.228869,0.991247) (0.696993,0.696414) 0.204298 (2.79844,2.7831) 1.93134 0.784983 (-0.362395,-0.168588) (0.129641,0.121059) 0.183569 (2.20093,2.29008) (-0.108582,-0.104947) 0.215503 (2.69214,2.92451) (-0.112169,-0.113332) 0.171558 (-0.75176,-0.665947) (0.106527,0.104169) 0.197387
3.8 (0.298509,1.06083) (0.6964,0.695811) 0.204298 (2.79844,2.7831) 1.93134 0.784975 (-0.349431,-0.156482) (0.129641,0.121059) 0.183569 (2.19007,2.27958) (-0.108586,-0.104943) 0.215503 (2.68093,2.91318) (-0.112175,-0.113326) 0.171558 (-0.741107,-0.65553) (0.106527,0.10417) 0.197387
3.9 (0.368077,1.13034) (0.695687,0.695097) 0.204298 (2.79844,2.7831) 1.93134 0.784974 (-0.336467,-0.144377) (0.129648,0.121052) 0.183569 (2.17921,2.26909) (-0.108579,-0.10495) 0.215503 (2.66971,2.90184) (-0.112174,-0.113327) 0.171558 (-0.730454,-0.645114) (0.106533,0.104164) 0.197387
4 (0.437562,1.19976) (0.694849,0.694258) 0.204298 (2.79844,2.7831) 1.93134 0.784972 (-0.323502,-0.132272) (0.129647,0.121052) 0.183569 (2.16835,2.25859) (-0.108578,-0.104951) 0.215503 (2.65849,2.89051) (-0.112175,-0.113327) 0.171558 (-0.719801,-0.634698) (0.106532,0.104164) 0.197387
4.1 (0.506963,1.2691) (0.694003,0.693411) 0.204298 (2.79844,2.7831) 1.93134 0.784972 (-0.310538,-0.120165) (0.129635,0.121065) 0.183569 (2.1575,2.2481) (-0.10858,-0.104949) 0.215503 (2.64727,2.87918) (-0.112175,-0.113327) 0.171558 (-0.709148,-0.62428) (0.106525,0.104172) 0.197387
4.2 (0.576267,1.33835) (0.693041,0.692448) 0.204298 (2.79844,2.7831) 1.93134 0.78497 (-0.297575,-0.108059) (0.129637,0.121063) 0.183569 (2.14664,2.2376) (-0.10858,-0.104949) 0.215503 (2.63606,2.86784) (-0.112175,-0.113327) 0.171558 (-0.698495,-0.613864) (0.10653,0.104167) 0.197387
4.3 (0.645465,1.40749) (0.691988,0.691395) 0.204298 (2.79844,2.7831) 1.93134 0.784969 (-0.28461,-0.0959534) (0.129646,0.121054) 0.183569 (2.13578,2.22711) (-0.108578,-0.104951) 0.215503 (2.62484,2.85651) (-0.112172,-0.113329) 0.171558 (-0.687842,-0.603447) (0.106535,0.104162) 0.197387
4.4 (0.714539,1.4765) (0.690737,0.69014) 0.204298 (2.79844,2.7831) 1.93134 0.784966 (-0.271647,-0.0838465) (0.129632,0.121069) 0.183569 (2.12492,2.21661) (-0.108579,-0.10495) 0.215503 (2.61362,2.84518) (-0.112173,-0.113328) 0.171558 (-0.677188,-0.593031) (0.106534,0.104162) 0.197387
4.5 (0.783488,1.54539) (0.689489,0.688891) 0.204298 (2.79844,2.7831) 1.93134 0.784964 (-0.258684,-0.0717401) (0.129635,0.121065) 0.183569 (2.11406,2.20612) (-0.108577,-0.104952) 0.215503 (2.6024,2.83385) (-0.112173,-0.113328) 0.171558 (-0.666534,-0.582615) (0.106538,0.104158) 0.197387
4.6 (0.852282,1.61413) (0.687936,0.687337) 0.204298 (2.79844,2.7831) 1.93134 0.784962 (-0.24572,-0.0596338) (0.129637,0.121062) 0.183569 (2.10321,2.19562) (-0.108581,-0.104949) 0.215503 (2.59119,2.82251) (-0.112171,-0.11333) 0.171558 (-0.655882,-0.572198) (0.106526,0.10417) 0.197387
4.7 (0.920913,1.6827) (0.68631,0.685708) 0.204298 (2.79844,2.7831) 1.93134 0.784959 (-0.232756,-0.0475276) (0.129638,0.121062) 0.183569 (2.09235,2.18513) (-0.108573,-0.104957) 0.215503 (2.57997,2.81118) (-0.112172,-0.113329) 0.171558 (-0.645229,-0.561782) (0.10653,0.104167) 0.197387
4.8 (0.989361,1.75108) (0.684487,0.683883) 0.204298 (2.79844,2.7831) 1.93134 0.784957 (-0.219791,-0.0354224) (0.129646,0.121053) 0.183569 (2.08149,2.17463) (-0.108584,-0.104945) 0.215503 (2.56875,2.79985) (-0.112169,-0.113332) 0.171558 (-0.634575,-0.551366) (0.106536,0.10416) 0.197387
4.9 (1.05759,1.81925) (0.682291,0.681682) 0.204298 (2.79844,2.7831) 1.93134 0.784952 (-0.206828,-0.0233155) (0.129632,0.121068) 0.183569 (2.07063,2.16414) (-0.108572,-0.104957) 0.215503 (2.55754,2.78851) (-0.112168,-0.113333) 0.171558 (-0.623922,-0.540949) (0.106532,0.104165) 0.197387
5 (1.12558,1.88718) (0.67987,0.679256) 0.204298 (2.79844,2.7831) 1.93134 0.784947 (-0.193865,-0.0112091) (0.129636,0.121064) 0.183569 (2.05978,2.15364) (-0.108577,-0.104953) 0.215503 (2.54632,2.77718) (-0.112169,-0.113332) 0.171558 (-0.613269,-0.530533) (0.106533,0.104163) 0.197387
5.1 (1.19328,1.95482) (0.677053,0.676438) 0.204298 (2.79844,2.7831) 1.93134 0.784943 (-0.180901,0.000897587) (0.129633,0.121067) 0.183569 (2.04892,2.14315) (-0.108572,-0.104958) 0.215503 (2.5351,2.76585) (-0.112169,-0.113332) 0.171558 (-0.602616,-0.520116) (0.106526,0.104171) 0.197387
5.2 (1.26067,2.02215) (0.673863,0.673245) 0.204298 (2.79844,2.7831) 1.93134 0.78494 (-0.167938,0.0130045) (0.129632,0.121069) 0.183569 (2.03806,2.13265) (-0.108578,-0.104951) 0.215503 (2.52389,2.75451) (-0.112169,-0.113332) 0.171558 (-0.591963,-0.509699) (0.106531,0.104166) 0.197387
5.3 (1.32768,2.08909) (0.670097,0.669477) 0.204298 (2.79844,2.7831) 1.93134 0.784935 (-0.154974,0.0251106) (0.129639,0.121061) 0.183569 (2.0272,2.12216) (-0.108574,-0.104956) 0.215503 (2.51267,2.74318) (-0.112169,-0.113332) 0.171558 (-0.581309,-0.499283) (0.106536,0.10416) 0.197387
5.4 (1.39426,2.15561) (0.665825,0.665202) 0.204298 (2.79844,2.7831) 1.93134 0.78493 (-0.14201,0.037216) (0.129645,0.121055) 0.183569 (2.01635,2.11166) (-0.108578,-0.104951) 0.215503 (2.50145,2.73185) (-0.112169,-0.113332) 0.171558 (-0.570657,-0.488866) (0.106528,0.104169) 0.197387
5.5 (1.46034,2.22163) (0.660769,0.660142) 0.204298 (2.79844,2.7831) 1.93134 0.784923 (-0.129045,0.0493215) (0.129644,0.121055) 0.183569 (2.00549,2.10117) (-0.108579,-0.10495) 0.215503 (2.49024,2.72051) (-0.112169,-0.113332) 0.171558 (-0.560004,-0.47845) (0.10653,0.104166) 0.197387
5.6 (1.52581,2.28704) (0.654736,0.654105) 0.204298 (2.79844,2.7831) 1.93134 0.784916 (-0.116081,0.0614277) (0.129638,0.121061) 0.183569 (1.99463,2.09067) (-0.108578,-0.104951) 0.215503 (2.47902,2.70918) (-0.11217,-0.113332) 0.171558 (-0.54935,-0.468034) (0.106539,0.104158) 0.197387
5.7 (1.59058,2.35174) (0.647642,0.647006) 0.204298 (2.79844,2.7831) 1.93134 0.784907 (-0.103118,0.0735341) (0.129636,0.121064) 0.183569 (1.98377,2.08018) (-0.108585,-0.104944) 0.215503 (2.4678,2.69785) (-0.11217,-0.113331) 0.171558 (-0.538696,-0.457618) (0.106539,0.104157) 0.197387
5.8 (1.6545,2.4156) (0.639251,0.638609) 0.204298 (2.79844,2.7831) 1.93134 0.784895 (-0.0901537,0.0856398) (0.129642,0.121058) 0.183569 (1.97291,2.06968) (-0.108579,-0.10495) 0.215503 (2.45658,2.68651) (-0.11217,-0.113331) 0.171558 (-0.528043,-0.447202) (0.10653,0.104166) 0.197387
5.9 (1.71742,2.47846) (0.629207,0.628557) 0.204298 (2.79844,2.7831) 1.93134 0.784882 (-0.0771899,0.0977461) (0.129638,0.121062) 0.183569 (1.96206,2.05919) (-0.108578,-0.104951) 0.215503 (2.44537,2.67518) (-0.11217,-0.113331) 0.171558 (-0.51739,-0.436785) (0.106529,0.104167) 0.197387
6 (1.77913,2.5401) (0.617095,0.616437) 0.204298 (2.79844,2.7831) 1.93134 0.784865 (-0.0642257,0.109852) (0.129642,0.121057) 0.183569 (1.9512,2.04869) (-0.108574,-0.104956) 0.215503 (2.43415,2.66385) (-0.11217,-0.113331) 0.171558 (-0.506737,-0.426368) (0.106532,0.104165) 0.197387
6.1 (1.83939,2.60029) (0.602587,0.601918) 0.204298 (2.79844,2.7831) 1.93134 0.784843 (-0.0512627,0.121959) (0.12963,0.12107) 0.183569 (1.94034,2.0382) (-0.108572,-0.104957) 0.215503 (2.42293,2.65251) (-0.112168,-0.113333) 0.171558 (-0.496083,-0.415953) (0.106538,0.104158) 0.197387
6.2 (1.8965,2.65734) (0.571133,0.570441) 0.204298 (2.79844,2.7831) 1.93134 0.784792 (-0.0382988,0.134065) (0.129638,0.121062) 0.183569 (1.92948,2.0277) (-0.108581,-0.104948) 0.215503 (2.41172,2.64118) (-0.112169,-0.113332) 0.171558 (-0.48543,-0.405536) (0.106527,0.10417) 0.197387
6.3 (1.94791,2.70867) (0.514069,0.513338) 0.204298 (2.79844,2.7831) 1.93134 0.784686 (-0.0253342,0.14617) (0.129646,0.121053) 0.183569 (1.91863,2.01721) (-0.10858,-0.104949) 0.215503 (2.4005,2.62985) (-0.112169,-0.113332) 0.171558 (-0.474777,-0.395119) (0.106532,0.104164) 0.197387
6.4 (1.99418,2.75487) (0.462718,0.461951) 0.204298 (2.79844,2.7831) 1.93134 0.784569 (-0.0123713,0.158277) (0.129629,0.121071) 0.183569 (1.90777,2.00671) (-0.108579,-0.10495) 0.215503 (2.38928,2.61851) (-0.112169,-0.113332) 0.171558 (-0.464124,-0.384703) (0.106535,0.104162) 0.197387
6.5 (2.03584,2.79644) (0.416536,0.415737) 0.204298 (2.79844,2.7831) 1.93134 0.784439 (0.000592929,0.170383) (0.129642,0.121057) 0.183569 (1.89691,1.99622) (-0.10858,-0.10495) 0.215503 (2.37807,2.60718) (-0.112169,-0.113332) 0.171558 (-0.45347,-0.374287) (0.106532,0.104165) 0.197387
6.6 (2.07333,2.83385) (0.374906,0.374079) 0.204298 (2.79844,2.7831) 1.93134 0.784293 (0.013557,0.182489) (0.12964,0.121059) 0.183569 (1.88605,1.98572) (-0.108577,-0.104952) 0.215503 (2.36685,2.59585) (-0.112169,-0.113332) 0.171558 (-0.442818,-0.36387) (0.106528,0.104168) 0.197387
6.7 (2.10707,2.8675) (0.337419,0.336565) 0.204298 (2.79844,2.7831) 1.93134 0.784131 (0.0265211,0.194595) (0.129641,0.121058) 0.183569 (1.87519,1.97523) (-0.108574,-0.104956) 0.215503 (2.35563,2.58452) (-0.112169,-0.113332) 0.171558 (-0.432164,-0.353454) (0.106539,0.104158) 0.197387
6.8 (2.14522,2.89935) (0.381486,0.31844) 0.204298 (2.79844,2.7831) 1.93134 0.695565 (0.0394846,0.206701) (0.129635,0.121065) 0.183569 (1.86434,1.96473) (-0.108585,-0.104944) 0.215503 (2.34442,2.57318) (-0.112175,-0.113326) 0.171558 (-0.421511,-0.343037) (0.10653,0.104167) 0.197387
6.9 (2.19659,2.92413) (0.513723,0.247873) 0.204298 (2.79844,2.7831) 1.93134 0.449552 (0.0524485,0.218807) (0.129639,0.12106) 0.183569 (1.85348,1.95424) (-0.108574,-0.104955) 0.215503 (2.3332,2.56185) (-0.112179,-0.113322) 0.171558 (-0.410858,-0.332621) (0.10653,0.104167) 0.197387
7 (2.25378,2.93527) (0.571921,0.111312) 0.204298 (2.79844,2.7831) 1.93134 0.192226 (0.0654125,0.230913) (0.129639,0.12106) 0.183569 (1.84262,1.94374) (-0.108576,-0.104954) 0.215503 (2.32198,2.55052) (-0.112175,-0.113326) 0.171558 (-0.400205,-0.322204) (0.106526,0.10417) 0.197387
7.1 (2.30945,2.93184) (0.556706,-0.0342989) 0.204298 (2.79844,2.7831) 1.93134 -0.0615327 (0.0783763,0.24302) (0.129638,0.121062) 0.183569 (1.83176,1.93325) (-0.108588,-0.104941) 0.215503 (2.31076,2.53918) (-0.112169,-0.113332) 0.171558 (-0.389552,-0.311787) (0.106534,0.104163) 0.197387
7.2 (2.35835,2.91696) (0.488987,-0.148737) 0.204298 (2.79844,2.7831) 1.93134 -0.295282 (0.0913399,0.255126) (0.129637,0.121063) 0.183569 (1.8209,1.92275) (-0.108577,-0.104952) 0.215503 (2.29955,2.52785) (-0.112168,-0.113333) 0.171558 (-0.378898,-0.301371) (0.106535,0.104162) 0.197387
