[]
timestamp position0 velocity0 radius0 goal pref_speed theta position1 velocity1 radius1 position2 velocity2 radius2 position3 velocity3 radius3 position4 velocity4 radius4 position5 velocity5 radius5 position6 velocity6 radius6
0 (-1.68918,-1.9269) (0,0) 0.15554 (2.79844,2.7831) 1.56967 0 (-0.535932,-0.894496) (0,0) 0.126696 (2.38123,2.9366) (0,0) 0.12667 (3.0114,3.4657) (0,0) 0.213656 (-1.11871,-1.41939) (0,0) 0.12228
0.1 (-1.69104,-1.91751) (-0.0185355,0.0939141) 0.15554 (2.79844,2.7831) 1.56967 1.76566 (-0.523428,-0.880705) (0.125044,0.137917) 0.126696 (2.37273,2.92743) (-0.0849665,-0.0917313) 0.12667 (3.01523,3.45364) (0.0382624,-0.12061) 0.213656 (-1.12028,-1.40964) (-0.0157264,0.0974509) 0.12228
0.2 (-1.68871,-1.90516) (0.0232826,0.123446) 0.15554 (2.79844,2.7831) 1.56967 1.38438 (-0.510924,-0.866912) (0.125038,0.137923) 0.126696 (2.36424,2.91825) (-0.0849755,-0.091723) 0.12667 (3.00872,3.44206) (-0.0650952,-0.115747) 0.213656 (-1.11511,-1.38651) (0.05165,0.231287) 0.12228
0.3 (-1.6632,-1.89643) (0.255077,0.0873131) 0.15554 (2.79844,2.7831) 1.56967 0.329799 (-0.49842,-0.853121) (0.125044,0.137918) 0.126696 (2.35574,2.90908) (-0.084972,-0.0917263) 0.12667 (2.99959,3.43241) (-0.0912345,-0.0964937) 0.213656 (-1.10254,-1.36643) (0.125769,0.200857) 0.12228
0.4 (-1.61783,-1.88362) (0.453681,0.128169) 0.15554 (2.79844,2.7831) 1.56967 0.275333 (-0.485915,-0.839329) (0.125046,0.137916) 0.126696 (2.34724,2.89991) (-0.0849731,-0.0917252) 0.12667 (2.99047,3.42276) (-0.0912349,-0.0964934) 0.213656 (-1.08624,-1.34922) (0.162965,0.172058) 0.12228
0.5 (-1.53438,-1.8457) (0.834512,0.379154) 0.15554 (2.79844,2.7831) 1.56967 0.426459 (-0.47341,-0.825538) (0.125047,0.137915) 0.126696 (2.33874,2.89074) (-0.0849783,-0.0917204) 0.12667 (2.98135,3.41312) (-0.0912355,-0.0964928) 0.213656 (-1.06994,-1.33202) (0.162965,0.172057) 0.12228
0.6 (-1.45214,-1.80357) (0.82243,0.421284) 0.15554 (2.79844,2.7831) 1.56967 0.473394 (-0.460906,-0.811746) (0.125045,0.137916) 0.126696 (2.33025,2.88157) (-0.0849761,-0.0917224) 0.12667 (2.97222,3.40347) (-0.0912418,-0.0964868) 0.213656 (-1.05365,-1.31481) (0.162958,0.172064) 0.12228
0.7 (-1.37086,-1.7592) (0.812805,0.443707) 0.15554 (2.79844,2.7831) 1.56967 0.499687 (-0.448402,-0.797953) (0.125037,0.137924) 0.126696 (2.32175,2.87239) (-0.0849806,-0.0917183) 0.12667 (2.9631,3.39382) (-0.0912388,-0.0964897) 0.213656 (-1.03735,-1.29761) (0.162979,0.172044) 0.12228
0.8 (-1.29019,-1.71358) (0.8067,0.45621) 0.15554 (2.79844,2.7831) 1.56967 0.514685 (-0.435898,-0.784161) (0.125036,0.137925) 0.126696 (2.31325,2.86322) (-0.0849788,-0.09172) 0.12667 (2.95397,3.38417) (-0.0912408,-0.0964878) 0.213656 (-1.02105,-1.2804) (0.162953,0.172069) 0.12228
0.9 (-1.20993,-1.66725) (0.802607,0.463259) 0.15554 (2.79844,2.7831) 1.56967 0.523481 (-0.423394,-0.77037) (0.125049,0.137913) 0.126696 (2.30475,2.85405) (-0.084972,-0.0917263) 0.12667 (2.94485,3.37452) (-0.0912389,-0.0964896) 0.213656 (-1.00476,-1.26319) (0.162961,0.172061) 0.12228
1 (-1.12997,-1.62054) (0.799562,0.467187) 0.15554 (2.79844,2.7831) 1.56967 0.528798 (-0.41089,-0.756577) (0.12504,0.137921) 0.126696 (2.29625,2.84488) (-0.0849714,-0.0917268) 0.12667 (2.93573,3.36487) (-0.0912438,-0.0964849) 0.213656 (-0.988461,-1.24599) (0.162967,0.172056) 0.12228
1.1 (-1.05027,-1.5736) (0.797007,0.469309) 0.15554 (2.79844,2.7831) 1.56967 0.532173 (-0.398384,-0.742786) (0.125051,0.137912) 0.126696 (2.28776,2.8357) (-0.0849731,-0.0917252) 0.12667 (2.9266,3.35522) (-0.0912408,-0.0964878) 0.213656 (-0.972165,-1.22878) (0.162964,0.172058) 0.12228
1.2 (-0.970789,-1.52656) (0.79483,0.470478) 0.15554 (2.79844,2.7831) 1.56967 0.534459 (-0.38588,-0.728995) (0.125045,0.137917) 0.126696 (2.27926,2.82653) (-0.0849718,-0.0917265) 0.12667 (2.91748,3.34557) (-0.0912394,-0.0964891) 0.213656 (-0.955868,-1.21158) (0.162967,0.172055) 0.12228
1.3 (-0.891513,-1.47945) (0.792753,0.471104) 0.15554 (2.79844,2.7831) 1.56967 0.536191 (-0.373376,-0.715203) (0.125043,0.137919) 0.126696 (2.27076,2.81736) (-0.0849731,-0.0917253) 0.12667 (2.90835,3.33593) (-0.0912444,-0.0964844) 0.213656 (-0.939572,-1.19437) (0.16296,0.172062) 0.12228
1.4 (-0.812429,-1.43228) (0.790839,0.471713) 0.15554 (2.79844,2.7831) 1.56967 0.537821 (-0.360871,-0.701411) (0.125042,0.137919) 0.126696 (2.26227,2.80819) (-0.0849784,-0.0917204) 0.12667 (2.89923,3.32628) (-0.0912328,-0.0964954) 0.213656 (-0.923275,-1.17717) (0.16297,0.172053) 0.12228
1.5 (-0.733404,-1.38461) (0.790249,0.476605) 0.15554 (2.79844,2.7831) 1.56967 0.542701 (-0.348367,-0.687619) (0.125045,0.137916) 0.126696 (2.25377,2.79901) (-0.0849728,-0.0917255) 0.12667 (2.89011,3.31663) (-0.0912359,-0.0964924) 0.213656 (-0.906978,-1.15996) (0.162976,0.172047) 0.12228
1.6 (-0.654184,-1.32549) (0.792205,0.59122) 0.15554 (2.79844,2.7831) 1.56967 0.641126 (-0.335864,-0.673827) (0.125034,0.137927) 0.126696 (2.24527,2.78984) (-0.0849686,-0.0917294) 0.12667 (2.88098,3.30698) (-0.0912389,-0.0964895) 0.213656 (-0.89068,-1.14276) (0.162978,0.172045) 0.12228
1.7 (-0.577961,-1.26258) (0.762232,0.629095) 0.15554 (2.79844,2.7831) 1.56967 0.689998 (-0.323359,-0.660035) (0.125045,0.137917) 0.126696 (2.23677,2.78067) (-0.0849731,-0.0917252) 0.12667 (2.87186,3.29733) (-0.0912402,-0.0964884) 0.213656 (-0.874384,-1.12555) (0.162957,0.172065) 0.12228
1.8 (-0.503479,-1.19756) (0.744821,0.650281) 0.15554 (2.79844,2.7831) 1.56967 0.717735 (-0.310854,-0.646243) (0.125047,0.137914) 0.126696 (2.22828,2.7715) (-0.0849704,-0.0917278) 0.12667 (2.86273,3.28768) (-0.0912401,-0.0964885) 0.213656 (-0.858087,-1.10834) (0.162972,0.172051) 0.12228
1.9 (-0.430027,-1.13132) (0.734514,0.662336) 0.15554 (2.79844,2.7831) 1.56967 0.733772 (-0.298349,-0.632452) (0.125048,0.137914) 0.126696 (2.21978,2.76232) (-0.0849786,-0.0917201) 0.12667 (2.85361,3.27803) (-0.0912408,-0.0964878) 0.213656 (-0.84179,-1.09114) (0.162969,0.172053) 0.12228
2 (-0.357191,-1.06438) (0.728361,0.669451) 0.15554 (2.79844,2.7831) 1.56967 0.743279 (-0.285844,-0.618661) (0.12505,0.137912) 0.126696 (2.21128,2.75315) (-0.0849722,-0.091726) 0.12667 (2.84449,3.26838) (-0.0912405,-0.0964881) 0.213656 (-0.825493,-1.07393) (0.162965,0.172058) 0.12228
2.1 (-0.28475,-0.99701) (0.72441,0.673664) 0.15554 (2.79844,2.7831) 1.56967 0.749118 (-0.27334,-0.604869) (0.125046,0.137916) 0.126696 (2.20278,2.74398) (-0.0849813,-0.0917176) 0.12667 (2.83536,3.25873) (-0.0912501,-0.096479) 0.213656 (-0.809197,-1.05673) (0.162967,0.172056) 0.12228
2.2 (-0.212569,-0.929374) (0.72181,0.676362) 0.15554 (2.79844,2.7831) 1.56967 0.752904 (-0.260835,-0.591078) (0.125045,0.137916) 0.126696 (2.19429,2.73481) (-0.0849682,-0.0917298) 0.12667 (2.82624,3.24909) (-0.091237,-0.0964914) 0.213656 (-0.792899,-1.03952) (0.162975,0.172048) 0.12228
2.3 (-0.140575,-0.861549) (0.719937,0.678246) 0.15554 (2.79844,2.7831) 1.56967 0.755589 (-0.248331,-0.577286) (0.125046,0.137916) 0.126696 (2.18579,2.72564) (-0.0849776,-0.0917211) 0.12667 (2.81711,3.23944) (-0.0912363,-0.0964921) 0.213656 (-0.776603,-1.02232) (0.162965,0.172058) 0.12228
2.4 (-0.0687407,-0.793562) (0.718348,0.679874) 0.15554 (2.79844,2.7831) 1.56967 0.757889 (-0.235826,-0.563494) (0.125043,0.137918) 0.126696 (2.17729,2.71646) (-0.08497,-0.0917281) 0.12667 (2.80799,3.22979) (-0.0912405,-0.0964881) 0.213656 (-0.760305,-1.00511) (0.162979,0.172044) 0.12228
2.5 (0.00286431,-0.72526) (0.71605,0.683015) 0.15554 (2.79844,2.7831) 1.56967 0.76179 (-0.223321,-0.549704) (0.125055,0.137908) 0.126696 (2.16879,2.70729) (-0.0849733,-0.091725) 0.12667 (2.79887,3.22014) (-0.0912384,-0.09649) 0.213656 (-0.744009,-0.987906) (0.162955,0.172067) 0.12228
2.6 (0.0708129,-0.651724) (0.679486,0.735367) 0.15554 (2.79844,2.7831) 1.56967 0.824874 (-0.210815,-0.535913) (0.125054,0.137908) 0.126696 (2.1603,2.69812) (-0.0849751,-0.0917234) 0.12667 (2.78974,3.21049) (-0.091241,-0.0964876) 0.213656 (-0.727712,-0.970701) (0.16297,0.172053) 0.12228
2.7 (0.136336,-0.576173) (0.65523,0.75551) 0.15554 (2.79844,2.7831) 1.56967 0.856362 (-0.19831,-0.522122) (0.125057,0.137906) 0.126696 (2.1518,2.68894) (-0.084974,-0.0917244) 0.12667 (2.78062,3.20084) (-0.0912384,-0.09649) 0.213656 (-0.711415,-0.953495) (0.162971,0.172052) 0.12228
2.8 (0.20062,-0.499585) (0.642842,0.765874) 0.15554 (2.79844,2.7831) 1.56967 0.872513 (-0.185805,-0.508331) (0.125046,0.137916) 0.126696 (2.1433,2.67977) (-0.0849693,-0.0917288) 0.12667 (2.77149,3.19119) (-0.09124,-0.0964885) 0.213656 (-0.695119,-0.93629) (0.162966,0.172057) 0.12228
2.9 (0.264256,-0.422483) (0.636355,0.771023) 0.15554 (2.79844,2.7831) 1.56967 0.880795 (-0.1733,-0.494539) (0.125049,0.137914) 0.126696 (2.13481,2.6706) (-0.084976,-0.0917226) 0.12667 (2.76237,3.18154) (-0.0912377,-0.0964907) 0.213656 (-0.678822,-0.919084) (0.162964,0.172059) 0.12228
3 (0.327565,-0.345109) (0.633089,0.773736) 0.15554 (2.79844,2.7831) 1.56967 0.885042 (-0.160797,-0.480747) (0.125036,0.137925) 0.126696 (2.12631,2.66143) (-0.0849674,-0.0917305) 0.12667 (2.75325,3.17189) (-0.0912468,-0.0964821) 0.213656 (-0.662526,-0.901878) (0.162967,0.172056) 0.12228
3.1 (0.390707,-0.267594) (0.631428,0.775158) 0.15554 (2.79844,2.7831) 1.56967 0.887228 (-0.148292,-0.466955) (0.125046,0.137916) 0.126696 (2.11781,2.65225) (-0.084971,-0.0917272) 0.12667 (2.74412,3.16225) (-0.0912399,-0.0964886) 0.213656 (-0.646229,-0.884673) (0.162967,0.172055) 0.12228
3.2 (0.453763,-0.190008) (0.630555,0.775856) 0.15554 (2.79844,2.7831) 1.56967 0.888346 (-0.135787,-0.453164) (0.125055,0.137907) 0.126696 (2.10931,2.64308) (-0.0849708,-0.0917274) 0.12667 (2.735,3.1526) (-0.0912433,-0.0964854) 0.213656 (-0.629931,-0.867468) (0.162976,0.172047) 0.12228
3.3 (0.516777,-0.112382) (0.630141,0.776262) 0.15554 (2.79844,2.7831) 1.56967 0.888923 (-0.123281,-0.439373) (0.125051,0.137911) 0.126696 (2.10082,2.63391) (-0.0849791,-0.0917197) 0.12667 (2.72587,3.14295) (-0.0912407,-0.0964879) 0.213656 (-0.613635,-0.850262) (0.162964,0.172058) 0.12228
3.4 (0.579764,-0.0347426) (0.629867,0.776392) 0.15554 (2.79844,2.7831) 1.56967 0.889219 (-0.110776,-0.425582) (0.125052,0.13791) 0.126696 (2.09232,2.62474) (-0.0849719,-0.0917263) 0.12667 (2.71675,3.1333) (-0.091235,-0.0964932) 0.213656 (-0.597339,-0.833056) (0.162956,0.172066) 0.12228
3.5 (0.64274,0.0429068) (0.629759,0.776494) 0.15554 (2.79844,2.7831) 1.56967 0.889367 (-0.0982704,-0.411792) (0.125057,0.137906) 0.126696 (2.08382,2.61556) (-0.0849704,-0.0917278) 0.12667 (2.70763,3.12365) (-0.0912411,-0.0964875) 0.213656 (-0.581043,-0.815849) (0.162959,0.172063) 0.12228
3.6 (0.70571,0.120562) (0.629705,0.776555) 0.15554 (2.79844,2.7831) 1.56967 0.889447 (-0.0857669,-0.397999) (0.125036,0.137925) 0.126696 (2.07533,2.60639) (-0.0849681,-0.0917299) 0.12667 (2.6985,3.114) (-0.091243,-0.0964857) 0.213656 (-0.564748,-0.798643) (0.16296,0.172063) 0.12228
3.7 (0.768675,0.198218) (0.629654,0.776561) 0.15554 (2.79844,2.7831) 1.56967 0.88949 (-0.073263,-0.384207) (0.125038,0.137923) 0.126696 (2.06683,2.59722) (-0.084977,-0.0917217) 0.12667 (2.68938,3.10435) (-0.0912398,-0.0964887) 0.213656 (-0.548451,-0.781438) (0.16297,0.172053) 0.12228
3.8 (0.831634,0.275869) (0.629586,0.77651) 0.15554 (2.79844,2.7831) 1.56967 0.889511 (-0.0607588,-0.370415) (0.125042,0.137919) 0.126696 (2.05833,2.58805) (-0.0849687,-0.0917293) 0.12667 (2.68025,3.0947) (-0.0912482,-0.0964808) 0.213656 (-0.532153,-0.764233) (0.162973,0.17205) 0.12228
3.9 (0.894595,0.353526) (0.629608,0.776562) 0.15554 (2.79844,2.7831) 1.56967 0.889527 (-0.0482541,-0.356624) (0.125048,0.137914) 0.126696 (2.04983,2.57887) (-0.084969,-0.091729) 0.12667 (2.67113,3.08506) (-0.0912426,-0.096486) 0.213656 (-0.515858,-0.747026) (0.162952,0.17207) 0.12228
4 (0.957554,0.431181) (0.629593,0.776551) 0.15554 (2.79844,2.7831) 1.56967 0.889531 (-0.0357501,-0.342831) (0.12504,0.137921) 0.126696 (2.04134,2.5697) (-0.0849749,-0.0917236) 0.12667 (2.662,3.07541) (-0.091243,-0.0964857) 0.213656 (-0.499561,-0.729821) (0.162969,0.172053) 0.12228
4.1 (1.02051,0.508831) (0.629554,0.776507) 0.15554 (2.79844,2.7831) 1.56967 0.889534 (-0.0232459,-0.329039) (0.125042,0.137919) 0.126696 (2.03284,2.56053) (-0.0849731,-0.0917253) 0.12667 (2.65288,3.06576) (-0.0912412,-0.0964874) 0.213656 (-0.483264,-0.712616) (0.162975,0.172048) 0.12228
4.2 (1.08347,0.586485) (0.629579,0.776538) 0.15554 (2.79844,2.7831) 1.56967 0.889534 (-0.0107406,-0.315249) (0.125053,0.13791) 0.126696 (2.02434,2.55136) (-0.0849768,-0.0917218) 0.12667 (2.64376,3.05611) (-0.0912411,-0.0964874) 0.213656 (-0.466968,-0.69541) (0.16296,0.172062) 0.12228
4.3 (1.14643,0.664142) (0.629604,0.776568) 0.15554 (2.79844,2.7831) 1.56967 0.889534 (0.00176405,-0.301457) (0.125046,0.137916) 0.126696 (2.01584,2.54218) (-0.0849727,-0.0917256) 0.12667 (2.63463,3.04646) (-0.0912412,-0.0964874) 0.213656 (-0.450671,-0.678204) (0.162966,0.172057) 0.12228
4.4 (1.20938,0.74179) (0.629534,0.776483) 0.15554 (2.79844,2.7831) 1.56967 0.889535 (0.0142684,-0.287665) (0.125044,0.137918) 0.126696 (2.00735,2.53301) (-0.0849716,-0.0917266) 0.12667 (2.62551,3.03681) (-0.0912412,-0.0964874) 0.213656 (-0.434374,-0.660999) (0.162971,0.172052) 0.12228
4.5 (1.27233,0.819435) (0.629504,0.776447) 0.15554 (2.79844,2.7831) 1.56967 0.889535 (0.0267733,-0.273874) (0.125048,0.137914) 0.126696 (1.99885,2.52384) (-0.0849773,-0.0917214) 0.12667 (2.61638,3.02716) (-0.0912426,-0.0964861) 0.213656 (-0.418078,-0.643792) (0.162956,0.172066) 0.12228
4.6 (1.33528,0.897078) (0.629492,0.776434) 0.15554 (2.79844,2.7831) 1.56967 0.889536 (0.0392776,-0.260082) (0.125043,0.137918) 0.126696 (1.99035,2.51467) (-0.0849661,-0.0917317) 0.12667 (2.60726,3.01752) (-0.0912458,-0.096483) 0.213656 (-0.401781,-0.626587) (0.162971,0.172052) 0.12228
4.7 (1.39823,0.974722) (0.62949,0.776437) 0.15554 (2.79844,2.7831) 1.56967 0.889539 (0.0517821,-0.24629) (0.125045,0.137917) 0.126696 (1.98186,2.50549) (-0.0849726,-0.0917257) 0.12667 (2.59813,3.00787) (-0.0912438,-0.096485) 0.213656 (-0.385484,-0.609382) (0.162969,0.172054) 0.12228
4.8 (1.46117,1.05236) (0.629452,0.77639) 0.15554 (2.79844,2.7831) 1.56967 0.88954 (0.0642862,-0.232498) (0.125041,0.13792) 0.126696 (1.97336,2.49632) (-0.0849766,-0.091722) 0.12667 (2.58901,2.99822) (-0.0912458,-0.0964831) 0.213656 (-0.369187,-0.592177) (0.162973,0.17205) 0.12228
4.9 (1.52412,1.13) (0.62949,0.776438) 0.15554 (2.79844,2.7831) 1.56967 0.88954 (0.0767904,-0.218706) (0.125042,0.13792) 0.126696 (1.96486,2.48715) (-0.0849709,-0.0917273) 0.12667 (2.57989,2.98857) (-0.0912448,-0.096484) 0.213656 (-0.35289,-0.574971) (0.162965,0.172057) 0.12228
5 (1.58707,1.20764) (0.629433,0.776369) 0.15554 (2.79844,2.7831) 1.56967 0.889541 (0.0892944,-0.204914) (0.12504,0.137921) 0.126696 (1.95636,2.47798) (-0.0849758,-0.0917228) 0.12667 (2.57076,2.97892) (-0.0912448,-0.096484) 0.213656 (-0.336595,-0.557764) (0.162956,0.172066) 0.12228
5.1 (1.65001,1.28528) (0.629414,0.776346) 0.15554 (2.79844,2.7831) 1.56967 0.889542 (0.101799,-0.191123) (0.125045,0.137917) 0.126696 (1.94787,2.4688) (-0.0849795,-0.0917193) 0.12667 (2.56164,2.96927) (-0.0912449,-0.0964839) 0.213656 (-0.320299,-0.540558) (0.162961,0.172062) 0.12228
5.2 (1.71294,1.3629) (0.629351,0.776271) 0.15554 (2.79844,2.7831) 1.56967 0.889543 (0.114304,-0.177331) (0.125052,0.137911) 0.126696 (1.93937,2.45963) (-0.0849695,-0.0917285) 0.12667 (2.55251,2.95963) (-0.0912461,-0.0964828) 0.213656 (-0.304002,-0.523352) (0.162964,0.172059) 0.12228
5.3 (1.77588,1.44053) (0.629346,0.776266) 0.15554 (2.79844,2.7831) 1.56967 0.889543 (0.126809,-0.16354) (0.125045,0.137917) 0.126696 (1.93087,2.45046) (-0.0849741,-0.0917243) 0.12667 (2.54339,2.94998) (-0.0912454,-0.0964834) 0.213656 (-0.287706,-0.506146) (0.162962,0.17206) 0.12228
5.4 (1.83881,1.51816) (0.629335,0.776252) 0.15554 (2.79844,2.7831) 1.56967 0.889544 (0.139313,-0.149748) (0.125042,0.137919) 0.126696 (1.92237,2.44129) (-0.0849734,-0.091725) 0.12667 (2.53426,2.94033) (-0.0912455,-0.0964834) 0.213656 (-0.27141,-0.48894) (0.162965,0.172057) 0.12228
5.5 (1.90174,1.59577) (0.629258,0.776159) 0.15554 (2.79844,2.7831) 1.56967 0.889545 (0.151817,-0.135956) (0.125044,0.137917) 0.126696 (1.91388,2.43211) (-0.0849731,-0.0917252) 0.12667 (2.52514,2.93068) (-0.0912454,-0.0964834) 0.213656 (-0.255113,-0.471735) (0.162965,0.172057) 0.12228
5.6 (1.96466,1.67338) (0.629239,0.776136) 0.15554 (2.79844,2.7831) 1.56967 0.889545 (0.164321,-0.122164) (0.125043,0.137919) 0.126696 (1.90538,2.42294) (-0.0849657,-0.0917321) 0.12667 (2.51601,2.92103) (-0.0912454,-0.0964834) 0.213656 (-0.238817,-0.454529) (0.162965,0.172057) 0.12228
5.7 (2.02757,1.75098) (0.629122,0.775994) 0.15554 (2.79844,2.7831) 1.56967 0.889547 (0.176826,-0.108373) (0.125046,0.137916) 0.126696 (1.89688,2.41377) (-0.0849712,-0.091727) 0.12667 (2.50689,2.91138) (-0.0912454,-0.0964834) 0.213656 (-0.222521,-0.437323) (0.162957,0.172065) 0.12228
5.8 (2.09047,1.82857) (0.629004,0.775851) 0.15554 (2.79844,2.7831) 1.56967 0.889548 (0.189331,-0.094581) (0.125045,0.137916) 0.126696 (1.88839,2.40459) (-0.0849668,-0.091731) 0.12667 (2.49776,2.90174) (-0.0912454,-0.0964834) 0.213656 (-0.206225,-0.420117) (0.162964,0.172058) 0.12228
5.9 (2.15336,1.90614) (0.628882,0.775703) 0.15554 (2.79844,2.7831) 1.56967 0.88955 (0.201834,-0.0807882) (0.125032,0.137928) 0.126696 (1.87989,2.39542) (-0.0849736,-0.0917248) 0.12667 (2.48864,2.89209) (-0.0912455,-0.0964834) 0.213656 (-0.189929,-0.40291) (0.162957,0.172065) 0.12228
6 (2.21624,1.9837) (0.628811,0.775617) 0.15554 (2.79844,2.7831) 1.56967 0.889551 (0.214338,-0.0669965) (0.125045,0.137917) 0.126696 (1.87139,2.38625) (-0.0849725,-0.0917258) 0.12667 (2.47952,2.88244) (-0.0912455,-0.0964833) 0.213656 (-0.173632,-0.385704) (0.162965,0.172058) 0.12228
6.1 (2.2784,2.06039) (0.621583,0.766862) 0.15554 (2.79844,2.7831) 1.56967 0.889654 (0.2269,-0.0532571) (0.125619,0.137394) 0.126696 (1.86289,2.37708) (-0.0849772,-0.0917214) 0.12667 (2.47039,2.87279) (-0.0912456,-0.0964833) 0.213656 (-0.157398,-0.36844) (0.162342,0.172645) 0.12228
6.2 (2.33428,2.12947) (0.558799,0.690821) 0.15554 (2.79844,2.7831) 1.56967 0.890658 (0.239628,-0.0396711) (0.127277,0.13586) 0.126696 (1.8544,2.3679) (-0.0849714,-0.0917268) 0.12667 (2.46127,2.86314) (-0.0912455,-0.0964833) 0.213656 (-0.141332,-0.351019) (0.160666,0.174206) 0.12228
6.3 (2.3845,2.19169) (0.502143,0.622203) 0.15554 (2.79844,2.7831) 1.56967 0.891777 (0.252448,-0.0261721) (0.128198,0.134991) 0.126696 (1.8459,2.35873) (-0.0849748,-0.0917237) 0.12667 (2.45214,2.85349) (-0.0912456,-0.0964833) 0.213656 (-0.125354,-0.333517) (0.159772,0.175027) 0.12228
6.4 (2.42962,2.24775) (0.451241,0.560552) 0.15554 (2.79844,2.7831) 1.56967 0.893018 (0.265358,-0.0127591) (0.129098,0.13413) 0.126696 (1.8374,2.34956) (-0.084979,-0.0917198) 0.12667 (2.44302,2.84385) (-0.0912486,-0.0964804) 0.213656 (-0.109463,-0.315936) (0.158909,0.17581) 0.12228
6.5 (2.47017,2.29826) (0.405477,0.505129) 0.15554 (2.79844,2.7831) 1.56967 0.894399 (0.278343,0.000581061) (0.129851,0.133401) 0.126696 (1.8289,2.34039) (-0.0849703,-0.0917278) 0.12667 (2.43389,2.8342) (-0.0912469,-0.096482) 0.213656 (-0.0936444,-0.29829) (0.158191,0.176457) 0.12228
6.6 (2.50659,2.34377) (0.364229,0.455171) 0.15554 (2.79844,2.7831) 1.56967 0.895931 (0.291394,0.0138569) (0.130508,0.132759) 0.126696 (1.82041,2.33121) (-0.0849679,-0.0917301) 0.12667 (2.42477,2.82455) (-0.0912469,-0.096482) 0.213656 (-0.077888,-0.280588) (0.157564,0.177017) 0.12228
6.7 (2.5393,2.3848) (0.327139,0.410249) 0.15554 (2.79844,2.7831) 1.56967 0.897633 (0.304502,0.0270759) (0.131085,0.13219) 0.126696 (1.81191,2.32204) (-0.0849794,-0.0917194) 0.12667 (2.41564,2.8149) (-0.0912467,-0.0964822) 0.213656 (-0.0621868,-0.262838) (0.157012,0.177506) 0.12228
6.8 (2.56868,2.42178) (0.293722,0.369776) 0.15554 (2.79844,2.7831) 1.56967 0.899526 (0.317661,0.0402441) (0.131594,0.131683) 0.126696 (1.80341,2.31287) (-0.0849704,-0.0917278) 0.12667 (2.40652,2.80525) (-0.0912467,-0.0964822) 0.213656 (-0.0465345,-0.245044) (0.156523,0.177938) 0.12228
