[]
timestamp position0 velocity0 radius0 goal pref_speed theta position1 velocity1 radius1 position2 velocity2 radius2 position3 velocity3 radius3 position4 velocity4 radius4 position5 velocity5 radius5 position6 velocity6 radius6
0 (-1.71653,-1.80216) (0,0) 0.200034 (2.79844,2.7831) 1.97023 0 (-0.574103,-0.575761) (0,0) 0.173194 (2.72609,2.80823) (0,0) 0.154664 (3.29072,3.41448) (0,0) 0.199601 (-1.08039,-1.25158) (0,0) 0.154173
0.1 (-1.71805,-1.79296) (-0.0152684,0.0920743) 0.200034 (2.79844,2.7831) 1.97023 1.73513 (-0.561836,-0.563544) (0.12267,0.122174) 0.173194 (2.71014,2.79277) (-0.159523,-0.154577) 0.154664 (3.28433,3.41396) (-0.0639678,-0.00522461) 0.199601 (-1.06731,-1.25491) (0.130735,-0.0333338) 0.154173
0.2 (-1.70817,-1.76675) (0.0988401,0.262015) 0.200034 (2.79844,2.7831) 1.97023 1.21007 (-0.54957,-0.551325) (0.12266,0.122184) 0.173194 (2.69418,2.77731) (-0.159517,-0.154583) 0.154664 (3.26675,3.40474) (-0.175813,-0.0922167) 0.199601 (-1.05387,-1.24563) (0.134389,0.0927906) 0.154173
0.3 (-1.69606,-1.71925) (0.121152,0.475012) 0.200034 (2.79844,2.7831) 1.97023 1.32107 (-0.537303,-0.539108) (0.122671,0.122173) 0.173194 (2.67823,2.76185) (-0.159535,-0.154565) 0.154664 (3.25262,3.39079) (-0.141259,-0.139498) 0.199601 (-1.04256,-1.23386) (0.113163,0.117748) 0.154173
0.4 (-1.6627,-1.64822) (0.333591,0.710321) 0.200034 (2.79844,2.7831) 1.97023 1.13173 (-0.525035,-0.526891) (0.122679,0.122165) 0.173194 (2.66228,2.7464) (-0.159541,-0.154559) 0.154664 (3.2385,3.37683) (-0.141247,-0.139511) 0.199601 (-1.03124,-1.22208) (0.113165,0.117746) 0.154173
0.5 (-1.61732,-1.56399) (0.453761,0.842285) 0.200034 (2.79844,2.7831) 1.97023 1.07665 (-0.512768,-0.514674) (0.122672,0.122172) 0.173194 (2.64632,2.73094) (-0.159527,-0.154573) 0.154664 (3.22437,3.36288) (-0.141245,-0.139513) 0.199601 (-1.01992,-1.21031) (0.113171,0.11774) 0.154173
0.6 (-1.56975,-1.48087) (0.475696,0.8312) 0.200034 (2.79844,2.7831) 1.97023 1.05099 (-0.500502,-0.502456) (0.122664,0.12218) 0.173194 (2.63037,2.71548) (-0.159532,-0.154568) 0.154664 (3.21025,3.34893) (-0.141235,-0.139523) 0.199601 (-1.00861,-1.19853) (0.113165,0.117746) 0.154173
0.7 (-1.52094,-1.39844) (0.4881,0.824339) 0.200034 (2.79844,2.7831) 1.97023 1.0362 (-0.488235,-0.490238) (0.122665,0.122179) 0.173194 (2.61442,2.70003) (-0.159528,-0.154572) 0.154664 (3.19612,3.33498) (-0.141256,-0.139502) 0.199601 (-0.997291,-1.18676) (0.113168,0.117743) 0.154173
0.8 (-1.47141,-1.31644) (0.495286,0.820021) 0.200034 (2.79844,2.7831) 1.97023 1.02745 (-0.475968,-0.478021) (0.122667,0.122177) 0.173194 (2.59847,2.68457) (-0.159523,-0.154578) 0.154664 (3.182,3.32103) (-0.141246,-0.139512) 0.199601 (-0.985974,-1.17498) (0.11317,0.117741) 0.154173
0.9 (-1.42147,-1.23474) (0.499433,0.816947) 0.200034 (2.79844,2.7831) 1.97023 1.02208 (-0.463702,-0.465803) (0.122667,0.122177) 0.173194 (2.58251,2.66911) (-0.159541,-0.154559) 0.154664 (3.16787,3.30708) (-0.141243,-0.139515) 0.199601 (-0.974657,-1.16321) (0.113169,0.117743) 0.154173
1 (-1.37127,-1.15327) (0.501959,0.814735) 0.200034 (2.79844,2.7831) 1.97023 1.01862 (-0.451436,-0.453585) (0.122662,0.122182) 0.173194 (2.56656,2.65366) (-0.159528,-0.154572) 0.154664 (3.15375,3.29313) (-0.141246,-0.139512) 0.199601 (-0.96334,-1.15144) (0.113173,0.117739) 0.154173
1.1 (-1.32092,-1.07199) (0.503518,0.812828) 0.200034 (2.79844,2.7831) 1.97023 1.01619 (-0.439169,-0.441367) (0.12267,0.122174) 0.173194 (2.55061,2.6382) (-0.159526,-0.154575) 0.154664 (3.13962,3.27918) (-0.14124,-0.139518) 0.199601 (-0.952023,-1.13966) (0.113162,0.117749) 0.154173
1.2 (-1.27044,-0.990859) (0.504796,0.811272) 0.200034 (2.79844,2.7831) 1.97023 1.01419 (-0.426901,-0.42915) (0.122672,0.122172) 0.173194 (2.53465,2.62274) (-0.159529,-0.154571) 0.154664 (3.1255,3.26522) (-0.141243,-0.139515) 0.199601 (-0.940708,-1.12789) (0.113155,0.117755) 0.154173
1.3 (-1.21975,-0.909885) (0.506931,0.80974) 0.200034 (2.79844,2.7831) 1.97023 1.01145 (-0.414635,-0.416932) (0.122663,0.122181) 0.173194 (2.5187,2.60728) (-0.159527,-0.154573) 0.154664 (3.11138,3.25127) (-0.141244,-0.139514) 0.199601 (-0.929392,-1.11611) (0.113154,0.117756) 0.154173
1.4 (-1.16431,-0.829369) (0.554377,0.80516) 0.200034 (2.79844,2.7831) 1.97023 0.96781 (-0.402368,-0.404715) (0.122671,0.122172) 0.173194 (2.50275,2.59183) (-0.159531,-0.154569) 0.154664 (3.09725,3.23732) (-0.141247,-0.139511) 0.199601 (-0.918075,-1.10434) (0.113172,0.117739) 0.154173
1.5 (-1.107,-0.750156) (0.573122,0.792133) 0.200034 (2.79844,2.7831) 1.97023 0.944461 (-0.3901,-0.392498) (0.122677,0.122167) 0.173194 (2.48679,2.57637) (-0.159529,-0.15457) 0.154664 (3.08313,3.22337) (-0.141249,-0.139509) 0.199601 (-0.906758,-1.09256) (0.113174,0.117737) 0.154173
1.6 (-1.04866,-0.671689) (0.583414,0.784664) 0.200034 (2.79844,2.7831) 1.97023 0.931454 (-0.377833,-0.380281) (0.122676,0.122168) 0.173194 (2.47084,2.56091) (-0.159538,-0.154562) 0.154664 (3.069,3.20942) (-0.141248,-0.13951) 0.199601 (-0.89544,-1.08079) (0.113174,0.117737) 0.154173
1.7 (-0.989759,-0.593677) (0.588984,0.780123) 0.200034 (2.79844,2.7831) 1.97023 0.92411 (-0.365565,-0.368065) (0.122679,0.122165) 0.173194 (2.45489,2.54546) (-0.159529,-0.154571) 0.154664 (3.05488,3.19547) (-0.141253,-0.139505) 0.199601 (-0.884124,-1.06901) (0.113164,0.117747) 0.154173
1.8 (-0.930558,-0.51595) (0.592003,0.777274) 0.200034 (2.79844,2.7831) 1.97023 0.919887 (-0.353298,-0.355848) (0.122673,0.122171) 0.173194 (2.43894,2.53) (-0.159531,-0.154568) 0.154664 (3.04075,3.18152) (-0.141248,-0.13951) 0.199601 (-0.872807,-1.05724) (0.113165,0.117746) 0.154173
1.9 (-0.871196,-0.438409) (0.59362,0.775402) 0.200034 (2.79844,2.7831) 1.97023 0.917408 (-0.34103,-0.343631) (0.122677,0.122167) 0.173194 (2.42298,2.51454) (-0.15953,-0.15457) 0.154664 (3.02663,3.16757) (-0.141255,-0.139502) 0.199601 (-0.861491,-1.04546) (0.11316,0.117751) 0.154173
2 (-0.811766,-0.361023) (0.594306,0.773867) 0.200034 (2.79844,2.7831) 1.97023 0.915894 (-0.328763,-0.331413) (0.122664,0.12218) 0.173194 (2.40703,2.49908) (-0.159529,-0.154571) 0.154664 (3.0125,3.15361) (-0.141237,-0.139521) 0.199601 (-0.850175,-1.03369) (0.113166,0.117745) 0.154173
2.1 (-0.752305,-0.283749) (0.594605,0.772735) 0.200034 (2.79844,2.7831) 1.97023 0.914944 (-0.316497,-0.319195) (0.122668,0.122176) 0.173194 (2.39108,2.48363) (-0.159533,-0.154567) 0.154664 (2.99838,3.13966) (-0.141252,-0.139505) 0.199601 (-0.838857,-1.02192) (0.113174,0.117738) 0.154173
2.2 (-0.692839,-0.206573) (0.59466,0.771762) 0.200034 (2.79844,2.7831) 1.97023 0.91429 (-0.304229,-0.306978) (0.122672,0.122172) 0.173194 (2.37512,2.46817) (-0.159517,-0.154583) 0.154664 (2.98425,3.12571) (-0.141243,-0.139515) 0.199601 (-0.827541,-1.01014) (0.113165,0.117746) 0.154173
2.3 (-0.633394,-0.129507) (0.594454,0.770663) 0.200034 (2.79844,2.7831) 1.97023 0.913768 (-0.291962,-0.294761) (0.122671,0.122173) 0.173194 (2.35917,2.45271) (-0.159534,-0.154566) 0.154664 (2.97013,3.11176) (-0.141249,-0.139509) 0.199601 (-0.816225,-0.998367) (0.113164,0.117747) 0.154173
2.4 (-0.573954,-0.0525373) (0.594396,0.769694) 0.200034 (2.79844,2.7831) 1.97023 0.913207 (-0.279696,-0.282543) (0.122668,0.122176) 0.173194 (2.34322,2.43726) (-0.159531,-0.154569) 0.154664 (2.956,3.09781) (-0.141249,-0.139509) 0.199601 (-0.804907,-0.986594) (0.113175,0.117737) 0.154173
2.5 (-0.511452,0.0236567) (0.62502,0.76194) 0.200034 (2.79844,2.7831) 1.97023 0.883799 (-0.267428,-0.270326) (0.122671,0.122172) 0.173194 (2.32727,2.4218) (-0.159521,-0.15458) 0.154664 (2.94188,3.08386) (-0.141234,-0.139524) 0.199601 (-0.79359,-0.974819) (0.11317,0.117741) 0.154173
2.6 (-0.445908,0.098379) (0.655443,0.747223) 0.200034 (2.79844,2.7831) 1.97023 0.850738 (-0.255161,-0.258109) (0.122676,0.122168) 0.173194 (2.31131,2.40634) (-0.159527,-0.154573) 0.154664 (2.92775,3.06991) (-0.141249,-0.139509) 0.199601 (-0.782274,-0.963044) (0.113157,0.117753) 0.154173
2.7 (-0.379194,0.171935) (0.667143,0.735556) 0.200034 (2.79844,2.7831) 1.97023 0.834132 (-0.242894,-0.245892) (0.12267,0.122174) 0.173194 (2.29536,2.39088) (-0.159524,-0.154576) 0.154664 (2.91363,3.05596) (-0.141248,-0.13951) 0.199601 (-0.770958,-0.95127) (0.113164,0.117747) 0.154173
2.8 (-0.311882,0.244888) (0.673122,0.72953) 0.200034 (2.79844,2.7831) 1.97023 0.825592 (-0.230628,-0.233674) (0.122662,0.122182) 0.173194 (2.27941,2.37543) (-0.159529,-0.154571) 0.154664 (2.8995,3.04201) (-0.141246,-0.139512) 0.199601 (-0.759642,-0.939495) (0.113164,0.117747) 0.154173
2.9 (-0.244282,0.31751) (0.676,0.726224) 0.200034 (2.79844,2.7831) 1.97023 0.8212 (-0.218362,-0.221455) (0.12266,0.122184) 0.173194 (2.26346,2.35997) (-0.159525,-0.154575) 0.154664 (2.88538,3.02805) (-0.141247,-0.139511) 0.199601 (-0.748325,-0.92772) (0.113165,0.117746) 0.154173
3 (-0.176552,0.389944) (0.6773,0.724335) 0.200034 (2.79844,2.7831) 1.97023 0.818943 (-0.206095,-0.209238) (0.122671,0.122173) 0.173194 (2.2475,2.34451) (-0.159529,-0.154571) 0.154664 (2.87126,3.0141) (-0.141246,-0.139512) 0.199601 (-0.737009,-0.915945) (0.113162,0.117749) 0.154173
3.1 (-0.108771,0.462263) (0.677809,0.723193) 0.200034 (2.79844,2.7831) 1.97023 0.817781 (-0.193829,-0.197019) (0.122659,0.122185) 0.173194 (2.23155,2.32906) (-0.15953,-0.15457) 0.154664 (2.85713,3.00015) (-0.141254,-0.139503) 0.199601 (-0.725693,-0.904171) (0.113163,0.117748) 0.154173
3.2 (-0.0409834,0.534503) (0.677872,0.722404) 0.200034 (2.79844,2.7831) 1.97023 0.817189 (-0.181561,-0.184803) (0.122681,0.122163) 0.173194 (2.2156,2.3136) (-0.159532,-0.154568) 0.154664 (2.843,2.9862) (-0.141251,-0.139507) 0.199601 (-0.714375,-0.892397) (0.113173,0.117738) 0.154173
3.3 (0.0267971,0.606692) (0.677805,0.721888) 0.200034 (2.79844,2.7831) 1.97023 0.816883 (-0.169293,-0.172586) (0.122671,0.122173) 0.173194 (2.19964,2.29814) (-0.159528,-0.154572) 0.154664 (2.82888,2.97225) (-0.141246,-0.139512) 0.199601 (-0.703059,-0.880622) (0.113167,0.117744) 0.154173
3.4 (0.0945499,0.678828) (0.677528,0.721362) 0.200034 (2.79844,2.7831) 1.97023 0.816723 (-0.157026,-0.160368) (0.12267,0.122174) 0.173194 (2.18369,2.28268) (-0.159521,-0.154579) 0.154664 (2.81475,2.9583) (-0.141253,-0.139504) 0.199601 (-0.691742,-0.868848) (0.113166,0.117745) 0.154173
3.5 (0.162261,0.75091) (0.677114,0.720813) 0.200034 (2.79844,2.7831) 1.97023 0.816648 (-0.144759,-0.148151) (0.122672,0.122172) 0.173194 (2.16774,2.26723) (-0.159533,-0.154566) 0.154664 (2.80063,2.94435) (-0.141239,-0.139518) 0.199601 (-0.680425,-0.857074) (0.11317,0.117741) 0.154173
3.6 (0.229927,0.822935) (0.676655,0.720258) 0.200034 (2.79844,2.7831) 1.97023 0.816602 (-0.132492,-0.135934) (0.122668,0.122176) 0.173194 (2.15178,2.25177) (-0.159535,-0.154565) 0.154664 (2.78651,2.9304) (-0.141243,-0.139515) 0.199601 (-0.669109,-0.845299) (0.113162,0.117748) 0.154173
3.7 (0.29754,0.894903) (0.676135,0.719676) 0.200034 (2.79844,2.7831) 1.97023 0.816582 (-0.120225,-0.123716) (0.122671,0.122173) 0.173194 (2.13583,2.23631) (-0.159525,-0.154575) 0.154664 (2.77238,2.91645) (-0.141246,-0.139512) 0.199601 (-0.657793,-0.833523) (0.113155,0.117756) 0.154173
3.8 (0.365098,0.966811) (0.675578,0.719077) 0.200034 (2.79844,2.7831) 1.97023 0.816577 (-0.107958,-0.111499) (0.12267,0.122174) 0.173194 (2.11988,2.22085) (-0.159524,-0.154576) 0.154664 (2.75826,2.9025) (-0.141253,-0.139505) 0.199601 (-0.646477,-0.821748) (0.11316,0.11775) 0.154173
3.9 (0.4326,1.03866) (0.675016,0.718486) 0.200034 (2.79844,2.7831) 1.97023 0.816583 (-0.0956916,-0.0992813) (0.122667,0.122177) 0.173194 (2.10393,2.2054) (-0.159537,-0.154563) 0.154664 (2.74413,2.88854) (-0.141248,-0.13951) 0.199601 (-0.63516,-0.809974) (0.113169,0.117743) 0.154173
4 (0.50003,1.11043) (0.674307,0.717735) 0.200034 (2.79844,2.7831) 1.97023 0.816585 (-0.0834244,-0.087064) (0.122672,0.122172) 0.173194 (2.08797,2.18994) (-0.159526,-0.154574) 0.154664 (2.73001,2.87459) (-0.141243,-0.139515) 0.199601 (-0.623844,-0.7982) (0.113167,0.117744) 0.154173
4.1 (0.567381,1.18212) (0.673508,0.716887) 0.200034 (2.79844,2.7831) 1.97023 0.816587 (-0.0711571,-0.074847) (0.122673,0.122171) 0.173194 (2.07202,2.17449) (-0.159537,-0.154563) 0.154664 (2.71588,2.86064) (-0.141243,-0.139515) 0.199601 (-0.612527,-0.786425) (0.113164,0.117747) 0.154173
4.2 (0.63465,1.25372) (0.672687,0.71602) 0.200034 (2.79844,2.7831) 1.97023 0.816591 (-0.0588903,-0.0626293) (0.122667,0.122177) 0.173194 (2.05607,2.15903) (-0.15953,-0.15457) 0.154664 (2.70176,2.84669) (-0.141245,-0.139513) 0.199601 (-0.601211,-0.77465) (0.113165,0.117746) 0.154173
4.3 (0.701828,1.32523) (0.671783,0.715069) 0.200034 (2.79844,2.7831) 1.97023 0.8166 (-0.0466234,-0.0504118) (0.122669,0.122175) 0.173194 (2.04011,2.14357) (-0.159533,-0.154567) 0.154664 (2.68763,2.83274) (-0.141245,-0.139513) 0.199601 (-0.589894,-0.762876) (0.113169,0.117742) 0.154173
4.4 (0.768896,1.39662) (0.67068,0.71391) 0.200034 (2.79844,2.7831) 1.97023 0.81661 (-0.0343564,-0.0381945) (0.12267,0.122174) 0.173194 (2.02416,2.12811) (-0.159526,-0.154574) 0.154664 (2.67351,2.81879) (-0.141245,-0.139513) 0.199601 (-0.578577,-0.751102) (0.113167,0.117744) 0.154173
4.5 (0.835848,1.46789) (0.669514,0.712684) 0.200034 (2.79844,2.7831) 1.97023 0.816621 (-0.0220884,-0.0259781) (0.12268,0.122164) 0.173194 (2.00821,2.11266) (-0.159532,-0.154568) 0.154664 (2.65939,2.80484) (-0.141245,-0.139513) 0.199601 (-0.567262,-0.739326) (0.113156,0.117754) 0.154173
4.6 (0.902666,1.53902) (0.668182,0.711284) 0.200034 (2.79844,2.7831) 1.97023 0.816633 (-0.0098212,-0.0137609) (0.122672,0.122172) 0.173194 (1.99225,2.0972) (-0.15953,-0.15457) 0.154664 (2.64526,2.79089) (-0.141245,-0.139513) 0.199601 (-0.555945,-0.727551) (0.113162,0.117749) 0.154173
4.7 (0.969336,1.60999) (0.666702,0.709728) 0.200034 (2.79844,2.7831) 1.97023 0.816647 (0.0024455,-0.00154316) (0.122667,0.122177) 0.173194 (1.9763,2.08174) (-0.159535,-0.154565) 0.154664 (2.63114,2.77693) (-0.141242,-0.139516) 0.199601 (-0.544629,-0.715777) (0.113165,0.117746) 0.154173
4.8 (1.03584,1.68079) (0.665054,0.707993) 0.200034 (2.79844,2.7831) 1.97023 0.816661 (0.0147126,0.0106742) (0.122671,0.122173) 0.173194 (1.96035,2.06629) (-0.159521,-0.15458) 0.154664 (2.61701,2.76298) (-0.141244,-0.139514) 0.199601 (-0.533313,-0.704001) (0.113155,0.117755) 0.154173
4.9 (1.10216,1.75139) (0.663143,0.705984) 0.200034 (2.79844,2.7831) 1.97023 0.816679 (0.0269789,0.0228922) (0.122663,0.122181) 0.173194 (1.94439,2.05083) (-0.159534,-0.154566) 0.154664 (2.60289,2.74903) (-0.141244,-0.139514) 0.199601 (-0.521996,-0.692227) (0.113168,0.117743) 0.154173
5 (1.16825,1.82176) (0.660942,0.703671) 0.200034 (2.79844,2.7831) 1.97023 0.8167 (0.0392465,0.035109) (0.122676,0.122168) 0.173194 (1.92844,2.03537) (-0.15953,-0.15457) 0.154664 (2.58876,2.73508) (-0.141244,-0.139514) 0.199601 (-0.510679,-0.680453) (0.113172,0.11774) 0.154173
5.1 (1.23409,1.89186) (0.658439,0.70104) 0.200034 (2.79844,2.7831) 1.97023 0.816724 (0.0515142,0.0473258) (0.122677,0.122167) 0.173194 (1.91249,2.01992) (-0.15953,-0.154569) 0.154664 (2.57464,2.72113) (-0.141244,-0.139514) 0.199601 (-0.499363,-0.668678) (0.113165,0.117746) 0.154173
5.2 (1.29965,1.96166) (0.655525,0.697977) 0.200034 (2.79844,2.7831) 1.97023 0.816752 (0.0637821,0.0595423) (0.122679,0.122165) 0.173194 (1.89654,2.00446) (-0.159528,-0.154572) 0.154664 (2.56051,2.70718) (-0.141244,-0.139514) 0.199601 (-0.488047,-0.656903) (0.113161,0.11775) 0.154173
5.3 (1.36486,2.0311) (0.652158,0.694438) 0.200034 (2.79844,2.7831) 1.97023 0.816785 (0.0760496,0.0717591) (0.122676,0.122168) 0.173194 (1.88058,1.989) (-0.159529,-0.154571) 0.154664 (2.54639,2.69322) (-0.141244,-0.139514) 0.199601 (-0.47673,-0.645129) (0.113163,0.117748) 0.154173
5.4 (1.42969,2.10013) (0.648238,0.690317) 0.200034 (2.79844,2.7831) 1.97023 0.816824 (0.0883164,0.0839767) (0.122668,0.122176) 0.173194 (1.86463,1.97354) (-0.159523,-0.154578) 0.154664 (2.53227,2.67927) (-0.141244,-0.139514) 0.199601 (-0.465414,-0.633354) (0.113164,0.117747) 0.154173
5.5 (1.49404,2.16868) (0.643582,0.685424) 0.200034 (2.79844,2.7831) 1.97023 0.816871 (0.100583,0.0961945) (0.122666,0.122178) 0.173194 (1.84868,1.95809) (-0.159537,-0.154562) 0.154664 (2.51814,2.66532) (-0.141237,-0.139521) 0.199601 (-0.454098,-0.621579) (0.113164,0.117747) 0.154173
5.6 (1.55786,2.23665) (0.638143,0.679698) 0.200034 (2.79844,2.7831) 1.97023 0.816921 (0.11285,0.108412) (0.122674,0.12217) 0.173194 (1.83272,1.94263) (-0.159535,-0.154565) 0.154664 (2.50402,2.65137) (-0.141235,-0.139523) 0.199601 (-0.442781,-0.609805) (0.113165,0.117746) 0.154173
5.7 (1.62102,2.30393) (0.631648,0.672865) 0.200034 (2.79844,2.7831) 1.97023 0.816983 (0.125117,0.120629) (0.122671,0.122173) 0.173194 (1.81677,1.92717) (-0.159526,-0.154574) 0.154664 (2.4899,2.63742) (-0.141238,-0.13952) 0.199601 (-0.431464,-0.59803) (0.113168,0.117743) 0.154173
5.8 (1.68341,2.3704) (0.623858,0.664677) 0.200034 (2.79844,2.7831) 1.97023 0.817066 (0.137385,0.132846) (0.122675,0.122169) 0.173194 (1.80082,1.91172) (-0.15953,-0.15457) 0.154664 (2.47577,2.62347) (-0.141238,-0.13952) 0.199601 (-0.420148,-0.586255) (0.113161,0.11775) 0.154173
5.9 (1.74485,2.43588) (0.614439,0.654777) 0.200034 (2.79844,2.7831) 1.97023 0.817169 (0.149652,0.145063) (0.122671,0.122173) 0.173194 (1.78487,1.89626) (-0.15953,-0.15457) 0.154664 (2.46165,2.60951) (-0.141238,-0.13952) 0.199601 (-0.408832,-0.574481) (0.113165,0.117746) 0.154173
6 (1.80516,2.50016) (0.603089,0.642847) 0.200034 (2.79844,2.7831) 1.97023 0.817297 (0.16192,0.157279) (0.122682,0.122162) 0.173194 (1.76891,1.8808) (-0.159525,-0.154575) 0.154664 (2.44752,2.59556) (-0.141238,-0.13952) 0.199601 (-0.397516,-0.562706) (0.113162,0.117749) 0.154173
6.1 (1.86409,2.56299) (0.589247,0.628298) 0.200034 (2.79844,2.7831) 1.97023 0.81746 (0.174188,0.169496) (0.122677,0.122167) 0.173194 (1.75296,1.86534) (-0.159515,-0.154586) 0.154664 (2.4334,2.58161) (-0.141238,-0.13952) 0.199601 (-0.386199,-0.550931) (0.113167,0.117744) 0.154173
6.2 (1.91902,2.62163) (0.549343,0.586354) 0.200034 (2.79844,2.7831) 1.97023 0.817976 (0.186455,0.181714) (0.122668,0.122176) 0.173194 (1.73701,1.84989) (-0.15954,-0.154559) 0.154664 (2.41928,2.56766) (-0.141238,-0.13952) 0.199601 (-0.374882,-0.539157) (0.113173,0.117738) 0.154173
6.3 (1.96842,2.67444) (0.493991,0.528174) 0.200034 (2.79844,2.7831) 1.97023 0.818827 (0.198951,0.193696) (0.124966,0.119825) 0.173194 (1.72083,1.83466) (-0.16174,-0.152256) 0.154664 (2.40515,2.5537) (-0.141238,-0.13952) 0.199601 (-0.363565,-0.527383) (0.113164,0.117747) 0.154173
6.4 (2.01283,2.72202) (0.444097,0.475729) 0.200034 (2.79844,2.7831) 1.97023 0.819774 (0.211907,0.20518) (0.129558,0.114844) 0.173194 (1.70421,1.81993) (-0.166271,-0.147295) 0.154664 (2.39103,2.53975) (-0.141238,-0.13952) 0.199601 (-0.352249,-0.515608) (0.113162,0.117749) 0.154173
6.5 (2.05275,2.76487) (0.399231,0.42857) 0.200034 (2.79844,2.7831) 1.97023 0.820825 (0.225076,0.21642) (0.131685,0.112398) 0.173194 (1.68737,1.80545) (-0.168406,-0.144849) 0.154664 (2.3769,2.5258) (-0.141237,-0.139521) 0.199601 (-0.340932,-0.503834) (0.113174,0.117737) 0.154173
6.6 (2.08864,2.80349) (0.358908,0.386185) 0.200034 (2.79844,2.7831) 1.97023 0.82199 (0.238418,0.227453) (0.133421,0.110332) 0.173194 (1.67035,1.79117) (-0.170159,-0.142785) 0.154664 (2.36278,2.51185) (-0.141236,-0.139522) 0.199601 (-0.329615,-0.492059) (0.113163,0.117748) 0.154173
6.7 (2.12769,2.83948) (0.390431,0.359847) 0.200034 (2.79844,2.7831) 1.97023 0.744658 (0.251881,0.238339) (0.134632,0.108852) 0.173194 (1.65321,1.77704) (-0.171387,-0.141309) 0.154664 (2.34866,2.4979) (-0.14125,-0.139508) 0.199601 (-0.318298,-0.480285) (0.113173,0.117738) 0.154173
6.8 (2.18121,2.86718) (0.535247,0.277032) 0.200034 (2.79844,2.7831) 1.97023 0.47761 (0.265425,0.249123) (0.135439,0.107846) 0.173194 (1.63599,1.76301) (-0.172207,-0.140309) 0.154664 (2.33453,2.48395) (-0.141243,-0.139515) 0.199601 (-0.306981,-0.468511) (0.113169,0.117742) 0.154173
6.9 (2.24032,2.87911) (0.591092,0.119341) 0.200034 (2.79844,2.7831) 1.97023 0.199221 (0.279015,0.259849) (0.135901,0.107262) 0.173194 (1.61872,1.74903) (-0.172676,-0.13973) 0.154664 (2.32041,2.47) (-0.141258,-0.1395) 0.199601 (-0.295664,-0.456737) (0.113173,0.117738) 0.154173
7 (2.29665,2.87487) (0.563311,-0.0424441) 0.200034 (2.79844,2.7831) 1.97023 -0.0752054 (0.29262,0.270557) (0.136051,0.107072) 0.173194 (1.60144,1.73508) (-0.172828,-0.139542) 0.154664 (2.30628,2.45605) (-0.141254,-0.139503) 0.199601 (-0.284347,-0.444963) (0.113168,0.117743) 0.154173
7.1 (2.34683,2.8657) (0.501801,-0.0917018) 0.200034 (2.79844,2.7831) 1.97023 -0.180751 (0.306225,0.281264) (0.136051,0.107072) 0.173194 (1.58416,1.72113) (-0.172828,-0.139542) 0.154664 (2.29216,2.44209) (-0.141243,-0.139515) 0.199601 (-0.273031,-0.433188) (0.113164,0.117747) 0.154173
