[]
timestamp position0 velocity0 radius0 goal pref_speed theta position1 velocity1 radius1 position2 velocity2 radius2 position3 velocity3 radius3 position4 velocity4 radius4 position5 velocity5 radius5 position6 velocity6 radius6
0 (-1.72811,-1.7911) (0,0) 0.183314 (2.79844,2.7831) 1.51446 0 (-0.578035,-0.535635) (0,0) 0.176591 (2.78169,2.29411) (0,0) 0.187528 (3.36777,2.81359) (0,0) 0.129483 (-1.15175,-1.24558) (0,0) 0.182595
0.1 (-1.72725,-1.78578) (0.00858022,0.0531498) 0.183314 (2.79844,2.7831) 1.51446 1.41074 (-0.5663,-0.524101) (0.117353,0.115337) 0.176591 (2.76758,2.28219) (-0.141106,-0.11922) 0.187528 (3.36235,2.81267) (-0.0541631,-0.00916859) 0.129483 (-1.14078,-1.24734) (0.109764,-0.0175248) 0.182595
0.2 (-1.72317,-1.75506) (0.0407986,0.307217) 0.183314 (2.79844,2.7831) 1.51446 1.43877 (-0.554565,-0.512568) (0.117353,0.115338) 0.176591 (2.75347,2.27027) (-0.141108,-0.119218) 0.187528 (3.34304,2.80875) (-0.19309,-0.0391881) 0.129483 (-1.12535,-1.2384) (0.154241,0.0893678) 0.182595
0.3 (-1.71206,-1.69507) (0.111109,0.599897) 0.183314 (2.79844,2.7831) 1.51446 1.38766 (-0.54283,-0.501033) (0.117347,0.115343) 0.176591 (2.73936,2.25835) (-0.141097,-0.119231) 0.187528 (3.32249,2.79808) (-0.205541,-0.106657) 0.129483 (-1.11289,-1.22565) (0.124625,0.127458) 0.182595
0.4 (-1.67876,-1.60848) (0.333027,0.865922) 0.183314 (2.79844,2.7831) 1.51446 1.20364 (-0.531095,-0.489499) (0.11735,0.11534) 0.176591 (2.72525,2.24642) (-0.141098,-0.11923) 0.187528 (3.30476,2.78318) (-0.17725,-0.149014) 0.129483 (-1.10043,-1.21291) (0.124628,0.127455) 0.182595
0.5 (-1.64016,-1.52376) (0.385984,0.847251) 0.183314 (2.79844,2.7831) 1.51446 1.14332 (-0.51936,-0.477966) (0.117356,0.115335) 0.176591 (2.71114,2.2345) (-0.141096,-0.119233) 0.187528 (3.28704,2.76828) (-0.177254,-0.14901) 0.129483 (-1.08797,-1.20016) (0.124625,0.127458) 0.182595
0.6 (-1.59857,-1.4402) (0.415895,0.835551) 0.183314 (2.79844,2.7831) 1.51446 1.10895 (-0.507624,-0.466432) (0.117356,0.115334) 0.176591 (2.69703,2.22258) (-0.141103,-0.119224) 0.187528 (3.26931,2.75338) (-0.177264,-0.148998) 0.129483 (-1.0755,-1.18742) (0.124623,0.12746) 0.182595
0.7 (-1.55526,-1.35739) (0.433112,0.828094) 0.183314 (2.79844,2.7831) 1.51446 1.0889 (-0.495888,-0.454899) (0.117359,0.115331) 0.176591 (2.68292,2.21065) (-0.141099,-0.119229) 0.187528 (3.25159,2.73848) (-0.177255,-0.149008) 0.129483 (-1.06304,-1.17467) (0.124631,0.127452) 0.182595
0.8 (-1.51094,-1.27509) (0.443195,0.822997) 0.183314 (2.79844,2.7831) 1.51446 1.07682 (-0.484154,-0.443365) (0.117343,0.115347) 0.176591 (2.66881,2.19873) (-0.141094,-0.119235) 0.187528 (3.23386,2.72358) (-0.177251,-0.149013) 0.129483 (-1.05058,-1.16193) (0.124612,0.12747) 0.182595
0.9 (-1.466,-1.19314) (0.44935,0.819489) 0.183314 (2.79844,2.7831) 1.51446 1.06924 (-0.472419,-0.431831) (0.11735,0.11534) 0.176591 (2.6547,2.18681) (-0.141091,-0.119238) 0.187528 (3.21613,2.70868) (-0.177256,-0.149007) 0.129483 (-1.03812,-1.14918) (0.124619,0.127464) 0.182595
1 (-1.42068,-1.11147) (0.453276,0.816727) 0.183314 (2.79844,2.7831) 1.51446 1.06413 (-0.460684,-0.420296) (0.117349,0.115342) 0.176591 (2.64059,2.17488) (-0.141099,-0.119229) 0.187528 (3.19841,2.69378) (-0.17726,-0.149002) 0.129483 (-1.02566,-1.13643) (0.124617,0.127465) 0.182595
1.1 (-1.37506,-1.03003) (0.456125,0.814424) 0.183314 (2.79844,2.7831) 1.51446 1.06026 (-0.44895,-0.408762) (0.117341,0.115349) 0.176591 (2.62648,2.16296) (-0.141096,-0.119233) 0.187528 (3.18068,2.67888) (-0.177257,-0.149006) 0.129483 (-1.01319,-1.12369) (0.124622,0.127461) 0.182595
1.2 (-1.32915,-0.948785) (0.459147,0.812424) 0.183314 (2.79844,2.7831) 1.51446 1.05639 (-0.437215,-0.397228) (0.117351,0.11534) 0.176591 (2.61237,2.15104) (-0.141098,-0.119231) 0.187528 (3.16296,2.66398) (-0.177254,-0.149009) 0.129483 (-1.00073,-1.11094) (0.124625,0.127458) 0.182595
1.3 (-1.28103,-0.867382) (0.481194,0.814035) 0.183314 (2.79844,2.7831) 1.51446 1.03693 (-0.42548,-0.385693) (0.117348,0.115343) 0.176591 (2.59826,2.13912) (-0.141103,-0.119224) 0.187528 (3.14523,2.64908) (-0.177263,-0.148998) 0.129483 (-0.98827,-1.09819) (0.124618,0.127465) 0.182595
1.4 (-1.22346,-0.786913) (0.57574,0.804693) 0.183314 (2.79844,2.7831) 1.51446 0.949758 (-0.413745,-0.374159) (0.117348,0.115342) 0.176591 (2.58415,2.12719) (-0.141099,-0.119229) 0.187528 (3.1275,2.63418) (-0.177266,-0.148995) 0.129483 (-0.975807,-1.08545) (0.12463,0.127453) 0.182595
1.5 (-1.16244,-0.709114) (0.610163,0.777987) 0.183314 (2.79844,2.7831) 1.51446 0.905712 (-0.402011,-0.362624) (0.11734,0.115351) 0.176591 (2.57005,2.11527) (-0.141091,-0.119239) 0.187528 (3.10978,2.61928) (-0.177246,-0.149019) 0.129483 (-0.963343,-1.0727) (0.124631,0.127452) 0.182595
1.6 (-1.09954,-0.632824) (0.629029,0.762902) 0.183314 (2.79844,2.7831) 1.51446 0.881281 (-0.390275,-0.351091) (0.117358,0.115332) 0.176591 (2.55594,2.10335) (-0.141099,-0.11923) 0.187528 (3.09205,2.60437) (-0.177253,-0.14901) 0.129483 (-0.95088,-1.05996) (0.124629,0.127454) 0.182595
1.7 (-1.03559,-0.557395) (0.639511,0.754282) 0.183314 (2.79844,2.7831) 1.51446 0.867557 (-0.378541,-0.339556) (0.117339,0.115351) 0.176591 (2.54183,2.09142) (-0.141099,-0.119229) 0.187528 (3.07433,2.58947) (-0.177254,-0.149009) 0.129483 (-0.938419,-1.04721) (0.124611,0.127472) 0.182595
1.8 (-0.971055,-0.482477) (0.645306,0.749182) 0.183314 (2.79844,2.7831) 1.51446 0.859752 (-0.366807,-0.328021) (0.117343,0.115347) 0.176591 (2.52772,2.0795) (-0.141097,-0.119232) 0.187528 (3.0566,2.57457) (-0.177258,-0.149005) 0.129483 (-0.925957,-1.03447) (0.124623,0.12746) 0.182595
1.9 (-0.906198,-0.407868) (0.64857,0.746095) 0.183314 (2.79844,2.7831) 1.51446 0.855211 (-0.355072,-0.316487) (0.117347,0.115343) 0.176591 (2.51361,2.06758) (-0.141098,-0.119231) 0.187528 (3.03888,2.55967) (-0.177264,-0.148998) 0.129483 (-0.913495,-1.02172) (0.124624,0.127459) 0.182595
2 (-0.841156,-0.333455) (0.650416,0.744128) 0.183314 (2.79844,2.7831) 1.51446 0.852496 (-0.343337,-0.304953) (0.117349,0.115341) 0.176591 (2.4995,2.05565) (-0.141097,-0.119231) 0.187528 (3.02115,2.54477) (-0.177253,-0.149011) 0.129483 (-0.901033,-1.00897) (0.124622,0.127461) 0.182595
2.1 (-0.776004,-0.259168) (0.651527,0.74287) 0.183314 (2.79844,2.7831) 1.51446 0.850812 (-0.331603,-0.293418) (0.117345,0.115345) 0.176591 (2.48539,2.04373) (-0.1411,-0.119227) 0.187528 (3.00343,2.52987) (-0.177259,-0.149004) 0.129483 (-0.88857,-0.996228) (0.124628,0.127455) 0.182595
2.2 (-0.7108,-0.184989) (0.652034,0.741789) 0.183314 (2.79844,2.7831) 1.51446 0.849704 (-0.319867,-0.281885) (0.117357,0.115333) 0.176591 (2.47128,2.03181) (-0.141097,-0.119231) 0.187528 (2.9857,2.51497) (-0.177256,-0.149007) 0.129483 (-0.876107,-0.983482) (0.124625,0.127458) 0.182595
2.3 (-0.64556,-0.110891) (0.652401,0.740982) 0.183314 (2.79844,2.7831) 1.51446 0.848886 (-0.308133,-0.27035) (0.117345,0.115345) 0.176591 (2.45717,2.01989) (-0.141104,-0.119223) 0.187528 (2.96797,2.50007) (-0.177256,-0.149007) 0.129483 (-0.863645,-0.970736) (0.124623,0.127459) 0.182595
2.4 (-0.580284,-0.0368619) (0.652757,0.740288) 0.183314 (2.79844,2.7831) 1.51446 0.84815 (-0.296397,-0.258817) (0.117353,0.115337) 0.176591 (2.44306,2.00796) (-0.1411,-0.119228) 0.187528 (2.95025,2.48517) (-0.177248,-0.149016) 0.129483 (-0.851182,-0.95799) (0.124627,0.127456) 0.182595
2.5 (-0.514849,0.037028) (0.654359,0.738899) 0.183314 (2.79844,2.7831) 1.51446 0.846002 (-0.284662,-0.247283) (0.117348,0.115342) 0.176591 (2.42895,1.99604) (-0.141091,-0.119238) 0.187528 (2.93252,2.47027) (-0.177258,-0.149005) 0.129483 (-0.83872,-0.945244) (0.124622,0.127461) 0.182595
2.6 (-0.442638,0.106604) (0.72211,0.695763) 0.183314 (2.79844,2.7831) 1.51446 0.766818 (-0.272928,-0.235748) (0.117342,0.115348) 0.176591 (2.41484,1.98412) (-0.141091,-0.119239) 0.187528 (2.9148,2.45537) (-0.177259,-0.149004) 0.129483 (-0.826258,-0.932498) (0.124624,0.127459) 0.182595
2.7 (-0.367895,0.173141) (0.747422,0.665363) 0.183314 (2.79844,2.7831) 1.51446 0.72738 (-0.261194,-0.224213) (0.117344,0.115346) 0.176591 (2.40073,1.97219) (-0.141094,-0.119235) 0.187528 (2.89707,2.44047) (-0.177253,-0.149011) 0.129483 (-0.813796,-0.919752) (0.12462,0.127463) 0.182595
2.8 (-0.291838,0.238106) (0.760577,0.649651) 0.183314 (2.79844,2.7831) 1.51446 0.706902 (-0.249459,-0.212679) (0.117349,0.115341) 0.176591 (2.38662,1.96027) (-0.141106,-0.119221) 0.187528 (2.87935,2.42557) (-0.177257,-0.149006) 0.129483 (-0.801333,-0.907006) (0.124627,0.127456) 0.182595
2.9 (-0.215112,0.302245) (0.767258,0.641396) 0.183314 (2.79844,2.7831) 1.51446 0.696286 (-0.237724,-0.201145) (0.117353,0.115337) 0.176591 (2.37251,1.94835) (-0.141106,-0.119221) 0.187528 (2.86162,2.41067) (-0.177266,-0.148995) 0.129483 (-0.788871,-0.89426) (0.124618,0.127465) 0.182595
3 (-0.138036,0.365959) (0.770764,0.637137) 0.183314 (2.79844,2.7831) 1.51446 0.690769 (-0.225989,-0.189611) (0.117351,0.11534) 0.176591 (2.3584,1.93642) (-0.1411,-0.119228) 0.187528 (2.84389,2.39577) (-0.177253,-0.14901) 0.129483 (-0.776408,-0.881514) (0.124628,0.127455) 0.182595
3.1 (-0.0608357,0.429509) (0.771998,0.635496) 0.183314 (2.79844,2.7831) 1.51446 0.688718 (-0.214254,-0.178077) (0.117348,0.115342) 0.176591 (2.34429,1.9245) (-0.141094,-0.119234) 0.187528 (2.82617,2.38086) (-0.177252,-0.149013) 0.129483 (-0.763946,-0.868769) (0.124625,0.127458) 0.182595
3.2 (0.0163667,0.49306) (0.772024,0.635515) 0.183314 (2.79844,2.7831) 1.51446 0.688717 (-0.202519,-0.166543) (0.117348,0.115342) 0.176591 (2.33018,1.91258) (-0.141094,-0.119235) 0.187528 (2.80844,2.36596) (-0.177258,-0.149004) 0.129483 (-0.751484,-0.856023) (0.124622,0.127461) 0.182595
3.3 (0.0935744,0.556611) (0.772077,0.635506) 0.183314 (2.79844,2.7831) 1.51446 0.688676 (-0.190784,-0.155009) (0.117352,0.115338) 0.176591 (2.31607,1.90065) (-0.141097,-0.119231) 0.187528 (2.79072,2.35106) (-0.177245,-0.149021) 0.129483 (-0.739021,-0.843277) (0.124626,0.127457) 0.182595
3.4 (0.170782,0.620166) (0.772076,0.635555) 0.183314 (2.79844,2.7831) 1.51446 0.688714 (-0.17905,-0.143474) (0.117341,0.11535) 0.176591 (2.30196,1.88873) (-0.141102,-0.119226) 0.187528 (2.77299,2.33616) (-0.177249,-0.149015) 0.129483 (-0.726559,-0.830531) (0.124626,0.127456) 0.182595
3.5 (0.24799,0.683722) (0.772084,0.635558) 0.183314 (2.79844,2.7831) 1.51446 0.688711 (-0.167315,-0.13194) (0.117352,0.115339) 0.176591 (2.28785,1.87681) (-0.141087,-0.119243) 0.187528 (2.75527,2.32126) (-0.177253,-0.149011) 0.129483 (-0.714097,-0.817784) (0.124615,0.127467) 0.182595
3.6 (0.325204,0.747283) (0.772133,0.63561) 0.183314 (2.79844,2.7831) 1.51446 0.68872 (-0.15558,-0.120406) (0.117349,0.115341) 0.176591 (2.27374,1.86489) (-0.141105,-0.119222) 0.187528 (2.73754,2.30636) (-0.177253,-0.14901) 0.129483 (-0.701635,-0.805038) (0.124618,0.127465) 0.182595
3.7 (0.402416,0.810832) (0.772127,0.635493) 0.183314 (2.79844,2.7831) 1.51446 0.688633 (-0.143845,-0.108872) (0.117348,0.115342) 0.176591 (2.25963,1.85296) (-0.141098,-0.11923) 0.187528 (2.71982,2.29146) (-0.177252,-0.149012) 0.129483 (-0.689174,-0.792291) (0.124617,0.127466) 0.182595
3.8 (0.479619,0.874379) (0.77203,0.635472) 0.183314 (2.79844,2.7831) 1.51446 0.688679 (-0.132109,-0.0973383) (0.117354,0.115336) 0.176591 (2.24552,1.84104) (-0.141095,-0.119233) 0.187528 (2.70209,2.27656) (-0.177259,-0.149004) 0.129483 (-0.676711,-0.779546) (0.124629,0.127454) 0.182595
3.9 (0.556826,0.937931) (0.772065,0.635518) 0.183314 (2.79844,2.7831) 1.51446 0.688693 (-0.120374,-0.0858048) (0.117355,0.115335) 0.176591 (2.23141,1.82912) (-0.1411,-0.119228) 0.187528 (2.68437,2.26166) (-0.177269,-0.148992) 0.129483 (-0.664249,-0.766799) (0.124616,0.127467) 0.182595
4 (0.634032,1.00149) (0.772061,0.635566) 0.183314 (2.79844,2.7831) 1.51446 0.688732 (-0.10864,-0.0742696) (0.117339,0.115352) 0.176591 (2.2173,1.81719) (-0.14109,-0.11924) 0.187528 (2.66664,2.24676) (-0.17725,-0.149014) 0.129483 (-0.651786,-0.754054) (0.124629,0.127454) 0.182595
4.1 (0.711236,1.06504) (0.772036,0.63557) 0.183314 (2.79844,2.7831) 1.51446 0.688751 (-0.0969055,-0.0627351) (0.117345,0.115345) 0.176591 (2.20319,1.80527) (-0.1411,-0.119228) 0.187528 (2.64892,2.23186) (-0.177255,-0.149008) 0.129483 (-0.639324,-0.741308) (0.124622,0.127461) 0.182595
4.2 (0.788436,1.1286) (0.772005,0.635504) 0.183314 (2.79844,2.7831) 1.51446 0.68872 (-0.085171,-0.0512006) (0.117345,0.115345) 0.176591 (2.18908,1.79335) (-0.141103,-0.119224) 0.187528 (2.63119,2.21696) (-0.17726,-0.149003) 0.129483 (-0.626862,-0.728562) (0.124622,0.127461) 0.182595
4.3 (0.865636,1.19215) (0.771995,0.635514) 0.183314 (2.79844,2.7831) 1.51446 0.688734 (-0.073437,-0.0396655) (0.11734,0.115351) 0.176591 (2.17497,1.78142) (-0.141095,-0.119234) 0.187528 (2.61346,2.20205) (-0.177258,-0.149005) 0.129483 (-0.614399,-0.715816) (0.124629,0.127454) 0.182595
4.4 (0.942842,1.2557) (0.77206,0.635543) 0.183314 (2.79844,2.7831) 1.51446 0.688715 (-0.0617021,-0.0281314) (0.117349,0.115341) 0.176591 (2.16086,1.7695) (-0.141097,-0.119232) 0.187528 (2.59574,2.18715) (-0.17725,-0.149014) 0.129483 (-0.601937,-0.70307) (0.124623,0.12746) 0.182595
4.5 (1.02005,1.31925) (0.772127,0.635482) 0.183314 (2.79844,2.7831) 1.51446 0.688625 (-0.0499671,-0.0165974) (0.11735,0.11534) 0.176591 (2.14675,1.75758) (-0.141093,-0.119236) 0.187528 (2.57801,2.17225) (-0.177249,-0.149016) 0.129483 (-0.589475,-0.690324) (0.12462,0.127463) 0.182595
4.6 (1.09725,1.3828) (0.772004,0.635517) 0.183314 (2.79844,2.7831) 1.51446 0.688731 (-0.0382325,-0.00506299) (0.117346,0.115344) 0.176591 (2.13264,1.74565) (-0.141098,-0.11923) 0.187528 (2.56029,2.15735) (-0.177255,-0.149008) 0.129483 (-0.577012,-0.677578) (0.124623,0.12746) 0.182595
4.7 (1.17446,1.44635) (0.772074,0.635509) 0.183314 (2.79844,2.7831) 1.51446 0.68868 (-0.0264985,0.00647209) (0.11734,0.115351) 0.176591 (2.11853,1.73373) (-0.141086,-0.119245) 0.187528 (2.54256,2.14245) (-0.177253,-0.14901) 0.129483 (-0.56455,-0.664832) (0.124624,0.127459) 0.182595
4.8 (1.25168,1.50991) (0.772134,0.635557) 0.183314 (2.79844,2.7831) 1.51446 0.688679 (-0.0147636,0.0180062) (0.117349,0.115341) 0.176591 (2.10442,1.72181) (-0.14109,-0.11924) 0.187528 (2.52484,2.12755) (-0.17726,-0.149002) 0.129483 (-0.552088,-0.652086) (0.124618,0.127465) 0.182595
4.9 (1.32889,1.57345) (0.772118,0.635463) 0.183314 (2.79844,2.7831) 1.51446 0.688616 (-0.00302955,0.0295412) (0.117341,0.11535) 0.176591 (2.09032,1.70988) (-0.141097,-0.119231) 0.187528 (2.50711,2.11265) (-0.177244,-0.149022) 0.129483 (-0.539627,-0.639339) (0.124615,0.127467) 0.182595
5 (1.4061,1.637) (0.772155,0.635473) 0.183314 (2.79844,2.7831) 1.51446 0.6886 (0.00870559,0.041075) (0.117351,0.115339) 0.176591 (2.07621,1.69796) (-0.141091,-0.119238) 0.187528 (2.48939,2.09775) (-0.177263,-0.148999) 0.129483 (-0.527165,-0.626593) (0.124621,0.127462) 0.182595
5.1 (1.48332,1.70055) (0.772144,0.635531) 0.183314 (2.79844,2.7831) 1.51446 0.688652 (0.0204402,0.0526095) (0.117346,0.115344) 0.176591 (2.0621,1.68604) (-0.141094,-0.119235) 0.187528 (2.47166,2.08285) (-0.177257,-0.149006) 0.129483 (-0.514701,-0.613848) (0.124631,0.127452) 0.182595
5.2 (1.56053,1.76411) (0.772147,0.635524) 0.183314 (2.79844,2.7831) 1.51446 0.688646 (0.0321746,0.0641441) (0.117343,0.115347) 0.176591 (2.04799,1.67411) (-0.141097,-0.119232) 0.187528 (2.45394,2.06795) (-0.177257,-0.149006) 0.129483 (-0.502238,-0.601103) (0.124632,0.127451) 0.182595
5.3 (1.63773,1.82767) (0.772005,0.635589) 0.183314 (2.79844,2.7831) 1.51446 0.688786 (0.0439097,0.075678) (0.117351,0.115339) 0.176591 (2.03388,1.66219) (-0.141097,-0.119232) 0.187528 (2.43621,2.05305) (-0.177251,-0.149013) 0.129483 (-0.489777,-0.588356) (0.124615,0.127468) 0.182595
5.4 (1.71494,1.89122) (0.772067,0.635566) 0.183314 (2.79844,2.7831) 1.51446 0.688728 (0.0556437,0.0872131) (0.11734,0.11535) 0.176591 (2.01977,1.65027) (-0.141098,-0.119231) 0.187528 (2.41848,2.03815) (-0.177261,-0.149001) 0.129483 (-0.477315,-0.57561) (0.124621,0.127462) 0.182595
5.5 (1.79215,1.95478) (0.77206,0.635552) 0.183314 (2.79844,2.7831) 1.51446 0.688722 (0.0673794,0.0987463) (0.117358,0.115332) 0.176591 (2.00566,1.63834) (-0.141092,-0.119238) 0.187528 (2.40076,2.02324) (-0.17725,-0.149015) 0.129483 (-0.464853,-0.562863) (0.124613,0.127469) 0.182595
5.6 (1.86936,2.01834) (0.772108,0.635589) 0.183314 (2.79844,2.7831) 1.51446 0.68872 (0.0791148,0.11028) (0.117353,0.115337) 0.176591 (1.99155,1.62642) (-0.14109,-0.11924) 0.187528 (2.38303,2.00834) (-0.177265,-0.148997) 0.129483 (-0.452391,-0.550117) (0.124623,0.127459) 0.182595
5.7 (1.94656,2.08189) (0.772041,0.635517) 0.183314 (2.79844,2.7831) 1.51446 0.688707 (0.0908493,0.121814) (0.117345,0.115345) 0.176591 (1.97758,1.61433) (-0.139655,-0.120917) 0.187528 (2.36518,1.9936) (-0.178548,-0.147456) 0.129483 (-0.439929,-0.537371) (0.124624,0.127459) 0.182595
5.8 (2.02377,2.14544) (0.772059,0.635502) 0.183314 (2.79844,2.7831) 1.51446 0.688684 (0.102584,0.133349) (0.117343,0.115347) 0.176591 (1.96375,1.60208) (-0.138308,-0.122455) 0.187528 (2.34721,1.97899) (-0.179654,-0.146107) 0.129483 (-0.427467,-0.524625) (0.124619,0.127463) 0.182595
5.9 (2.10098,2.20898) (0.77212,0.635468) 0.183314 (2.79844,2.7831) 1.51446 0.688619 (0.114319,0.144883) (0.11735,0.11534) 0.176591 (1.95003,1.58972) (-0.137268,-0.12362) 0.187528 (2.32916,1.96448) (-0.180475,-0.145092) 0.129483 (-0.415004,-0.511879) (0.124627,0.127456) 0.182595
6 (2.17073,2.2664) (0.697514,0.57411) 0.183314 (2.79844,2.7831) 1.51446 0.688656 (0.126054,0.156417) (0.11735,0.11534) 0.176591 (1.93639,1.57726) (-0.136366,-0.124614) 0.187528 (2.31105,1.95006) (-0.181169,-0.144224) 0.129483 (-0.402542,-0.499133) (0.124621,0.127461) 0.182595
6.1 (2.2335,2.31807) (0.62769,0.516715) 0.183314 (2.79844,2.7831) 1.51446 0.688729 (0.137789,0.167951) (0.117356,0.115335) 0.176591 (1.92283,1.56471) (-0.135589,-0.125459) 0.187528 (2.29287,1.93571) (-0.181756,-0.143483) 0.129483 (-0.390079,-0.486387) (0.12463,0.127453) 0.182595
6.2 (2.28999,2.36458) (0.564927,0.4651) 0.183314 (2.79844,2.7831) 1.51446 0.688783 (0.149524,0.179485) (0.117345,0.115346) 0.176591 (1.90934,1.55209) (-0.134909,-0.126191) 0.187528 (2.27465,1.92142) (-0.182264,-0.142837) 0.129483 (-0.377617,-0.473641) (0.124622,0.127461) 0.182595
6.3 (2.34084,2.40643) (0.50846,0.418523) 0.183314 (2.79844,2.7831) 1.51446 0.68868 (0.161259,0.191018) (0.117357,0.115333) 0.176591 (1.89591,1.53941) (-0.134308,-0.12683) 0.187528 (2.25637,1.9072) (-0.182709,-0.142268) 0.129483 (-0.365155,-0.460895) (0.124619,0.127463) 0.182595
6.4 (2.3866,2.44411) (0.457632,0.376763) 0.183314 (2.79844,2.7831) 1.51446 0.688781 (0.172995,0.202552) (0.117357,0.115333) 0.176591 (1.88253,1.52667) (-0.133774,-0.127393) 0.187528 (2.23806,1.89302) (-0.183101,-0.141763) 0.129483 (-0.352693,-0.448148) (0.124614,0.127468) 0.182595
6.5 (2.42778,2.478) (0.411772,0.338992) 0.183314 (2.79844,2.7831) 1.51446 0.688759 (0.184729,0.214087) (0.117339,0.115351) 0.176591 (1.8692,1.51388) (-0.133298,-0.127891) 0.187528 (2.21972,1.87889) (-0.18345,-0.141312) 0.129483 (-0.340231,-0.435402) (0.124622,0.127461) 0.182595
6.6 (2.46485,2.50851) (0.370672,0.305085) 0.183314 (2.79844,2.7831) 1.51446 0.688644 (0.196464,0.225621) (0.117353,0.115337) 0.176591 (1.85591,1.50105) (-0.132871,-0.128334) 0.187528 (2.20134,1.8648) (-0.18376,-0.140908) 0.129483 (-0.327769,-0.422656) (0.124624,0.127459) 0.182595
