[]
timestamp position0 velocity0 radius0 goal pref_speed theta position1 velocity1 radius1 position2 velocity2 radius2 position3 velocity3 radius3 position4 velocity4 radius4 position5 velocity5 radius5 position6 velocity6 radius6
0 (-1.60514,-1.90311) (0,0) 0.199936 (2.79844,2.7831) 1.97084 0 (-0.903361,-0.752543) (0,0) 0.161512 (2.92478,2.04785) (0,0) 0.153231 (3.56712,2.57255) (0,0) 0.130206 (-1.10109,-1.24992) (0,0) 0.12338
0.1 (-1.5944,-1.90506) (0.10739,-0.0194938) 0.199936 (2.79844,2.7831) 1.97084 -0.179568 (-0.892585,-0.742249) (0.107768,0.102939) 0.161512 (2.90339,2.03144) (-0.213948,-0.164178) 0.153231 (3.56026,2.57231) (-0.0685816,-0.00234242) 0.130206 (-1.07755,-1.25658) (0.23543,-0.0666546) 0.12338
0.2 (-1.57939,-1.89205) (0.150144,0.130071) 0.199936 (2.79844,2.7831) 1.97084 0.713883 (-0.881807,-0.731956) (0.107777,0.10293) 0.161512 (2.88199,2.01502) (-0.21394,-0.164188) 0.153231 (3.55149,2.56573) (-0.0877277,-0.0658622) 0.130206 (-1.05372,-1.25102) (0.238286,0.055587) 0.12338
0.3 (-1.55899,-1.87305) (0.204037,0.189985) 0.199936 (2.79844,2.7831) 1.97084 0.74975 (-0.871029,-0.721663) (0.10778,0.102927) 0.161512 (2.8606,1.9986) (-0.213951,-0.164173) 0.153231 (3.54271,2.55914) (-0.0877296,-0.0658597) 0.130206 (-1.03208,-1.23962) (0.216458,0.114087) 0.12338
0.4 (-1.53659,-1.85063) (0.223928,0.224199) 0.199936 (2.79844,2.7831) 1.97084 0.786002 (-0.860251,-0.71137) (0.107776,0.102931) 0.161512 (2.8392,1.98218) (-0.213947,-0.164179) 0.153231 (3.53394,2.55255) (-0.0877244,-0.0658665) 0.130206 (-1.01209,-1.2255) (0.19983,0.141202) 0.12338
0.5 (-1.51361,-1.82649) (0.229859,0.24142) 0.199936 (2.79844,2.7831) 1.97084 0.809925 (-0.849474,-0.701077) (0.107777,0.10293) 0.161512 (2.81781,1.96577) (-0.213961,-0.16416) 0.153231 (3.52517,2.54597) (-0.0877237,-0.0658675) 0.130206 (-0.993085,-1.21009) (0.19007,0.154089) 0.12338
0.6 (-1.49052,-1.80161) (0.23088,0.248834) 0.199936 (2.79844,2.7831) 1.97084 0.822807 (-0.838697,-0.690784) (0.10777,0.102937) 0.161512 (2.79641,1.94935) (-0.213943,-0.164183) 0.153231 (3.5164,2.53938) (-0.087724,-0.065867) 0.130206 (-0.974608,-1.19405) (0.184777,0.160398) 0.12338
0.7 (-1.46748,-1.7765) (0.230348,0.251055) 0.199936 (2.79844,2.7831) 1.97084 0.828386 (-0.827919,-0.68049) (0.107775,0.102932) 0.161512 (2.77502,1.93293) (-0.213951,-0.164174) 0.153231 (3.50762,2.53279) (-0.0877271,-0.065863) 0.130206 (-0.956351,-1.17776) (0.182566,0.162911) 0.12338
0.8 (-1.44452,-1.75144) (0.229622,0.250603) 0.199936 (2.79844,2.7831) 1.97084 0.829061 (-0.817194,-0.670143) (0.107251,0.103478) 0.161512 (2.75362,1.91651) (-0.213944,-0.164183) 0.153231 (3.49885,2.52621) (-0.0877262,-0.0658641) 0.130206 (-0.937801,-1.1618) (0.185497,0.159565) 0.12338
0.9 (-1.42157,-1.72653) (0.22955,0.249062) 0.199936 (2.79844,2.7831) 1.97084 0.826142 (-0.806627,-0.659633) (0.105668,0.105093) 0.161512 (2.73223,1.9001) (-0.21395,-0.164174) 0.153231 (3.49008,2.51962) (-0.087724,-0.065867) 0.130206 (-0.919074,-1.14605) (0.187275,0.157474) 0.12338
1 (-1.39863,-1.70177) (0.229347,0.247623) 0.199936 (2.79844,2.7831) 1.97084 0.823697 (-0.796203,-0.648982) (0.104239,0.106511) 0.161512 (2.71083,1.88368) (-0.213951,-0.164174) 0.153231 (3.4813,2.51303) (-0.0877253,-0.0658654) 0.130206 (-0.900183,-1.1305) (0.188913,0.155506) 0.12338
1.1 (-1.37572,-1.67715) (0.229105,0.246259) 0.199936 (2.79844,2.7831) 1.97084 0.821468 (-0.78591,-0.638205) (0.102935,0.107772) 0.161512 (2.68944,1.86726) (-0.213935,-0.164194) 0.153231 (3.47253,2.50645) (-0.0877242,-0.0658667) 0.130206 (-0.881153,-1.11512) (0.190299,0.153807) 0.12338
1.2 (-1.35284,-1.65265) (0.228833,0.244966) 0.199936 (2.79844,2.7831) 1.97084 0.819435 (-0.775735,-0.627316) (0.101749,0.108892) 0.161512 (2.66804,1.85084) (-0.213952,-0.164172) 0.153231 (3.46376,2.49986) (-0.0877257,-0.0658648) 0.130206 (-0.862003,-1.09989) (0.191495,0.152315) 0.12338
1.3 (-1.32998,-1.62828) (0.22854,0.243741) 0.199936 (2.79844,2.7831) 1.97084 0.817575 (-0.765667,-0.616327) (0.100675,0.109886) 0.161512 (2.64665,1.83442) (-0.213949,-0.164175) 0.153231 (3.45499,2.49327) (-0.087722,-0.0658698) 0.130206 (-0.84275,-1.08479) (0.192538,0.150995) 0.12338
1.4 (-1.30716,-1.60402) (0.22823,0.242582) 0.199936 (2.79844,2.7831) 1.97084 0.815872 (-0.755697,-0.605251) (0.0997066,0.110766) 0.161512 (2.62526,1.81801) (-0.213941,-0.164187) 0.153231 (3.44622,2.48669) (-0.0877234,-0.0658679) 0.130206 (-0.823404,-1.06981) (0.193453,0.14982) 0.12338
1.5 (-1.28437,-1.57987) (0.22791,0.241487) 0.199936 (2.79844,2.7831) 1.97084 0.814314 (-0.745813,-0.594096) (0.0988379,0.111541) 0.161512 (2.60386,1.80159) (-0.213953,-0.16417) 0.153231 (3.43744,2.4801) (-0.0877264,-0.0658638) 0.130206 (-0.803978,-1.05493) (0.19426,0.148772) 0.12338
1.6 (-1.26161,-1.55582) (0.227583,0.240455) 0.199936 (2.79844,2.7831) 1.97084 0.812894 (-0.736006,-0.582874) (0.0980635,0.112223) 0.161512 (2.58246,1.78517) (-0.213952,-0.164172) 0.153231 (3.42867,2.47351) (-0.0877242,-0.0658668) 0.130206 (-0.784481,-1.04015) (0.194974,0.147835) 0.12338
1.7 (-1.23889,-1.53187) (0.227252,0.239487) 0.199936 (2.79844,2.7831) 1.97084 0.811606 (-0.726269,-0.571592) (0.0973786,0.112818) 0.161512 (2.56107,1.76875) (-0.213948,-0.164177) 0.153231 (3.4199,2.46693) (-0.0877226,-0.065869) 0.130206 (-0.76492,-1.02545) (0.195607,0.146997) 0.12338
1.8 (-1.21619,-1.50802) (0.226921,0.238583) 0.199936 (2.79844,2.7831) 1.97084 0.810445 (-0.716591,-0.560259) (0.0967787,0.113333) 0.161512 (2.53967,1.75234) (-0.213961,-0.16416) 0.153231 (3.41112,2.46034) (-0.0877299,-0.0658592) 0.130206 (-0.745303,-1.01082) (0.196169,0.146246) 0.12338
1.9 (-1.19354,-1.48424) (0.226592,0.237743) 0.199936 (2.79844,2.7831) 1.97084 0.809408 (-0.706965,-0.548882) (0.0962596,0.113774) 0.161512 (2.51828,1.73592) (-0.213949,-0.164175) 0.153231 (3.40235,2.45375) (-0.0877269,-0.0658633) 0.130206 (-0.725637,-0.996266) (0.196667,0.145576) 0.12338
2 (-1.17091,-1.46054) (0.226268,0.236969) 0.199936 (2.79844,2.7831) 1.97084 0.808495 (-0.697383,-0.537467) (0.0958175,0.114147) 0.161512 (2.49688,1.7195) (-0.213948,-0.164177) 0.153231 (3.39358,2.44717) (-0.0877229,-0.0658686) 0.130206 (-0.705926,-0.981768) (0.197108,0.144978) 0.12338
2.1 (-1.14831,-1.43692) (0.225951,0.236264) 0.199936 (2.79844,2.7831) 1.97084 0.807707 (-0.687838,-0.526022) (0.0954489,0.114455) 0.161512 (2.47549,1.70308) (-0.213942,-0.164184) 0.153231 (3.38481,2.44058) (-0.0877237,-0.0658674) 0.130206 (-0.686176,-0.967323) (0.197498,0.144446) 0.12338
2.2 (-1.12575,-1.41336) (0.225644,0.235632) 0.199936 (2.79844,2.7831) 1.97084 0.807047 (-0.678323,-0.514551) (0.0951509,0.114703) 0.161512 (2.45409,1.68667) (-0.213947,-0.164179) 0.153231 (3.37603,2.43399) (-0.0877275,-0.0658624) 0.130206 (-0.666392,-0.952926) (0.19784,0.143977) 0.12338
2.3 (-1.10321,-1.38985) (0.225351,0.235076) 0.199936 (2.79844,2.7831) 1.97084 0.806517 (-0.668831,-0.503062) (0.0949206,0.114893) 0.161512 (2.4327,1.67025) (-0.213947,-0.164178) 0.153231 (3.36726,2.42741) (-0.0877298,-0.0658593) 0.130206 (-0.646578,-0.938569) (0.19814,0.143564) 0.12338
2.4 (-1.08071,-1.36639) (0.225075,0.234604) 0.199936 (2.79844,2.7831) 1.97084 0.806126 (-0.659355,-0.491559) (0.0947558,0.115029) 0.161512 (2.4113,1.65383) (-0.213956,-0.164166) 0.153231 (3.35849,2.42082) (-0.0877249,-0.0658659) 0.130206 (-0.626738,-0.924249) (0.1984,0.143204) 0.12338
2.5 (-1.05823,-1.34296) (0.22482,0.234225) 0.199936 (2.79844,2.7831) 1.97084 0.805884 (-0.64989,-0.480048) (0.0946545,0.115113) 0.161512 (2.38991,1.63741) (-0.213948,-0.164177) 0.153231 (3.34972,2.41424) (-0.0877275,-0.0658624) 0.130206 (-0.606876,-0.909959) (0.198624,0.142894) 0.12338
2.6 (-1.03577,-1.31957) (0.224591,0.23395) 0.199936 (2.79844,2.7831) 1.97084 0.805804 (-0.640428,-0.468533) (0.0946153,0.115145) 0.161512 (2.36852,1.621) (-0.213947,-0.164178) 0.153231 (3.34094,2.40765) (-0.087726,-0.0658644) 0.130206 (-0.586994,-0.895696) (0.198812,0.142632) 0.12338
2.7 (-1.01333,-1.29619) (0.224395,0.233769) 0.199936 (2.79844,2.7831) 1.97084 0.805855 (-0.630967,-0.457019) (0.0946145,0.115146) 0.161512 (2.34712,1.60458) (-0.213947,-0.164179) 0.153231 (3.33217,2.40106) (-0.0877233,-0.065868) 0.130206 (-0.567098,-0.881455) (0.198968,0.142414) 0.12338
2.8 (-0.990904,-1.27283) (0.224227,0.233615) 0.199936 (2.79844,2.7831) 1.97084 0.805901 (-0.621505,-0.445504) (0.0946145,0.115146) 0.161512 (2.32572,1.58816) (-0.213955,-0.164168) 0.153231 (3.3234,2.39448) (-0.0877275,-0.0658624) 0.130206 (-0.547188,-0.867231) (0.199093,0.14224) 0.12338
2.9 (-0.968495,-1.24948) (0.224089,0.233489) 0.199936 (2.79844,2.7831) 1.97084 0.805939 (-0.612044,-0.43399) (0.0946145,0.115146) 0.161512 (2.30433,1.57174) (-0.213954,-0.164169) 0.153231 (3.31463,2.38789) (-0.0877245,-0.0658664) 0.130206 (-0.527269,-0.85302) (0.199189,0.142105) 0.12338
3 (-0.946097,-1.22614) (0.223981,0.233391) 0.199936 (2.79844,2.7831) 1.97084 0.805968 (-0.602583,-0.422475) (0.0946145,0.115146) 0.161512 (2.28293,1.55533) (-0.213945,-0.164181) 0.153231 (3.30585,2.3813) (-0.0877215,-0.0658704) 0.130206 (-0.507344,-0.838819) (0.199259,0.142007) 0.12338
3.1 (-0.923706,-1.20281) (0.223907,0.233323) 0.199936 (2.79844,2.7831) 1.97084 0.805989 (-0.593121,-0.41096) (0.0946145,0.115146) 0.161512 (2.26154,1.53891) (-0.213949,-0.164175) 0.153231 (3.29708,2.37472) (-0.0877269,-0.0658632) 0.130206 (-0.487413,-0.824625) (0.199304,0.141943) 0.12338
3.2 (-0.90132,-1.17948) (0.223867,0.233286) 0.199936 (2.79844,2.7831) 1.97084 0.806 (-0.58366,-0.399446) (0.0946145,0.115146) 0.161512 (2.24014,1.52249) (-0.213957,-0.164166) 0.153231 (3.28831,2.36813) (-0.0877266,-0.0658636) 0.130206 (-0.46748,-0.810434) (0.199327,0.141911) 0.12338
3.3 (-0.878933,-1.15615) (0.223861,0.233281) 0.199936 (2.79844,2.7831) 1.97084 0.806001 (-0.574198,-0.387931) (0.0946145,0.115146) 0.161512 (2.21875,1.50608) (-0.213953,-0.164171) 0.153231 (3.27954,2.36154) (-0.0877236,-0.0658676) 0.130206 (-0.447547,-0.796243) (0.19933,0.141907) 0.12338
3.4 (-0.856547,-1.13283) (0.223861,0.233281) 0.199936 (2.79844,2.7831) 1.97084 0.806001 (-0.564737,-0.376417) (0.0946145,0.115146) 0.161512 (2.19735,1.48966) (-0.213957,-0.164166) 0.153231 (3.27076,2.35496) (-0.0877202,-0.0658722) 0.130206 (-0.427614,-0.782053) (0.19933,0.141907) 0.12338
3.5 (-0.834161,-1.1095) (0.223861,0.233281) 0.199936 (2.79844,2.7831) 1.97084 0.806001 (-0.555275,-0.364902) (0.0946145,0.115146) 0.161512 (2.17596,1.47324) (-0.213941,-0.164186) 0.153231 (3.26199,2.34837) (-0.0877324,-0.0658558) 0.130206 (-0.407681,-0.767862) (0.19933,0.141907) 0.12338
3.6 (-0.811775,-1.08617) (0.223861,0.233281) 0.199936 (2.79844,2.7831) 1.97084 0.806001 (-0.545814,-0.353388) (0.0946145,0.115146) 0.161512 (2.15457,1.45682) (-0.213935,-0.164194) 0.153231 (3.25322,2.34178) (-0.087729,-0.0658605) 0.130206 (-0.387748,-0.753671) (0.19933,0.141907) 0.12338
3.7 (-0.789389,-1.06284) (0.223861,0.233281) 0.199936 (2.79844,2.7831) 1.97084 0.806001 (-0.536352,-0.341873) (0.0946145,0.115146) 0.161512 (2.13317,1.4404) (-0.213938,-0.164191) 0.153231 (3.24445,2.3352) (-0.08773,-0.065859) 0.130206 (-0.367815,-0.739481) (0.19933,0.141907) 0.12338
3.8 (-0.767003,-1.03951) (0.223861,0.233281) 0.199936 (2.79844,2.7831) 1.97084 0.806001 (-0.526891,-0.330358) (0.0946145,0.115146) 0.161512 (2.11178,1.42398) (-0.213949,-0.164176) 0.153231 (3.23567,2.32861) (-0.0877261,-0.0658643) 0.130206 (-0.347882,-0.72529) (0.19933,0.141907) 0.12338
3.9 (-0.744617,-1.01619) (0.223861,0.233281) 0.199936 (2.79844,2.7831) 1.97084 0.806001 (-0.517429,-0.318844) (0.0946145,0.115146) 0.161512 (2.09038,1.40757) (-0.213949,-0.164176) 0.153231 (3.2269,2.32203) (-0.0877259,-0.0658645) 0.130206 (-0.327949,-0.711099) (0.19933,0.141907) 0.12338
4 (-0.722231,-0.992858) (0.223861,0.233281) 0.199936 (2.79844,2.7831) 1.97084 0.806001 (-0.507968,-0.307329) (0.0946145,0.115146) 0.161512 (2.06899,1.39115) (-0.213939,-0.164189) 0.153231 (3.21813,2.31544) (-0.0877247,-0.0658661) 0.130206 (-0.308016,-0.696909) (0.19933,0.141907) 0.12338
4.1 (-0.699845,-0.96953) (0.223861,0.233281) 0.199936 (2.79844,2.7831) 1.97084 0.806001 (-0.498506,-0.295815) (0.0946145,0.115146) 0.161512 (2.04759,1.37473) (-0.213935,-0.164194) 0.153231 (3.20936,2.30885) (-0.0877211,-0.0658709) 0.130206 (-0.288083,-0.682718) (0.19933,0.141907) 0.12338
4.2 (-0.677459,-0.946202) (0.223861,0.233281) 0.199936 (2.79844,2.7831) 1.97084 0.806001 (-0.489045,-0.2843) (0.0946145,0.115146) 0.161512 (2.0262,1.35831) (-0.213951,-0.164173) 0.153231 (3.20058,2.30227) (-0.0877259,-0.0658645) 0.130206 (-0.26815,-0.668527) (0.19933,0.141907) 0.12338
4.3 (-0.655073,-0.922874) (0.223861,0.233281) 0.199936 (2.79844,2.7831) 1.97084 0.806001 (-0.479584,-0.272786) (0.0946145,0.115146) 0.161512 (2.0048,1.34189) (-0.213948,-0.164177) 0.153231 (3.19181,2.29568) (-0.0877225,-0.065869) 0.130206 (-0.248217,-0.654337) (0.19933,0.141907) 0.12338
4.4 (-0.632687,-0.899546) (0.223861,0.233281) 0.199936 (2.79844,2.7831) 1.97084 0.806001 (-0.470122,-0.261271) (0.0946145,0.115146) 0.161512 (1.98341,1.32548) (-0.213948,-0.164177) 0.153231 (3.18304,2.28909) (-0.0877318,-0.0658567) 0.130206 (-0.228284,-0.640146) (0.19933,0.141907) 0.12338
4.5 (-0.610301,-0.876218) (0.223861,0.233281) 0.199936 (2.79844,2.7831) 1.97084 0.806001 (-0.460661,-0.249756) (0.0946145,0.115146) 0.161512 (1.96202,1.30906) (-0.213935,-0.164194) 0.153231 (3.17427,2.28251) (-0.0877215,-0.0658703) 0.130206 (-0.208351,-0.625955) (0.19933,0.141907) 0.12338
4.6 (-0.587915,-0.85289) (0.223861,0.233281) 0.199936 (2.79844,2.7831) 1.97084 0.806001 (-0.451199,-0.238242) (0.0946145,0.115146) 0.161512 (1.94062,1.29264) (-0.21395,-0.164174) 0.153231 (3.16549,2.27592) (-0.0877258,-0.0658646) 0.130206 (-0.188418,-0.611765) (0.19933,0.141907) 0.12338
4.7 (-0.565528,-0.829561) (0.223861,0.233281) 0.199936 (2.79844,2.7831) 1.97084 0.806001 (-0.441738,-0.226727) (0.0946145,0.115146) 0.161512 (1.91923,1.27622) (-0.213953,-0.164171) 0.153231 (3.15672,2.26933) (-0.0877238,-0.0658673) 0.130206 (-0.168485,-0.597574) (0.19933,0.141907) 0.12338
4.8 (-0.543415,-0.806483) (0.221132,0.230786) 0.199936 (2.79844,2.7831) 1.97084 0.806758 (-0.432276,-0.215213) (0.0946145,0.115146) 0.161512 (1.89849,1.25909) (-0.207351,-0.171339) 0.153231 (3.14795,2.26275) (-0.0877297,-0.0658595) 0.130206 (-0.148552,-0.583383) (0.19933,0.141907) 0.12338
4.9 (-0.521726,-0.783792) (0.216894,0.226913) 0.199936 (2.79844,2.7831) 1.97084 0.807969 (-0.422815,-0.203698) (0.0946145,0.115146) 0.161512 (1.87826,1.24193) (-0.202357,-0.171582) 0.153231 (3.13917,2.25616) (-0.0877245,-0.0658665) 0.130206 (-0.128619,-0.569193) (0.199333,0.141903) 0.12338
5 (-0.500472,-0.761498) (0.212538,0.222932) 0.199936 (2.79844,2.7831) 1.97084 0.80926 (-0.413353,-0.192184) (0.0946145,0.115146) 0.161512 (1.85846,1.2251) (-0.19793,-0.168262) 0.153231 (3.1304,2.24957) (-0.0877326,-0.0658557) 0.130206 (-0.108456,-0.55533) (0.201625,0.138627) 0.12338
5.1 (-0.479633,-0.739584) (0.20839,0.21914) 0.199936 (2.79844,2.7831) 1.97084 0.810537 (-0.403892,-0.180669) (0.0946145,0.115146) 0.161512 (1.83909,1.20862) (-0.193744,-0.164845) 0.153231 (3.12163,2.24299) (-0.0877244,-0.0658665) 0.130206 (-0.0881129,-0.541734) (0.203432,0.135961) 0.12338
5.2 (-0.4592,-0.718042) (0.20433,0.215429) 0.199936 (2.79844,2.7831) 1.97084 0.811833 (-0.39443,-0.169155) (0.0946145,0.115146) 0.161512 (1.82012,1.19247) (-0.189654,-0.161465) 0.153231 (3.11286,2.2364) (-0.0877258,-0.0658646) 0.130206 (-0.0676323,-0.528346) (0.204806,0.133883) 0.12338
5.3 (-0.439165,-0.696862) (0.200354,0.211795) 0.199936 (2.79844,2.7831) 1.97084 0.81315 (-0.384969,-0.15764) (0.0946145,0.115146) 0.161512 (1.80156,1.17666) (-0.185651,-0.158141) 0.153231 (3.10408,2.22982) (-0.0877257,-0.0658648) 0.130206 (-0.0470492,-0.515116) (0.205831,0.132301) 0.12338
5.4 (-0.419519,-0.676039) (0.196459,0.208235) 0.199936 (2.79844,2.7831) 1.97084 0.814488 (-0.375507,-0.146125) (0.0946145,0.115146) 0.161512 (1.78338,1.16117) (-0.181734,-0.15488) 0.153231 (3.09531,2.22323) (-0.0877276,-0.0658622) 0.130206 (-0.0263926,-0.502) (0.206565,0.131152) 0.12338
5.5 (-0.400254,-0.655564) (0.192643,0.204747) 0.199936 (2.79844,2.7831) 1.97084 0.815847 (-0.366046,-0.134611) (0.0946145,0.115146) 0.161512 (1.76559,1.146) (-0.177898,-0.151684) 0.153231 (3.08654,2.21664) (-0.0877318,-0.0658567) 0.130206 (-0.00568822,-0.488961) (0.207044,0.130395) 0.12338
5.6 (-0.381364,-0.635431) (0.188905,0.20133) 0.199936 (2.79844,2.7831) 1.97084 0.817227 (-0.356585,-0.123096) (0.0946145,0.115146) 0.161512 (1.74818,1.13115) (-0.174142,-0.148556) 0.153231 (3.07777,2.21006) (-0.0877261,-0.0658643) 0.130206 (0.0150409,-0.475961) (0.207291,0.130002) 0.12338
5.7 (-0.36284,-0.615633) (0.185243,0.197983) 0.199936 (2.79844,2.7831) 1.97084 0.81863 (-0.347123,-0.111582) (0.0946145,0.115146) 0.161512 (1.73114,1.11657) (-0.17045,-0.14575) 0.153231 (3.06899,2.20347) (-0.0877303,-0.0658586) 0.130206 (0.0357748,-0.462968) (0.207339,0.129925) 0.12338
5.8 (-0.344675,-0.596163) (0.181644,0.194693) 0.199936 (2.79844,2.7831) 1.97084 0.820059 (-0.337662,-0.100067) (0.0946145,0.115146) 0.161512 (1.71445,1.10226) (-0.166823,-0.143103) 0.153231 (3.06022,2.19688) (-0.0877248,-0.065866) 0.130206 (0.0565087,-0.449976) (0.207339,0.129925) 0.12338
5.9 (-0.326864,-0.577016) (0.178115,0.191468) 0.199936 (2.79844,2.7831) 1.97084 0.821511 (-0.3282,-0.0885526) (0.0946145,0.115146) 0.161512 (1.69813,1.08821) (-0.163275,-0.140514) 0.153231 (3.05145,2.1903) (-0.087726,-0.0658644) 0.130206 (0.0772427,-0.436983) (0.207339,0.129925) 0.12338
6 (-0.309398,-0.558186) (0.174659,0.188309) 0.199936 (2.79844,2.7831) 1.97084 0.822986 (-0.318739,-0.0770381) (0.0946145,0.115146) 0.161512 (1.68214,1.07441) (-0.159809,-0.137985) 0.153231 (3.04267,2.18371) (-0.0877291,-0.0658602) 0.130206 (0.0979766,-0.423991) (0.207339,0.129925) 0.12338
6.1 (-0.29227,-0.539664) (0.171274,0.185215) 0.199936 (2.79844,2.7831) 1.97084 0.824484 (-0.309277,-0.0655235) (0.0946145,0.115146) 0.161512 (1.6665,1.06086) (-0.156421,-0.135513) 0.153231 (3.0339,2.17713) (-0.0877267,-0.0658635) 0.130206 (0.118711,-0.410998) (0.207339,0.129925) 0.12338
6.2 (-0.275474,-0.521446) (0.167959,0.182184) 0.199936 (2.79844,2.7831) 1.97084 0.826004 (-0.299816,-0.054009) (0.0946145,0.115146) 0.161512 (1.65119,1.04755) (-0.153112,-0.133098) 0.153231 (3.02513,2.17054) (-0.0877229,-0.0658685) 0.130206 (0.139444,-0.398006) (0.207339,0.129925) 0.12338
6.3 (-0.259003,-0.503524) (0.164712,0.179217) 0.199936 (2.79844,2.7831) 1.97084 0.827547 (-0.290354,-0.0424944) (0.0946145,0.115146) 0.161512 (1.6362,1.03448) (-0.14988,-0.13074) 0.153231 (3.01636,2.16395) (-0.087727,-0.0658631) 0.130206 (0.160178,-0.385013) (0.207339,0.129925) 0.12338
6.4 (-0.24285,-0.485893) (0.161533,0.176312) 0.199936 (2.79844,2.7831) 1.97084 0.829113 (-0.280893,-0.0309798) (0.0946145,0.115146) 0.161512 (1.62153,1.02163) (-0.146723,-0.128436) 0.153231 (3.00758,2.15737) (-0.0877273,-0.0658626) 0.130206 (0.180912,-0.372021) (0.207339,0.129925) 0.12338
6.5 (-0.227008,-0.468546) (0.158421,0.173467) 0.199936 (2.79844,2.7831) 1.97084 0.830701 (-0.271432,-0.0194653) (0.0946145,0.115146) 0.161512 (1.60717,1.00901) (-0.14364,-0.126187) 0.153231 (2.99881,2.15078) (-0.0877225,-0.0658691) 0.130206 (0.201646,-0.359028) (0.207339,0.129925) 0.12338
6.6 (-0.211471,-0.451478) (0.155373,0.170681) 0.199936 (2.79844,2.7831) 1.97084 0.832312 (-0.26197,-0.00795071) (0.0946145,0.115146) 0.161512 (1.5931,0.996614) (-0.14063,-0.12399) 0.153231 (2.99004,2.14419) (-0.0877247,-0.0658662) 0.130206 (0.22238,-0.346036) (0.207339,0.129925) 0.12338
6.7 (-0.196232,-0.434683) (0.15239,0.167954) 0.199936 (2.79844,2.7831) 1.97084 0.833946 (-0.252509,0.00356385) (0.0946145,0.115146) 0.161512 (1.57933,0.98443) (-0.137692,-0.121846) 0.153231 (2.98127,2.13761) (-0.0877265,-0.0658637) 0.130206 (0.243114,-0.333043) (0.207339,0.129925) 0.12338
6.8 (-0.181285,-0.418154) (0.149469,0.165284) 0.199936 (2.79844,2.7831) 1.97084 0.835603 (-0.243047,0.0150784) (0.0946145,0.115146) 0.161512 (1.56585,0.972454) (-0.134825,-0.119754) 0.153231 (2.97249,2.13102) (-0.0877229,-0.0658686) 0.130206 (0.263848,-0.320051) (0.207339,0.129925) 0.12338
6.9 (-0.166624,-0.401887) (0.14661,0.162672) 0.199936 (2.79844,2.7831) 1.97084 0.837282 (-0.233586,0.026593) (0.0946145,0.115146) 0.161512 (1.55265,0.960683) (-0.132027,-0.117712) 0.153231 (2.96372,2.12443) (-0.0877258,-0.0658647) 0.130206 (0.284582,-0.307058) (0.207339,0.129925) 0.12338
7 (-0.152242,-0.385876) (0.143813,0.160114) 0.199936 (2.79844,2.7831) 1.97084 0.838984 (-0.224124,0.0381075) (0.0946145,0.115146) 0.161512 (1.53972,0.949111) (-0.129297,-0.11572) 0.153231 (2.95495,2.11785) (-0.0877243,-0.0658667) 0.130206 (0.305316,-0.294066) (0.207339,0.129925) 0.12338
7.1 (-0.138135,-0.370115) (0.141075,0.157612) 0.199936 (2.79844,2.7831) 1.97084 0.840708 (-0.214663,0.0496221) (0.0946145,0.115146) 0.161512 (1.52706,0.937733) (-0.126635,-0.113778) 0.153231 (2.94618,2.11126) (-0.0877242,-0.0658668) 0.130206 (0.32605,-0.281073) (0.207339,0.129925) 0.12338
7.2 (-0.124295,-0.354598) (0.138395,0.155163) 0.199936 (2.79844,2.7831) 1.97084 0.842454 (-0.205201,0.0611367) (0.0946145,0.115146) 0.161512 (1.51465,0.926545) (-0.124039,-0.111884) 0.153231 (2.9374,2.10467) (-0.087728,-0.0658618) 0.130206 (0.346784,-0.268081) (0.207339,0.129925) 0.12338
7.3 (-0.110718,-0.339322) (0.135774,0.152767) 0.199936 (2.79844,2.7831) 1.97084 0.844222 (-0.19574,0.0726512) (0.0946145,0.115146) 0.161512 (1.5025,0.915541) (-0.121509,-0.110037) 0.153231 (2.92863,2.09809) (-0.0877277,-0.0658622) 0.130206 (0.367518,-0.255088) (0.207339,0.129925) 0.12338
7.4 (-0.0973968,-0.324279) (0.133211,0.150424) 0.199936 (2.79844,2.7831) 1.97084 0.846011 (-0.186279,0.0841658) (0.0946145,0.115146) 0.161512 (1.4906,0.904717) (-0.119044,-0.108239) 0.153231 (2.91986,2.0915) (-0.0877247,-0.0658662) 0.130206 (0.388252,-0.242096) (0.207339,0.129925) 0.12338
7.5 (-0.0843265,-0.309466) (0.130703,0.148132) 0.199936 (2.79844,2.7831) 1.97084 0.847822 (-0.176817,0.0956804) (0.0946145,0.115146) 0.161512 (1.47893,0.894069) (-0.116643,-0.106486) 0.153231 (2.91109,2.08491) (-0.0877277,-0.0658622) 0.130206 (0.408985,-0.229103) (0.207339,0.129925) 0.12338
7.6 (-0.0715014,-0.294877) (0.128251,0.145891) 0.199936 (2.79844,2.7831) 1.97084 0.849654 (-0.167356,0.107195) (0.0946145,0.115146) 0.161512 (1.4675,0.883591) (-0.114305,-0.10478) 0.153231 (2.90231,2.07833) (-0.0877238,-0.0658673) 0.130206 (0.429719,-0.216111) (0.207339,0.129925) 0.12338
7.7 (-0.0589159,-0.280507) (0.125855,0.1437) 0.199936 (2.79844,2.7831) 1.97084 0.851505 (-0.157894,0.118709) (0.0946145,0.115146) 0.161512 (1.4563,0.873279) (-0.11203,-0.10312) 0.153231 (2.89354,2.07174) (-0.087723,-0.0658684) 0.130206 (0.450453,-0.203118) (0.207339,0.129925) 0.12338
7.79999 (-0.0465647,-0.266351) (0.123512,0.141559) 0.199936 (2.79844,2.7831) 1.97084 0.853376 (-0.148433,0.130224) (0.0946145,0.115146) 0.161512 (1.44532,0.863128) (-0.109817,-0.101506) 0.153231 (2.88477,2.06515) (-0.0877225,-0.065869) 0.130206 (0.471187,-0.190126) (0.207339,0.129925) 0.12338
7.89999 (-0.0344424,-0.252404) (0.121223,0.139467) 0.199936 (2.79844,2.7831) 1.97084 0.855266 (-0.138971,0.141739) (0.0946145,0.115146) 0.161512 (1.43455,0.853134) (-0.107666,-0.0999361) 0.153231 (2.876,2.05857) (-0.0877293,-0.06586) 0.130206 (0.491921,-0.177133) (0.207339,0.129925) 0.12338
7.99999 (-0.0225396,-0.238648) (0.119028,0.137566) 0.199936 (2.79844,2.7831) 1.97084 0.857522 (-0.129509,0.153253) (0.0946223,0.115139) 0.161512 (1.42399,0.843293) (-0.105577,-0.0984115) 0.153231 (2.86722,2.05198) (-0.0877241,-0.065867) 0.130206 (0.512655,-0.164141) (0.207339,0.129925) 0.12338
8.09999 (-0.0108469,-0.225062) (0.116927,0.135858) 0.199936 (2.79844,2.7831) 1.97084 0.860148 (-0.120046,0.164766) (0.0946292,0.115134) 0.161512 (1.41364,0.8336) (-0.103544,-0.0969285) 0.153231 (2.85845,2.04539) (-0.0877272,-0.0658628) 0.130206 (0.533389,-0.151148) (0.207339,0.129925) 0.12338
8.2 (0.000644851,-0.211632) (0.114918,0.134304) 0.199936 (2.79844,2.7831) 1.97084 0.863029 (-0.110584,0.17628) (0.0946261,0.115136) 0.161512 (1.40348,0.824051) (-0.101572,-0.0954894) 0.153231 (2.84968,2.03881) (-0.0877263,-0.0658641) 0.130206 (0.554123,-0.138156) (0.207339,0.129925) 0.12338
8.3 (0.0119452,-0.198342) (0.113003,0.132892) 0.199936 (2.79844,2.7831) 1.97084 0.866106 (-0.101122,0.187794) (0.0946147,0.115145) 0.161512 (1.39352,0.814642) (-0.0996651,-0.0940977) 0.153231 (2.84091,2.03222) (-0.0877265,-0.0658637) 0.130206 (0.574857,-0.125163) (0.207339,0.129925) 0.12338
8.4 (0.0230641,-0.185181) (0.111189,0.131613) 0.199936 (2.79844,2.7831) 1.97084 0.869321 (-0.0916625,0.19931) (0.0945961,0.115161) 0.161512 (1.38373,0.805366) (-0.0978265,-0.0927561) 0.153231 (2.83213,2.02564) (-0.0877293,-0.06586) 0.130206 (0.595591,-0.11217) (0.207339,0.129925) 0.12338
8.5 (0.0340119,-0.172135) (0.109479,0.130458) 0.199936 (2.79844,2.7831) 1.97084 0.872613 (-0.0822053,0.210828) (0.0945713,0.115181) 0.161512 (1.37413,0.796219) (-0.0960611,-0.0914679) 0.153231 (2.82336,2.01905) (-0.087723,-0.0658683) 0.130206 (0.616325,-0.099178) (0.207339,0.129925) 0.12338
8.6 (0.0447998,-0.159193) (0.107879,0.129419) 0.199936 (2.79844,2.7831) 1.97084 0.875922 (-0.0727512,0.222349) (0.0945411,0.115206) 0.161512 (1.36469,0.787195) (-0.094375,-0.0902376) 0.153231 (2.81459,2.01246) (-0.0877279,-0.0658619) 0.130206 (0.637059,-0.0861854) (0.207339,0.129925) 0.12338
8.7 (0.0554396,-0.146344) (0.106398,0.128491) 0.199936 (2.79844,2.7831) 1.97084 0.879181 (-0.0633006,0.233872) (0.0945064,0.115234) 0.161512 (1.35541,0.778288) (-0.092776,-0.0890707) 0.153231 (2.80582,2.00588) (-0.0877278,-0.065862) 0.130206 (0.657793,-0.0731929) (0.207339,0.129925) 0.12338
8.8 (0.0659439,-0.133577) (0.105043,0.127668) 0.199936 (2.79844,2.7831) 1.97084 0.88232 (-0.0538538,0.245399) (0.0944678,0.115266) 0.161512 (1.34628,0.769491) (-0.0912745,-0.0879751) 0.153231 (2.79704,1.99929) (-0.0877268,-0.0658633) 0.130206 (0.678527,-0.0602004) (0.207339,0.129925) 0.12338
8.9 (0.0763264,-0.120883) (0.103826,0.126948) 0.199936 (2.79844,2.7831) 1.97084 0.885261 (-0.0444112,0.256929) (0.0944259,0.1153) 0.161512 (1.3373,0.760795) (-0.0898856,-0.0869616) 0.153231 (2.78827,1.9927) (-0.0877277,-0.0658621) 0.130206 (0.699261,-0.0472079) (0.207339,0.129925) 0.12338
9 (0.0866027,-0.10825) (0.102763,0.12633) 0.199936 (2.79844,2.7831) 1.97084 0.887911 (-0.0349731,0.268463) (0.0943813,0.115337) 0.161512 (1.32843,0.75219) (-0.0886319,-0.0860468) 0.153231 (2.7795,1.98612) (-0.0877278,-0.065862) 0.130206 (0.719995,-0.0342154) (0.207339,0.129925) 0.12338
9.1 (0.0967904,-0.0956677) (0.101877,0.125818) 0.199936 (2.79844,2.7831) 1.97084 0.890161 (-0.0255396,0.28) (0.0943346,0.115375) 0.161512 (1.31968,0.743664) (-0.0875492,-0.0852568) 0.153231 (2.77073,1.97953) (-0.0877213,-0.0658707) 0.130206 (0.740728,-0.0212229) (0.207339,0.129925) 0.12338
9.2 (0.106911,-0.0831256) (0.101203,0.125421) 0.199936 (2.79844,2.7831) 1.97084 0.891861 (-0.016111,0.291541) (0.0942862,0.115415) 0.161512 (1.31101,0.7352) (-0.0867017,-0.0846383) 0.153231 (2.76195,1.97294) (-0.0877239,-0.0658673) 0.130206 (0.761462,-0.00823034) (0.207339,0.129925) 0.12338
9.3 (0.116991,-0.0706093) (0.100803,0.125163) 0.199936 (2.79844,2.7831) 1.97084 0.892786 (-0.00668731,0.303087) (0.0942367,0.115455) 0.161512 (1.30238,0.726772) (-0.0862219,-0.0842882) 0.153231 (2.75318,1.96636) (-0.0877253,-0.0658654) 0.130206 (0.782196,0.00476218) (0.207339,0.129925) 0.12338
9.4 (0.12706,-0.0581051) (0.100687,0.125042) 0.199936 (2.79844,2.7831) 1.97084 0.892878 (0.00273136,0.314637) (0.0941867,0.115496) 0.161512 (1.29376,0.718345) (-0.0861979,-0.0842707) 0.153231 (2.74441,1.95977) (-0.0877287,-0.0658608) 0.130206 (0.80293,0.0177547) (0.207339,0.129925) 0.12338
9.5 (0.137118,-0.0456121) (0.100586,0.124929) 0.199936 (2.79844,2.7831) 1.97084 0.892926 (0.0121451,0.32619) (0.0941373,0.115536) 0.161512 (1.28515,0.709917) (-0.0861979,-0.0842707) 0.153231 (2.73563,1.95319) (-0.0877228,-0.0658686) 0.130206 (0.823664,0.0307472) (0.207339,0.129925) 0.12338
9.6 (0.147167,-0.0331303) (0.100488,0.124819) 0.199936 (2.79844,2.7831) 1.97084 0.892973 (0.021554,0.337748) (0.0940889,0.115575) 0.161512 (1.27653,0.70149) (-0.0861979,-0.0842707) 0.153231 (2.72686,1.9466) (-0.087727,-0.065863) 0.130206 (0.844398,0.0437397) (0.207339,0.129925) 0.12338
9.7 (0.157206,-0.0206592) (0.100391,0.12471) 0.199936 (2.79844,2.7831) 1.97084 0.893019 (0.0309581,0.349309) (0.0940416,0.115614) 0.161512 (1.26791,0.693063) (-0.0861979,-0.0842707) 0.153231 (2.71809,1.94001) (-0.087729,-0.0658603) 0.130206 (0.865132,0.0567322) (0.207339,0.129925) 0.12338
9.8 (0.167236,-0.00819887) (0.100296,0.124604) 0.199936 (2.79844,2.7831) 1.97084 0.893065 (0.0403577,0.360874) (0.0939953,0.115652) 0.161512 (1.25929,0.684636) (-0.0861979,-0.0842706) 0.153231 (2.70932,1.93343) (-0.0877221,-0.0658696) 0.130206 (0.885866,0.0697248) (0.207339,0.129925) 0.12338
9.9 (0.177256,0.00425108) (0.100202,0.124499) 0.199936 (2.79844,2.7831) 1.97084 0.893109 (0.0497527,0.372443) (0.0939501,0.115688) 0.161512 (1.25067,0.676209) (-0.0861979,-0.0842706) 0.153231 (2.70054,1.92684) (-0.0877275,-0.0658624) 0.130206 (0.9066,0.0827173) (0.207339,0.129925) 0.12338
10 (0.187267,0.0166908) (0.100111,0.124397) 0.199936 (2.79844,2.7831) 1.97084 0.893153 (0.0591432,0.384016) (0.0939058,0.115724) 0.161512 (1.24205,0.667782) (-0.0861978,-0.0842706) 0.153231 (2.69177,1.92025) (-0.0877269,-0.0658632) 0.130206 (0.927334,0.0957098) (0.207339,0.129925) 0.12338
10.1 (0.197269,0.0291205) (0.100022,0.124297) 0.199936 (2.79844,2.7831) 1.97084 0.893196 (0.0685295,0.395591) (0.0938625,0.115759) 0.161512 (1.23343,0.659355) (-0.0861979,-0.0842707) 0.153231 (2.683,1.91367) (-0.0877313,-0.0658573) 0.130206 (0.948068,0.108702) (0.207339,0.129925) 0.12338
10.2 (0.207263,0.0415403) (0.0999337,0.124198) 0.199936 (2.79844,2.7831) 1.97084 0.893239 (0.0779115,0.407171) (0.0938202,0.115794) 0.161512 (1.22481,0.650928) (-0.086198,-0.0842708) 0.153231 (2.67423,1.90708) (-0.0877246,-0.0658663) 0.130206 (0.968802,0.121695) (0.207339,0.129925) 0.12338
10.3 (0.217247,0.0539505) (0.0998475,0.124102) 0.199936 (2.79844,2.7831) 1.97084 0.89328 (0.0872894,0.418754) (0.0937789,0.115827) 0.161512 (1.21619,0.642501) (-0.0861979,-0.0842707) 0.153231 (2.66545,1.90049) (-0.0877233,-0.0658679) 0.130206 (0.989536,0.134687) (0.207339,0.129925) 0.12338
10.4 (0.227224,0.0663512) (0.099763,0.124007) 0.199936 (2.79844,2.7831) 1.97084 0.893321 (0.0966633,0.43034) (0.0937385,0.11586) 0.161512 (1.20757,0.634074) (-0.086198,-0.0842707) 0.153231 (2.65668,1.89391) (-0.0877267,-0.0658635) 0.130206 (1.01027,0.14768) (0.207339,0.129925) 0.12338
10.5 (0.237192,0.0787426) (0.0996801,0.123914) 0.199936 (2.79844,2.7831) 1.97084 0.893362 (0.106033,0.441929) (0.0936989,0.115892) 0.161512 (1.19895,0.625647) (-0.0861979,-0.0842707) 0.153231 (2.64791,1.88732) (-0.0877249,-0.0658658) 0.130206 (1.031,0.160672) (0.207339,0.129925) 0.12338
10.6 (0.247152,0.091125) (0.0995989,0.123823) 0.199936 (2.79844,2.7831) 1.97084 0.893401 (0.115399,0.453521) (0.0936603,0.115923) 0.161512 (1.19033,0.61722) (-0.086198,-0.0842708) 0.153231 (2.63914,1.88074) (-0.0877299,-0.0658593) 0.130206 (1.05174,0.173665) (0.207339,0.129925) 0.12338
10.7 (0.257103,0.103498) (0.0995193,0.123734) 0.199936 (2.79844,2.7831) 1.97084 0.893439 (0.124761,0.465116) (0.0936225,0.115954) 0.161512 (1.18171,0.608792) (-0.0861981,-0.0842708) 0.153231 (2.63036,1.87415) (-0.0877299,-0.0658592) 0.130206 (1.07247,0.186657) (0.207339,0.129925) 0.12338
10.8 (0.267048,0.115863) (0.0994411,0.123647) 0.199936 (2.79844,2.7831) 1.97084 0.893478 (0.13412,0.476715) (0.0935856,0.115983) 0.161512 (1.17309,0.600365) (-0.086198,-0.0842708) 0.153231 (2.62159,1.86756) (-0.087728,-0.0658618) 0.130206 (1.09321,0.19965) (0.207339,0.129925) 0.12338
10.9 (0.276984,0.128219) (0.0993646,0.123561) 0.199936 (2.79844,2.7831) 1.97084 0.893515 (0.143475,0.488316) (0.0935495,0.116013) 0.161512 (1.16447,0.591938) (-0.086198,-0.0842708) 0.153231 (2.61282,1.86098) (-0.0877241,-0.0658669) 0.130206 (1.11394,0.212642) (0.207339,0.129925) 0.12338
11 (0.286913,0.140567) (0.0992895,0.123477) 0.199936 (2.79844,2.7831) 1.97084 0.893552 (0.152826,0.49992) (0.0935142,0.116041) 0.161512 (1.15585,0.583511) (-0.0861979,-0.0842707) 0.153231 (2.60404,1.85439) (-0.0877255,-0.065865) 0.130206 (1.13467,0.225635) (0.207339,0.129925) 0.12338
11.1 (0.296835,0.152906) (0.0992159,0.123394) 0.199936 (2.79844,2.7831) 1.97084 0.893587 (0.162174,0.511527) (0.0934797,0.116069) 0.161512 (1.14723,0.575084) (-0.0861981,-0.0842708) 0.153231 (2.59527,1.8478) (-0.0877244,-0.0658666) 0.130206 (1.15541,0.238627) (0.207339,0.129925) 0.12338
11.2 (0.306749,0.165238) (0.0991436,0.123313) 0.199936 (2.79844,2.7831) 1.97084 0.893623 (0.171519,0.523137) (0.093446,0.116096) 0.161512 (1.13861,0.566657) (-0.086198,-0.0842708) 0.153231 (2.5865,1.84122) (-0.0877301,-0.065859) 0.130206 (1.17614,0.25162) (0.207339,0.129925) 0.12338
11.3 (0.316656,0.177561) (0.0990729,0.123234) 0.199936 (2.79844,2.7831) 1.97084 0.893658 (0.18086,0.534749) (0.0934131,0.116122) 0.161512 (1.12999,0.55823) (-0.086198,-0.0842708) 0.153231 (2.57773,1.83463) (-0.0877239,-0.0658671) 0.130206 (1.19688,0.264612) (0.207339,0.129925) 0.12338
11.4 (0.326557,0.189877) (0.0990035,0.123156) 0.199936 (2.79844,2.7831) 1.97084 0.893692 (0.190198,0.546364) (0.0933809,0.116148) 0.161512 (1.12137,0.549803) (-0.0861981,-0.0842708) 0.153231 (2.56895,1.82804) (-0.0877256,-0.065865) 0.130206 (1.21761,0.277605) (0.207339,0.129925) 0.12338
11.5 (0.33645,0.202185) (0.0989354,0.12308) 0.199936 (2.79844,2.7831) 1.97084 0.893725 (0.199533,0.557981) (0.0933494,0.116174) 0.161512 (1.11275,0.541376) (-0.0861982,-0.084271) 0.153231 (2.56018,1.82146) (-0.0877243,-0.0658667) 0.130206 (1.23834,0.290598) (0.207339,0.129925) 0.12338
11.6 (0.346337,0.214485) (0.0988687,0.123006) 0.199936 (2.79844,2.7831) 1.97084 0.893758 (0.208865,0.569601) (0.0933186,0.116198) 0.161512 (1.10413,0.532949) (-0.0861981,-0.0842709) 0.153231 (2.55141,1.81487) (-0.0877288,-0.0658607) 0.130206 (1.25908,0.30359) (0.207339,0.129925) 0.12338
11.7 (0.356217,0.226778) (0.0988033,0.122932) 0.199936 (2.79844,2.7831) 1.97084 0.89379 (0.218194,0.581223) (0.0932886,0.116222) 0.161512 (1.09551,0.524521) (-0.0861998,-0.0842728) 0.153231 (2.54264,1.80828) (-0.0877241,-0.0658669) 0.130206 (1.27981,0.316583) (0.207339,0.129926) 0.12338
11.8 (0.366091,0.239065) (0.0987392,0.12286) 0.199936 (2.79844,2.7831) 1.97084 0.893822 (0.22752,0.592848) (0.0932592,0.116246) 0.161512 (1.07695,0.504958) (-0.185625,-0.19563) 0.153231 (2.53386,1.8017) (-0.0877282,-0.0658614) 0.130206 (1.29874,0.332089) (0.189272,0.155068) 0.12338
11.9 (0.375959,0.251344) (0.0986764,0.12279) 0.199936 (2.79844,2.7831) 1.97084 0.893853 (0.236843,0.604474) (0.0932305,0.116269) 0.161512 (1.05838,0.485395) (-0.185625,-0.19563) 0.153231 (2.52509,1.79511) (-0.0877262,-0.0658641) 0.130206 (1.31669,0.348718) (0.179493,0.16629) 0.12338
12 (0.38582,0.263616) (0.0986148,0.122721) 0.199936 (2.79844,2.7831) 1.97084 0.893883 (0.246163,0.616104) (0.0932025,0.116291) 0.161512 (1.03982,0.465832) (-0.185625,-0.19563) 0.153231 (2.51632,1.78853) (-0.0877268,-0.0658633) 0.130206 (1.3342,0.365803) (0.175161,0.170847) 0.12338
12.1 (0.395676,0.275881) (0.0985544,0.122653) 0.199936 (2.79844,2.7831) 1.97084 0.893913 (0.255481,0.627735) (0.0931751,0.116313) 0.161512 (1.02126,0.446269) (-0.185625,-0.19563) 0.153231 (2.50755,1.78194) (-0.0877314,-0.0658572) 0.130206 (1.35158,0.383034) (0.173723,0.172309) 0.12338
12.2 (0.405525,0.28814) (0.0984951,0.122587) 0.199936 (2.79844,2.7831) 1.97084 0.893943 (0.264796,0.639368) (0.0931484,0.116335) 0.161512 (1.0027,0.426706) (-0.185625,-0.19563) 0.153231 (2.49877,1.77535) (-0.0877282,-0.0658614) 0.130206 (1.36892,0.400291) (0.173461,0.172573) 0.12338
12.3 (0.415369,0.300392) (0.0984371,0.122522) 0.199936 (2.79844,2.7831) 1.97084 0.893972 (0.274108,0.651004) (0.0931222,0.116356) 0.161512 (0.984134,0.407143) (-0.185625,-0.19563) 0.153231 (2.49,1.76877) (-0.08773,-0.0658591) 0.130206 (1.38627,0.41755) (0.173446,0.172588) 0.12338
12.4 (0.425207,0.312638) (0.0983803,0.122458) 0.199936 (2.79844,2.7831) 1.97084 0.894 (0.283417,0.662642) (0.0930967,0.116376) 0.161512 (0.965572,0.38758) (-0.185625,-0.19563) 0.153231 (2.48123,1.76218) (-0.0877276,-0.0658623) 0.130206 (1.40361,0.43481) (0.173437,0.172597) 0.12338
12.5 (0.435039,0.324877) (0.0983246,0.122396) 0.199936 (2.79844,2.7831) 1.97084 0.894027 (0.292725,0.674281) (0.0930717,0.116396) 0.161512 (0.947009,0.368017) (-0.185625,-0.19563) 0.153231 (2.47245,1.7556) (-0.0877274,-0.0658625) 0.130206 (1.42095,0.45207) (0.173434,0.1726) 0.12338
12.6 (0.444866,0.337111) (0.09827,0.122335) 0.199936 (2.79844,2.7831) 1.97084 0.894055 (0.302029,0.685923) (0.0930474,0.116416) 0.161512 (0.928447,0.348454) (-0.185625,-0.19563) 0.153231 (2.46368,1.74901) (-0.0877266,-0.0658636) 0.130206 (1.4383,0.46933) (0.173433,0.172601) 0.12338
12.7 (0.454688,0.349338) (0.0982164,0.122275) 0.199936 (2.79844,2.7831) 1.97084 0.894082 (0.311332,0.697566) (0.0930235,0.116435) 0.161512 (0.909884,0.328891) (-0.185625,-0.19563) 0.153231 (2.45491,1.74242) (-0.0877264,-0.0658638) 0.130206 (1.45564,0.48659) (0.173432,0.172602) 0.12338
12.8 (0.464505,0.36156) (0.0981641,0.122216) 0.199936 (2.79844,2.7831) 1.97084 0.894107 (0.320632,0.709212) (0.0930003,0.116453) 0.161512 (0.891322,0.309328) (-0.185625,-0.19563) 0.153231 (2.44614,1.73584) (-0.0877273,-0.0658627) 0.130206 (1.47298,0.50385) (0.173432,0.172602) 0.12338
12.9 (0.474316,0.373776) (0.0981126,0.122159) 0.199936 (2.79844,2.7831) 1.97084 0.894133 (0.32993,0.720859) (0.0929776,0.116471) 0.161512 (0.872759,0.289765) (-0.185625,-0.19563) 0.153231 (2.43736,1.72925) (-0.0877268,-0.0658633) 0.130206 (1.49033,0.52111) (0.173432,0.172602) 0.12338
13 (0.484122,0.385986) (0.0980623,0.122102) 0.199936 (2.79844,2.7831) 1.97084 0.894158 (0.339225,0.732508) (0.0929554,0.116489) 0.161512 (0.854197,0.270202) (-0.185625,-0.19563) 0.153231 (2.42859,1.72266) (-0.0877268,-0.0658633) 0.130206 (1.50767,0.538371) (0.173432,0.172602) 0.12338
13.1 (0.493923,0.398191) (0.0980128,0.122047) 0.199936 (2.79844,2.7831) 1.97084 0.894183 (0.348518,0.744158) (0.0929338,0.116506) 0.161512 (0.835634,0.250639) (-0.185625,-0.19563) 0.153231 (2.41982,1.71608) (-0.0877273,-0.0658627) 0.130206 (1.52501,0.555631) (0.173432,0.172602) 0.12338
13.2 (0.50372,0.41039) (0.0979648,0.121993) 0.199936 (2.79844,2.7831) 1.97084 0.894207 (0.35781,0.755811) (0.0929126,0.116523) 0.161512 (0.817072,0.231076) (-0.185625,-0.19563) 0.153231 (2.41105,1.70949) (-0.087728,-0.0658617) 0.130206 (1.54236,0.572891) (0.173432,0.172602) 0.12338
13.3 (0.513511,0.422584) (0.0979172,0.12194) 0.199936 (2.79844,2.7831) 1.97084 0.894231 (0.367099,0.767465) (0.092892,0.11654) 0.161512 (0.798509,0.211513) (-0.185625,-0.19563) 0.153231 (2.40227,1.70291) (-0.0877275,-0.0658624) 0.130206 (1.5597,0.590151) (0.173431,0.172603) 0.12338
13.4 (0.523299,0.434773) (0.0978704,0.121888) 0.199936 (2.79844,2.7831) 1.97084 0.894255 (0.376386,0.77912) (0.0928718,0.116556) 0.161512 (0.779947,0.19195) (-0.185625,-0.19563) 0.153231 (2.3935,1.69632) (-0.0877275,-0.0658624) 0.130206 (1.57704,0.607412) (0.173431,0.172603) 0.12338
13.5 (0.536881,0.449013) (0.135826,0.142399) 0.199936 (2.79844,2.7831) 1.97084 0.809021 (0.385671,0.790777) (0.0928521,0.116571) 0.161512 (0.760512,0.173253) (-0.194342,-0.186974) 0.153231 (2.38473,1.68973) (-0.0877275,-0.0658624) 0.130206 (1.59439,0.624672) (0.173431,0.172603) 0.12338
13.6 (0.554,0.466498) (0.171192,0.174855) 0.199936 (2.79844,2.7831) 1.97084 0.795985 (0.395219,0.802221) (0.095476,0.114432) 0.161512 (0.738253,0.158028) (-0.222596,-0.152247) 0.153231 (2.37595,1.68315) (-0.0877275,-0.0658624) 0.130206 (1.61173,0.641932) (0.173431,0.172603) 0.12338
13.7 (0.573056,0.485529) (0.190553,0.190306) 0.199936 (2.79844,2.7831) 1.97084 0.78475 (0.404766,0.813664) (0.095476,0.114432) 0.161512 (0.715992,0.142805) (-0.222606,-0.152231) 0.153231 (2.36718,1.67656) (-0.0877297,-0.0658594) 0.130206 (1.62907,0.659193) (0.173431,0.172603) 0.12338
13.8 (0.593139,0.50538) (0.20083,0.198508) 0.199936 (2.79844,2.7831) 1.97084 0.779582 (0.414314,0.825107) (0.095476,0.114432) 0.161512 (0.693733,0.12758) (-0.222593,-0.15225) 0.153231 (2.35841,1.66997) (-0.0877286,-0.065861) 0.130206 (1.64642,0.676453) (0.17343,0.172604) 0.12338
13.9 (0.613743,0.525647) (0.206045,0.202669) 0.199936 (2.79844,2.7831) 1.97084 0.777139 (0.423862,0.83655) (0.095476,0.114432) 0.161512 (0.671473,0.112355) (-0.222596,-0.152246) 0.153231 (2.34964,1.66339) (-0.0877286,-0.065861) 0.130206 (1.66376,0.693713) (0.17343,0.172604) 0.12338
14 (0.634557,0.546081) (0.20814,0.204341) 0.199936 (2.79844,2.7831) 1.97084 0.776188 (0.433409,0.847993) (0.095476,0.114432) 0.161512 (0.649214,0.09713) (-0.22259,-0.152254) 0.153231 (2.34086,1.6568) (-0.0877286,-0.065861) 0.130206 (1.6811,0.710974) (0.17343,0.172604) 0.12338
14.1 (0.655408,0.566544) (0.208506,0.204633) 0.199936 (2.79844,2.7831) 1.97084 0.776025 (0.442957,0.859437) (0.095476,0.114432) 0.161512 (0.626955,0.0819044) (-0.222589,-0.152256) 0.153231 (2.33209,1.65022) (-0.0877286,-0.065861) 0.130206 (1.69844,0.728234) (0.17343,0.172604) 0.12338
14.2 (0.676281,0.587025) (0.208729,0.204811) 0.199936 (2.79844,2.7831) 1.97084 0.775924 (0.452504,0.87088) (0.0954759,0.114432) 0.161512 (0.604696,0.06668) (-0.222597,-0.152244) 0.153231 (2.32332,1.64363) (-0.0877286,-0.0658609) 0.130206 (1.71579,0.745495) (0.17343,0.172604) 0.12338
14.3 (0.697167,0.607517) (0.208863,0.204921) 0.199936 (2.79844,2.7831) 1.97084 0.77587 (0.462052,0.882323) (0.0954774,0.114431) 0.161512 (0.582435,0.0514561) (-0.222601,-0.152239) 0.153231 (2.31454,1.63704) (-0.0877286,-0.065861) 0.130206 (1.73313,0.762755) (0.17343,0.172604) 0.12338
14.4 (0.72345,0.633627) (0.26283,0.261099) 0.199936 (2.79844,2.7831) 1.97084 0.782094 (0.471977,0.89344) (0.0992512,0.111174) 0.161512 (0.560176,0.0362307) (-0.222591,-0.152253) 0.153231 (2.30577,1.63046) (-0.0877286,-0.065861) 0.130206 (1.75047,0.780016) (0.17343,0.172604) 0.12338
14.5 (0.758352,0.669409) (0.349018,0.357817) 0.199936 (2.79844,2.7831) 1.97084 0.797846 (0.482345,0.904147) (0.103673,0.107063) 0.161512 (0.537916,0.0210067) (-0.2226,-0.15224) 0.153231 (2.297,1.62387) (-0.0877286,-0.0658609) 0.130206 (1.76782,0.797276) (0.17343,0.172604) 0.12338
14.6 (0.82779,0.741357) (0.694381,0.719483) 0.199936 (2.79844,2.7831) 1.97084 0.80315 (0.493918,0.913536) (0.115733,0.0938949) 0.161512 (0.515656,0.00578352) (-0.222606,-0.152232) 0.153231 (2.28823,1.61729) (-0.0877286,-0.0658609) 0.130206 (1.78516,0.814536) (0.17343,0.172604) 0.12338
14.7 (0.897238,0.813316) (0.69448,0.719593) 0.199936 (2.79844,2.7831) 1.97084 0.803156 (0.505492,0.922925) (0.115741,0.0938856) 0.161512 (0.493397,-0.00944182) (-0.222591,-0.152253) 0.153231 (2.27945,1.6107) (-0.0877286,-0.0658609) 0.130206 (1.8025,0.831797) (0.17343,0.172604) 0.12338
14.8 (0.966687,0.885274) (0.694493,0.719577) 0.199936 (2.79844,2.7831) 1.97084 0.803136 (0.517065,0.932315) (0.11573,0.0938989) 0.161512 (0.471138,-0.0246675) (-0.222589,-0.152256) 0.153231 (2.27068,1.60411) (-0.0877286,-0.0658609) 0.130206 (1.81984,0.849057) (0.17343,0.172604) 0.12338
14.9 (1.03613,0.957228) (0.694445,0.719539) 0.199936 (2.79844,2.7831) 1.97084 0.803143 (0.528638,0.941705) (0.115728,0.0939012) 0.161512 (0.448878,-0.0398915) (-0.2226,-0.152241) 0.153231 (2.26191,1.59753) (-0.0877286,-0.0658609) 0.130206 (1.83719,0.866318) (0.17343,0.172604) 0.12338
15 (1.10558,1.02917) (0.694451,0.719442) 0.199936 (2.79844,2.7831) 1.97084 0.803071 (0.540212,0.951093) (0.115739,0.0938874) 0.161512 (0.426619,-0.0551171) (-0.222589,-0.152256) 0.153231 (2.25313,1.59094) (-0.0877286,-0.0658609) 0.130206 (1.85453,0.883578) (0.17343,0.172604) 0.12338
15.1 (1.17502,1.10112) (0.69447,0.719467) 0.199936 (2.79844,2.7831) 1.97084 0.803075 (0.551785,0.960483) (0.115736,0.0938916) 0.161512 (0.404358,-0.0703402) (-0.222606,-0.152231) 0.153231 (2.24436,1.58436) (-0.0877286,-0.0658609) 0.130206 (1.87187,0.900839) (0.17343,0.172604) 0.12338
15.2 (1.24447,1.17306) (0.694432,0.719455) 0.199936 (2.79844,2.7831) 1.97084 0.803094 (0.563359,0.969872) (0.115737,0.0938905) 0.161512 (0.382099,-0.085566) (-0.222588,-0.152257) 0.153231 (2.23559,1.57777) (-0.0877286,-0.0658609) 0.130206 (1.88922,0.918099) (0.17343,0.172604) 0.12338
15.3 (1.31392,1.24501) (0.694487,0.719455) 0.199936 (2.79844,2.7831) 1.97084 0.803055 (0.574932,0.979262) (0.11573,0.093899) 0.161512 (0.35984,-0.10079) (-0.222598,-0.152243) 0.153231 (2.22682,1.57118) (-0.087729,-0.0658604) 0.130206 (1.90656,0.935359) (0.17343,0.172604) 0.12338
15.4 (1.38336,1.31696) (0.694477,0.719526) 0.199936 (2.79844,2.7831) 1.97084 0.803111 (0.586505,0.988651) (0.11573,0.0938988) 0.161512 (0.33758,-0.116014) (-0.2226,-0.152241) 0.153231 (2.21804,1.5646) (-0.0877301,-0.065859) 0.130206 (1.9239,0.95262) (0.17343,0.172604) 0.12338
15.5 (1.45281,1.38892) (0.694451,0.719578) 0.199936 (2.79844,2.7831) 1.97084 0.803166 (0.598078,0.998041) (0.115735,0.0938923) 0.161512 (0.31532,-0.131239) (-0.222597,-0.152244) 0.153231 (2.20927,1.55801) (-0.0877294,-0.0658599) 0.130206 (1.94124,0.96988) (0.173429,0.172605) 0.12338
15.6 (1.52225,1.46088) (0.694442,0.719561) 0.199936 (2.79844,2.7831) 1.97084 0.803161 (0.609652,1.00743) (0.115738,0.0938894) 0.161512 (0.293059,-0.146462) (-0.222604,-0.152234) 0.153231 (2.2005,1.55143) (-0.0877294,-0.0658599) 0.130206 (1.95859,0.987141) (0.173429,0.172605) 0.12338
15.7 (1.59169,1.53282) (0.694405,0.719483) 0.199936 (2.79844,2.7831) 1.97084 0.803134 (0.621225,1.01682) (0.115727,0.0939028) 0.161512 (0.270799,-0.161685) (-0.222605,-0.152233) 0.153231 (2.19172,1.54484) (-0.0877294,-0.0658599) 0.130206 (1.97593,1.0044) (0.173429,0.172605) 0.12338
15.8 (1.66114,1.60478) (0.694465,0.719585) 0.199936 (2.79844,2.7831) 1.97084 0.803161 (0.632798,1.02621) (0.115735,0.0938928) 0.161512 (0.24854,-0.176911) (-0.22259,-0.152255) 0.153231 (2.18295,1.53825) (-0.0877294,-0.0658599) 0.130206 (1.99327,1.02166) (0.173429,0.172605) 0.12338
15.9 (1.73058,1.67673) (0.694408,0.719462) 0.199936 (2.79844,2.7831) 1.97084 0.803117 (0.644372,1.0356) (0.115738,0.0938885) 0.161512 (0.22628,-0.192135) (-0.222598,-0.152244) 0.153231 (2.17418,1.53167) (-0.0877294,-0.0658599) 0.130206 (2.01062,1.03892) (0.173429,0.172605) 0.12338
16 (1.80003,1.74868) (0.694499,0.719494) 0.199936 (2.79844,2.7831) 1.97084 0.803073 (0.655946,1.04499) (0.115735,0.0938932) 0.161512 (0.204019,-0.207358) (-0.222612,-0.152222) 0.153231 (2.16541,1.52508) (-0.0877294,-0.0658598) 0.130206 (2.02796,1.05618) (0.173429,0.172605) 0.12338
16.1 (1.86947,1.82062) (0.694412,0.719458) 0.199936 (2.79844,2.7831) 1.97084 0.803111 (0.66752,1.05438) (0.115742,0.0938837) 0.161512 (0.181759,-0.222581) (-0.222602,-0.152237) 0.153231 (2.15663,1.5185) (-0.0877294,-0.0658598) 0.130206 (2.0453,1.07344) (0.173429,0.172605) 0.12338
16.2 (1.93891,1.89257) (0.694426,0.719458) 0.199936 (2.79844,2.7831) 1.97084 0.8031 (0.679094,1.06376) (0.11574,0.0938866) 0.161512 (0.159499,-0.237806) (-0.222594,-0.152249) 0.153231 (2.14786,1.51191) (-0.0877295,-0.0658598) 0.130206 (2.06264,1.0907) (0.173429,0.172605) 0.12338
16.3 (2.00836,1.96452) (0.694474,0.719514) 0.199936 (2.79844,2.7831) 1.97084 0.803105 (0.690668,1.07315) (0.115737,0.0938895) 0.161512 (0.137239,-0.25303) (-0.222599,-0.152242) 0.153231 (2.13909,1.50532) (-0.0877295,-0.0658597) 0.130206 (2.07999,1.10796) (0.173429,0.172605) 0.12338
16.4 (2.07781,2.03648) (0.694464,0.719592) 0.199936 (2.79844,2.7831) 1.97084 0.803167 (0.702241,1.08254) (0.115736,0.0938912) 0.161512 (0.114979,-0.268254) (-0.2226,-0.15224) 0.153231 (2.13031,1.49874) (-0.0877296,-0.0658596) 0.130206 (2.09733,1.12523) (0.173429,0.172605) 0.12338
16.5 (2.14726,2.10843) (0.694483,0.719527) 0.199936 (2.79844,2.7831) 1.97084 0.803108 (0.713815,1.09193) (0.115735,0.0938924) 0.161512 (0.0927199,-0.283479) (-0.222595,-0.152247) 0.153231 (2.12154,1.49215) (-0.0877296,-0.0658596) 0.130206 (2.11467,1.14249) (0.173429,0.172605) 0.12338
16.6 (2.21237,2.1759) (0.65115,0.674651) 0.199936 (2.79844,2.7831) 1.97084 0.803122 (0.725388,1.10132) (0.115738,0.0938891) 0.161512 (0.0704604,-0.298704) (-0.222595,-0.152248) 0.153231 (2.11277,1.48557) (-0.0877319,-0.0658565) 0.130206 (2.13202,1.15975) (0.173429,0.172605) 0.12338
16.7 (2.27098,2.23661) (0.586111,0.607145) 0.199936 (2.79844,2.7831) 1.97084 0.803024 (0.736962,1.11071) (0.115736,0.0938916) 0.161512 (0.0482013,-0.313929) (-0.222591,-0.152254) 0.153231 (2.10399,1.47898) (-0.0877306,-0.0658582) 0.130206 (2.14936,1.17701) (0.173428,0.172606) 0.12338
16.8 (2.32374,2.29126) (0.527535,0.546473) 0.199936 (2.79844,2.7831) 1.97084 0.803029 (0.748535,1.1201) (0.115732,0.0938961) 0.161512 (0.0259416,-0.329154) (-0.222597,-0.152245) 0.153231 (2.09522,1.47239) (-0.0877306,-0.0658582) 0.130206 (2.1667,1.19427) (0.173428,0.172606) 0.12338
16.9 (2.3712,2.34045) (0.47462,0.491857) 0.199936 (2.79844,2.7831) 1.97084 0.803232 (0.760109,1.12949) (0.11574,0.0938867) 0.161512 (0.00368167,-0.344378) (-0.2226,-0.152241) 0.153231 (2.08645,1.46581) (-0.0877306,-0.0658582) 0.130206 (2.18404,1.21153) (0.173428,0.172606) 0.12338
17 (2.41392,2.38471) (0.42726,0.442616) 0.199936 (2.79844,2.7831) 1.97084 0.803049 (0.771684,1.13888) (0.115744,0.0938809) 0.161512 (-0.0185776,-0.359603) (-0.222593,-0.152251) 0.153231 (2.07768,1.45922) (-0.0877306,-0.0658582) 0.130206 (2.20139,1.22879) (0.173428,0.172606) 0.12338
17.1 (2.45238,2.42455) (0.384572,0.398451) 0.199936 (2.79844,2.7831) 1.97084 0.803121 (0.783258,1.14826) (0.11574,0.0938863) 0.161512 (-0.0408385,-0.374826) (-0.222609,-0.152227) 0.153231 (2.0689,1.45264) (-0.0877306,-0.0658583) 0.130206 (2.21873,1.24605) (0.173428,0.172606) 0.12338
17.2 (2.48698,2.4604) (0.346032,0.358462) 0.199936 (2.79844,2.7831) 1.97084 0.803041 (0.794832,1.15765) (0.115741,0.0938853) 0.161512 (-0.0630997,-0.390048) (-0.222612,-0.152223) 0.153231 (2.06013,1.44605) (-0.0877306,-0.0658583) 0.130206 (2.23607,1.26331) (0.173428,0.172606) 0.12338
