[]
timestamp position0 velocity0 radius0 goal pref_speed theta position1 velocity1 radius1 position2 velocity2 radius2 position3 velocity3 radius3 position4 velocity4 radius4 position5 velocity5 radius5 position6 velocity6 radius6
0 (-1.8611,-1.93609) (0,0) 0.203689 (2.79844,2.7831) 1.54418 0 (-0.80935,-0.529992) (0,0) 0.124389 (2.67402,2.07672) (0,0) 0.170316 (3.36669,2.76786) (0,0) 0.180082 (-1.33198,-1.28995) (0,0) 0.176221
0.1 (-1.85105,-1.93844) (0.100573,-0.0235204) 0.203689 (2.79844,2.7831) 1.54418 -0.229735 (-0.791081,-0.513217) (0.182688,0.167755) 0.124389 (2.65691,2.06275) (-0.171036,-0.139701) 0.170316 (3.35587,2.76981) (-0.108228,0.0195418) 0.180082 (-1.32147,-1.28963) (0.10505,0.00321069) 0.176221
0.2 (-1.8322,-1.93993) (0.188489,-0.0148477) 0.203689 (2.79844,2.7831) 1.54418 -0.0786099 (-0.772813,-0.49644) (0.182679,0.167765) 0.124389 (2.63981,2.04878) (-0.17103,-0.139708) 0.170316 (3.34739,2.7628) (-0.0847065,-0.0701429) 0.180082 (-1.31401,-1.28223) (0.0746261,0.0740052) 0.176221
0.3 (-1.77768,-1.93251) (0.545165,0.074103) 0.203689 (2.79844,2.7831) 1.54418 0.1351 (-0.754546,-0.479663) (0.182673,0.167771) 0.124389 (2.62271,2.03481) (-0.171031,-0.139707) 0.170316 (3.33892,2.75579) (-0.0847008,-0.0701499) 0.180082 (-1.30655,-1.27483) (0.0746241,0.0740073) 0.176221
0.4 (-1.70293,-1.90341) (0.747459,0.291037) 0.203689 (2.79844,2.7831) 1.54418 0.371308 (-0.736277,-0.462887) (0.182684,0.167759) 0.124389 (2.6056,2.02084) (-0.171035,-0.139702) 0.170316 (3.33045,2.74877) (-0.084698,-0.0701533) 0.180082 (-1.29909,-1.26743) (0.0746278,0.0740035) 0.176221
0.5 (-1.61763,-1.86234) (0.853055,0.410665) 0.203689 (2.79844,2.7831) 1.54418 0.448662 (-0.718008,-0.446112) (0.182692,0.16775) 0.124389 (2.5885,2.00687) (-0.171025,-0.139714) 0.170316 (3.32198,2.74175) (-0.0846997,-0.0701512) 0.180082 (-1.29162,-1.26003) (0.074627,0.0740043) 0.176221
0.6 (-1.53371,-1.81825) (0.839223,0.440959) 0.203689 (2.79844,2.7831) 1.54418 0.48379 (-0.69974,-0.429336) (0.182681,0.167763) 0.124389 (2.5714,1.9929) (-0.171037,-0.1397) 0.170316 (3.31351,2.73474) (-0.0847059,-0.0701437) 0.180082 (-1.28416,-1.25263) (0.0746216,0.0740098) 0.176221
0.7 (-1.45065,-1.7724) (0.830586,0.458482) 0.203689 (2.79844,2.7831) 1.54418 0.504376 (-0.681473,-0.412559) (0.182674,0.167771) 0.124389 (2.55429,1.97893) (-0.171036,-0.139701) 0.170316 (3.30504,2.72773) (-0.0847,-0.0701508) 0.180082 (-1.2767,-1.24523) (0.0746256,0.0740057) 0.176221
0.8 (-1.36816,-1.72552) (0.824911,0.468836) 0.203689 (2.79844,2.7831) 1.54418 0.51682 (-0.663205,-0.395782) (0.182678,0.167766) 0.124389 (2.53719,1.96496) (-0.171037,-0.1397) 0.170316 (3.29657,2.72071) (-0.0847003,-0.0701504) 0.180082 (-1.26924,-1.23783) (0.0746247,0.0740067) 0.176221
0.9 (-1.28606,-1.678) (0.820998,0.475204) 0.203689 (2.79844,2.7831) 1.54418 0.524694 (-0.644937,-0.379006) (0.182683,0.16776) 0.124389 (2.52009,1.95099) (-0.17104,-0.139696) 0.170316 (3.2881,2.7137) (-0.0846988,-0.0701523) 0.180082 (-1.26177,-1.23043) (0.0746239,0.0740074) 0.176221
1 (-1.20425,-1.63006) (0.818121,0.479402) 0.203689 (2.79844,2.7831) 1.54418 0.530046 (-0.626667,-0.362232) (0.182694,0.167748) 0.124389 (2.50298,1.93702) (-0.171036,-0.1397) 0.170316 (3.27963,2.70668) (-0.0846953,-0.0701565) 0.180082 (-1.25431,-1.22303) (0.0746272,0.0740041) 0.176221
1.1 (-1.12267,-1.5818) (0.815704,0.482547) 0.203689 (2.79844,2.7831) 1.54418 0.534199 (-0.608399,-0.345456) (0.182688,0.167754) 0.124389 (2.48588,1.92305) (-0.171036,-0.139701) 0.170316 (3.27116,2.69966) (-0.0846985,-0.0701526) 0.180082 (-1.24685,-1.21563) (0.0746251,0.0740062) 0.176221
1.2 (-1.04131,-1.53317) (0.813655,0.486338) 0.203689 (2.79844,2.7831) 1.54418 0.538742 (-0.590129,-0.328681) (0.182692,0.167751) 0.124389 (2.46878,1.90908) (-0.171035,-0.139702) 0.170316 (3.26269,2.69265) (-0.0847044,-0.0701455) 0.180082 (-1.23939,-1.20823) (0.0746262,0.0740051) 0.176221
1.3 (-0.96014,-1.4797) (0.811695,0.534654) 0.203689 (2.79844,2.7831) 1.54418 0.582459 (-0.57186,-0.311906) (0.182691,0.167751) 0.124389 (2.45167,1.89511) (-0.171039,-0.139697) 0.170316 (3.25422,2.68563) (-0.0847004,-0.0701503) 0.180082 (-1.23192,-1.20083) (0.0746263,0.074005) 0.176221
1.4 (-0.88098,-1.4201) (0.791602,0.595986) 0.203689 (2.79844,2.7831) 1.54418 0.645346 (-0.553592,-0.29513) (0.182681,0.167762) 0.124389 (2.43457,1.88114) (-0.171048,-0.139686) 0.170316 (3.24575,2.67862) (-0.0846997,-0.0701512) 0.180082 (-1.22446,-1.19343) (0.0746261,0.0740052) 0.176221
1.5 (-0.803821,-1.35818) (0.771587,0.619248) 0.203689 (2.79844,2.7831) 1.54418 0.676302 (-0.535324,-0.278354) (0.182682,0.167762) 0.124389 (2.41746,1.86717) (-0.171038,-0.139698) 0.170316 (3.23728,2.6716) (-0.0847003,-0.0701504) 0.180082 (-1.217,-1.18602) (0.0746254,0.074006) 0.176221
1.6 (-0.727701,-1.29507) (0.761198,0.63108) 0.203689 (2.79844,2.7831) 1.54418 0.692212 (-0.517054,-0.261579) (0.182695,0.167747) 0.124389 (2.40036,1.8532) (-0.171037,-0.139699) 0.170316 (3.22881,2.66459) (-0.084704,-0.0701459) 0.180082 (-1.20954,-1.17862) (0.0746289,0.0740024) 0.176221
1.7 (-0.652141,-1.23138) (0.755601,0.636937) 0.203689 (2.79844,2.7831) 1.54418 0.700389 (-0.498786,-0.244803) (0.182682,0.167761) 0.124389 (2.38325,1.83923) (-0.171044,-0.139691) 0.170316 (3.22034,2.65757) (-0.0846985,-0.0701527) 0.180082 (-1.20207,-1.17122) (0.0746264,0.0740049) 0.176221
1.8 (-0.576883,-1.16739) (0.752578,0.63983) 0.203689 (2.79844,2.7831) 1.54418 0.704601 (-0.480516,-0.228028) (0.182698,0.167744) 0.124389 (2.36615,1.82526) (-0.171042,-0.139694) 0.170316 (3.21187,2.65056) (-0.0847043,-0.0701457) 0.180082 (-1.19461,-1.16382) (0.0746208,0.0740106) 0.176221
1.9 (-0.501795,-1.10328) (0.750882,0.641196) 0.203689 (2.79844,2.7831) 1.54418 0.706768 (-0.462247,-0.211254) (0.182698,0.167744) 0.124389 (2.34905,1.81129) (-0.171042,-0.139694) 0.170316 (3.2034,2.64355) (-0.0847037,-0.0701463) 0.180082 (-1.18715,-1.15642) (0.0746268,0.0740046) 0.176221
2 (-0.426813,-1.0391) (0.749815,0.641734) 0.203689 (2.79844,2.7831) 1.54418 0.707885 (-0.443978,-0.194478) (0.182685,0.167758) 0.124389 (2.33194,1.79732) (-0.171032,-0.139705) 0.170316 (3.19493,2.63653) (-0.0846942,-0.0701578) 0.180082 (-1.17969,-1.14902) (0.0746279,0.0740034) 0.176221
2.1 (-0.351908,-0.974919) (0.749054,0.641822) 0.203689 (2.79844,2.7831) 1.54418 0.708454 (-0.425709,-0.177703) (0.182687,0.167756) 0.124389 (2.31484,1.78335) (-0.171035,-0.139702) 0.170316 (3.18646,2.62952) (-0.0847018,-0.0701486) 0.180082 (-1.17222,-1.14162) (0.0746294,0.0740018) 0.176221
2.2 (-0.277065,-0.910752) (0.748432,0.641676) 0.203689 (2.79844,2.7831) 1.54418 0.708751 (-0.407441,-0.160926) (0.182682,0.167761) 0.124389 (2.29774,1.76938) (-0.171033,-0.139705) 0.170316 (3.17799,2.6225) (-0.0847034,-0.0701467) 0.180082 (-1.16476,-1.13422) (0.0746271,0.0740042) 0.176221
2.3 (-0.202275,-0.84661) (0.7479,0.641418) 0.203689 (2.79844,2.7831) 1.54418 0.708905 (-0.389174,-0.144149) (0.182672,0.167772) 0.124389 (2.28063,1.75541) (-0.171043,-0.139693) 0.170316 (3.16952,2.61549) (-0.0847014,-0.0701492) 0.180082 (-1.1573,-1.12682) (0.0746193,0.0740121) 0.176221
2.4 (-0.127537,-0.782501) (0.747381,0.641088) 0.203689 (2.79844,2.7831) 1.54418 0.708993 (-0.370905,-0.127374) (0.18269,0.167753) 0.124389 (2.26353,1.74144) (-0.171033,-0.139704) 0.170316 (3.16105,2.60847) (-0.0847006,-0.0701502) 0.180082 (-1.14984,-1.11942) (0.0746242,0.0740071) 0.176221
2.5 (-0.0528479,-0.718429) (0.746889,0.640718) 0.203689 (2.79844,2.7831) 1.54418 0.709033 (-0.352637,-0.110598) (0.182683,0.167761) 0.124389 (2.24642,1.72747) (-0.171044,-0.13969) 0.170316 (3.15258,2.60146) (-0.0847015,-0.070149) 0.180082 (-1.14237,-1.11202) (0.0746252,0.0740061) 0.176221
2.6 (0.0217863,-0.654401) (0.746342,0.640289) 0.203689 (2.79844,2.7831) 1.54418 0.709064 (-0.334368,-0.0938227) (0.18269,0.167753) 0.124389 (2.22932,1.7135) (-0.171036,-0.139701) 0.170316 (3.14411,2.59444) (-0.0847005,-0.0701502) 0.180082 (-1.13491,-1.10462) (0.0746232,0.0740081) 0.176221
2.7 (0.0963648,-0.590418) (0.745785,0.639825) 0.203689 (2.79844,2.7831) 1.54418 0.709075 (-0.316098,-0.0770479) (0.182695,0.167748) 0.124389 (2.21222,1.69953) (-0.171036,-0.1397) 0.170316 (3.13564,2.58743) (-0.0846997,-0.0701512) 0.180082 (-1.12745,-1.09722) (0.0746199,0.0740114) 0.176221
2.8 (0.170882,-0.526487) (0.745175,0.639312) 0.203689 (2.79844,2.7831) 1.54418 0.709083 (-0.297831,-0.0602712) (0.182677,0.167767) 0.124389 (2.19511,1.68556) (-0.171047,-0.139688) 0.170316 (3.12717,2.58041) (-0.0846968,-0.0701547) 0.180082 (-1.11999,-1.08982) (0.0746262,0.0740051) 0.176221
2.9 (0.245331,-0.462613) (0.744484,0.638738) 0.203689 (2.79844,2.7831) 1.54418 0.709098 (-0.279562,-0.043495) (0.182681,0.167762) 0.124389 (2.17801,1.67159) (-0.17104,-0.139696) 0.170316 (3.1187,2.57339) (-0.0847011,-0.0701495) 0.180082 (-1.11252,-1.08242) (0.0746292,0.0740021) 0.176221
3 (0.319717,-0.398792) (0.743864,0.638211) 0.203689 (2.79844,2.7831) 1.54418 0.709101 (-0.261295,-0.0267184) (0.182677,0.167766) 0.124389 (2.16091,1.65762) (-0.17104,-0.139696) 0.170316 (3.11023,2.56638) (-0.0846962,-0.0701555) 0.180082 (-1.10506,-1.07502) (0.0746257,0.0740056) 0.176221
3.1 (0.394028,-0.335035) (0.743106,0.637566) 0.203689 (2.79844,2.7831) 1.54418 0.709106 (-0.243028,-0.00994072) (0.182668,0.167776) 0.124389 (2.1438,1.64365) (-0.171044,-0.139691) 0.170316 (3.10176,2.55936) (-0.0847003,-0.0701505) 0.180082 (-1.0976,-1.06762) (0.0746262,0.0740051) 0.176221
3.2 (0.468266,-0.27134) (0.74238,0.636954) 0.203689 (2.79844,2.7831) 1.54418 0.709114 (-0.22476,0.00683588) (0.182678,0.167766) 0.124389 (2.1267,1.62968) (-0.171042,-0.139694) 0.170316 (3.09329,2.55235) (-0.0847023,-0.0701481) 0.180082 (-1.09014,-1.06021) (0.0746258,0.0740055) 0.176221
3.3 (0.542425,-0.207711) (0.741598,0.636289) 0.203689 (2.79844,2.7831) 1.54418 0.709119 (-0.206493,0.023613) (0.182673,0.167772) 0.124389 (2.10959,1.61571) (-0.171042,-0.139694) 0.170316 (3.08482,2.54533) (-0.0846964,-0.0701552) 0.180082 (-1.08267,-1.05281) (0.074627,0.0740043) 0.176221
3.4 (0.616489,-0.144164) (0.740638,0.635473) 0.203689 (2.79844,2.7831) 1.54418 0.709124 (-0.188224,0.040389) (0.182683,0.16776) 0.124389 (2.09249,1.60175) (-0.171042,-0.139694) 0.170316 (3.07635,2.53832) (-0.0846939,-0.0701582) 0.180082 (-1.07521,-1.04541) (0.0746252,0.0740061) 0.176221
3.5 (0.69046,-0.0806957) (0.739706,0.63468) 0.203689 (2.79844,2.7831) 1.54418 0.70913 (-0.169956,0.0571651) (0.182683,0.167761) 0.124389 (2.07538,1.58778) (-0.171042,-0.139694) 0.170316 (3.06788,2.5313) (-0.0847015,-0.070149) 0.180082 (-1.06775,-1.03801) (0.0746298,0.0740015) 0.176221
3.6 (0.764326,-0.0173166) (0.738659,0.633791) 0.203689 (2.79844,2.7831) 1.54418 0.709136 (-0.151688,0.0739415) (0.18268,0.167764) 0.124389 (2.05828,1.57381) (-0.171042,-0.139694) 0.170316 (3.05941,2.52429) (-0.0847017,-0.0701488) 0.180082 (-1.06028,-1.03061) (0.0746297,0.0740016) 0.176221
3.7 (0.838083,0.0459698) (0.73757,0.632864) 0.203689 (2.79844,2.7831) 1.54418 0.709143 (-0.13342,0.0907175) (0.182683,0.167761) 0.124389 (2.04118,1.55984) (-0.171042,-0.139694) 0.170316 (3.05094,2.51727) (-0.0847033,-0.0701468) 0.180082 (-1.05282,-1.02321) (0.0746219,0.0740094) 0.176221
3.8 (0.911716,0.109151) (0.736336,0.631815) 0.203689 (2.79844,2.7831) 1.54418 0.70915 (-0.115151,0.107493) (0.182691,0.167752) 0.124389 (2.02407,1.54587) (-0.171042,-0.139694) 0.170316 (3.04247,2.51026) (-0.0847002,-0.0701505) 0.180082 (-1.04536,-1.01581) (0.0746284,0.0740029) 0.176221
3.9 (0.985214,0.172217) (0.734976,0.630659) 0.203689 (2.79844,2.7831) 1.54418 0.709159 (-0.0968826,0.124269) (0.182682,0.167761) 0.124389 (2.00697,1.5319) (-0.171042,-0.139694) 0.170316 (3.034,2.50324) (-0.0847013,-0.0701493) 0.180082 (-1.0379,-1.00841) (0.0746261,0.0740052) 0.176221
4 (1.05857,0.235163) (0.733559,0.629454) 0.203689 (2.79844,2.7831) 1.54418 0.709167 (-0.078615,0.141045) (0.182677,0.167767) 0.124389 (1.98986,1.51793) (-0.171042,-0.139694) 0.170316 (3.02553,2.49623) (-0.0846992,-0.0701518) 0.180082 (-1.03043,-1.00101) (0.0746265,0.0740048) 0.176221
4.1 (1.13177,0.297973) (0.731974,0.628106) 0.203689 (2.79844,2.7831) 1.54418 0.709177 (-0.0603464,0.157821) (0.182686,0.167757) 0.124389 (1.97276,1.50396) (-0.171042,-0.139694) 0.170316 (3.01706,2.48921) (-0.0846972,-0.0701542) 0.180082 (-1.02297,-0.99361) (0.0746222,0.0740092) 0.176221
4.2 (1.2048,0.360642) (0.730307,0.626689) 0.203689 (2.79844,2.7831) 1.54418 0.709188 (-0.0420786,0.174598) (0.182678,0.167766) 0.124389 (1.95566,1.48999) (-0.171042,-0.139694) 0.170316 (3.00859,2.4822) (-0.0847013,-0.0701492) 0.180082 (-1.01551,-0.98621) (0.0746277,0.0740036) 0.176221
4.3 (1.27764,0.423153) (0.728453,0.625112) 0.203689 (2.79844,2.7831) 1.54418 0.709199 (-0.0238089,0.191372) (0.182697,0.167745) 0.124389 (1.93855,1.47602) (-0.171042,-0.139694) 0.170316 (3.00012,2.47518) (-0.0846983,-0.0701529) 0.180082 (-1.00805,-0.97881) (0.0746311,0.0740001) 0.176221
4.4 (1.35028,0.48549) (0.726401,0.623368) 0.203689 (2.79844,2.7831) 1.54418 0.709212 (-0.00554132,0.208149) (0.182676,0.167768) 0.124389 (1.92145,1.46205) (-0.171042,-0.139694) 0.170316 (2.99165,2.46817) (-0.0846988,-0.0701523) 0.180082 (-1.00058,-0.97141) (0.0746291,0.0740022) 0.176221
4.5 (1.4227,0.547633) (0.724122,0.62143) 0.203689 (2.79844,2.7831) 1.54418 0.709226 (0.0127269,0.224925) (0.182682,0.167761) 0.124389 (1.90434,1.44808) (-0.171042,-0.139694) 0.170316 (2.98318,2.46115) (-0.0847003,-0.0701504) 0.180082 (-0.99312,-0.96401) (0.0746299,0.0740014) 0.176221
4.6 (1.49486,0.609564) (0.721627,0.619308) 0.203689 (2.79844,2.7831) 1.54418 0.709242 (0.0309945,0.241702) (0.182676,0.167768) 0.124389 (1.88724,1.43411) (-0.171042,-0.139694) 0.170316 (2.97471,2.45414) (-0.0847001,-0.0701507) 0.180082 (-0.985657,-0.956609) (0.0746274,0.0740039) 0.176221
4.7 (1.56675,0.671264) (0.718909,0.616998) 0.203689 (2.79844,2.7831) 1.54418 0.709259 (0.0492629,0.258478) (0.182684,0.167759) 0.124389 (1.87013,1.42014) (-0.171044,-0.139691) 0.170316 (2.96624,2.44712) (-0.0847027,-0.0701476) 0.180082 (-0.978195,-0.949208) (0.0746237,0.0740076) 0.176221
4.8 (1.63834,0.732705) (0.715866,0.614412) 0.203689 (2.79844,2.7831) 1.54418 0.70928 (0.0675308,0.275254) (0.182679,0.167765) 0.124389 (1.85303,1.40617) (-0.171043,-0.139693) 0.170316 (2.95777,2.44011) (-0.0847017,-0.0701488) 0.180082 (-0.970732,-0.941808) (0.0746249,0.0740064) 0.176221
4.9 (1.70958,0.793859) (0.712493,0.611544) 0.203689 (2.79844,2.7831) 1.54418 0.709302 (0.0857986,0.292031) (0.182678,0.167766) 0.124389 (1.83593,1.39221) (-0.171043,-0.139693) 0.170316 (2.9493,2.43309) (-0.0847009,-0.0701497) 0.180082 (-0.96327,-0.934407) (0.0746272,0.0740041) 0.176221
5 (1.78045,0.854689) (0.708679,0.608301) 0.203689 (2.79844,2.7831) 1.54418 0.709327 (0.104067,0.308806) (0.182688,0.167755) 0.124389 (1.81882,1.37824) (-0.171043,-0.139693) 0.170316 (2.94083,2.42608) (-0.0846998,-0.0701511) 0.180082 (-0.955807,-0.927007) (0.0746224,0.0740089) 0.176221
5.1 (1.8509,0.915165) (0.704513,0.604759) 0.203689 (2.79844,2.7831) 1.54418 0.709355 (0.122336,0.325583) (0.182681,0.167762) 0.124389 (1.80172,1.36427) (-0.171043,-0.139693) 0.170316 (2.93236,2.41906) (-0.0847003,-0.0701505) 0.180082 (-0.948345,-0.919606) (0.0746262,0.0740051) 0.176221
5.2 (1.92089,0.975246) (0.699868,0.600809) 0.203689 (2.79844,2.7831) 1.54418 0.709386 (0.140604,0.342359) (0.182685,0.167759) 0.124389 (1.78461,1.3503) (-0.171043,-0.139692) 0.170316 (2.92389,2.41205) (-0.0847034,-0.0701467) 0.180082 (-0.940882,-0.912206) (0.0746269,0.0740044) 0.176221
5.3 (1.99035,1.03488) (0.694553,0.59629) 0.203689 (2.79844,2.7831) 1.54418 0.709422 (0.158873,0.359134) (0.182687,0.167756) 0.124389 (1.76751,1.33633) (-0.171043,-0.139692) 0.170316 (2.91542,2.40503) (-0.0847049,-0.0701449) 0.180082 (-0.933419,-0.904805) (0.0746299,0.0740014) 0.176221
5.4 (2.05921,1.094) (0.688675,0.591295) 0.203689 (2.79844,2.7831) 1.54418 0.709464 (0.177141,0.375911) (0.182678,0.167765) 0.124389 (1.7504,1.32236) (-0.171042,-0.139694) 0.170316 (2.90695,2.39802) (-0.0847003,-0.0701505) 0.180082 (-0.925956,-0.897405) (0.0746271,0.0740042) 0.176221
5.5 (2.12743,1.15512) (0.68213,0.611202) 0.203689 (2.79844,2.7831) 1.54418 0.730611 (0.195408,0.392688) (0.182673,0.167771) 0.124389 (1.7333,1.30839) (-0.171036,-0.139701) 0.170316 (2.89848,2.391) (-0.0847015,-0.0701491) 0.180082 (-0.918493,-0.890005) (0.0746323,0.073999) 0.176221
5.6 (2.19434,1.21643) (0.669105,0.613093) 0.203689 (2.79844,2.7831) 1.54418 0.741741 (0.213676,0.409464) (0.182683,0.16776) 0.124389 (1.7162,1.29442) (-0.171025,-0.139714) 0.170316 (2.89001,2.38399) (-0.0847006,-0.0701501) 0.180082 (-0.911031,-0.882604) (0.0746235,0.0740078) 0.176221
5.7 (2.26018,1.27751) (0.658444,0.610733) 0.203689 (2.79844,2.7831) 1.54418 0.747824 (0.231944,0.42624) (0.182679,0.167764) 0.124389 (1.69909,1.28045) (-0.171035,-0.139701) 0.170316 (2.88154,2.37697) (-0.0847045,-0.0701454) 0.180082 (-0.903568,-0.875204) (0.0746249,0.0740064) 0.176221
5.8 (2.32502,1.33805) (0.648344,0.605448) 0.203689 (2.79844,2.7831) 1.54418 0.751199 (0.250213,0.443015) (0.182692,0.167751) 0.124389 (1.68199,1.26648) (-0.171034,-0.139703) 0.170316 (2.87307,2.36996) (-0.0847016,-0.0701489) 0.180082 (-0.896106,-0.867802) (0.0746191,0.0740123) 0.176221
5.9 (2.38882,1.39786) (0.638035,0.598106) 0.203689 (2.79844,2.7831) 1.54418 0.753108 (0.26848,0.459793) (0.182671,0.167774) 0.124389 (1.66489,1.25251) (-0.171033,-0.139704) 0.170316 (2.8646,2.36294) (-0.0847021,-0.0701483) 0.180082 (-0.888644,-0.860402) (0.0746259,0.0740054) 0.176221
6 (2.45151,1.45677) (0.626931,0.589022) 0.203689 (2.79844,2.7831) 1.54418 0.754232 (0.286749,0.476568) (0.18269,0.167753) 0.124389 (1.64779,1.23854) (-0.17103,-0.139708) 0.170316 (2.85613,2.35593) (-0.0847005,-0.0701503) 0.180082 (-0.881181,-0.853001) (0.0746262,0.0740051) 0.176221
6.1 (2.51295,1.51457) (0.614421,0.578084) 0.203689 (2.79844,2.7831) 1.54418 0.754936 (0.305018,0.493344) (0.182683,0.167761) 0.124389 (1.63068,1.22457) (-0.171045,-0.139689) 0.170316 (2.84766,2.34891) (-0.0846987,-0.0701523) 0.180082 (-0.873719,-0.845601) (0.0746243,0.0740071) 0.176221
6.2 (2.57299,1.57111) (0.600339,0.565386) 0.203689 (2.79844,2.7831) 1.54418 0.755423 (0.323286,0.51012) (0.182687,0.167756) 0.124389 (1.61358,1.2106) (-0.171027,-0.139712) 0.170316 (2.83919,2.3419) (-0.0847012,-0.0701493) 0.180082 (-0.866256,-0.8382) (0.0746237,0.0740076) 0.176221
6.3 (2.63142,1.62618) (0.584294,0.550705) 0.203689 (2.79844,2.7831) 1.54418 0.755813 (0.341554,0.526896) (0.18268,0.167763) 0.124389 (1.59648,1.19662) (-0.171022,-0.139718) 0.170316 (2.83072,2.33488) (-0.0846983,-0.0701529) 0.180082 (-0.858793,-0.8308) (0.074629,0.0740023) 0.176221
6.4 (2.68803,1.67957) (0.56607,0.533904) 0.203689 (2.79844,2.7831) 1.54418 0.756165 (0.359822,0.543673) (0.182677,0.167767) 0.124389 (1.57937,1.18265) (-0.17103,-0.139708) 0.170316 (2.82225,2.32787) (-0.0847042,-0.0701457) 0.180082 (-0.851331,-0.823399) (0.0746207,0.0740106) 0.176221
6.5 (2.74257,1.73106) (0.545482,0.514867) 0.203689 (2.79844,2.7831) 1.54418 0.756534 (0.378091,0.560447) (0.182695,0.167747) 0.124389 (1.56227,1.16868) (-0.171024,-0.139716) 0.170316 (2.81378,2.32085) (-0.0847004,-0.0701503) 0.180082 (-0.843869,-0.815998) (0.0746218,0.0740096) 0.176221
6.6 (2.79479,1.78038) (0.522135,0.493231) 0.203689 (2.79844,2.7831) 1.54418 0.756939 (0.39636,0.577223) (0.182686,0.167757) 0.124389 (1.54517,1.15471) (-0.171036,-0.139701) 0.170316 (2.80531,2.31384) (-0.0846941,-0.070158) 0.180082 (-0.836407,-0.808597) (0.0746223,0.0740091) 0.176221
6.7 (2.84442,1.82731) (0.496337,0.469295) 0.203689 (2.79844,2.7831) 1.54418 0.757401 (0.414628,0.594) (0.182678,0.167766) 0.124389 (1.52806,1.14074) (-0.171036,-0.139701) 0.170316 (2.79684,2.30682) (-0.0847013,-0.0701492) 0.180082 (-0.828944,-0.801197) (0.0746303,0.074001) 0.176221
6.8 (2.88919,1.86973) (0.447728,0.424183) 0.203689 (2.79844,2.7831) 1.54418 0.7584 (0.432896,0.610776) (0.182682,0.167762) 0.124389 (1.51096,1.12677) (-0.17103,-0.139708) 0.170316 (2.78837,2.29981) (-0.0846986,-0.0701526) 0.180082 (-0.821481,-0.793796) (0.0746245,0.0740068) 0.176221
6.9 (2.92944,1.90795) (0.402471,0.382172) 0.203689 (2.79844,2.7831) 1.54418 0.759533 (0.451164,0.627552) (0.182683,0.16776) 0.124389 (1.49386,1.1128) (-0.171034,-0.139703) 0.170316 (2.7799,2.29279) (-0.0846962,-0.0701554) 0.180082 (-0.814019,-0.786396) (0.0746271,0.0740042) 0.176221
7 (2.96562,1.94238) (0.361744,0.34436) 0.203689 (2.79844,2.7831) 1.54418 0.760784 (0.469433,0.644328) (0.182684,0.167759) 0.124389 (1.47675,1.09883) (-0.171036,-0.139701) 0.170316 (2.77143,2.28578) (-0.0847012,-0.0701494) 0.180082 (-0.806557,-0.778994) (0.0746191,0.0740123) 0.176221
7.1 (2.99814,1.97343) (0.3252,0.310439) 0.203689 (2.79844,2.7831) 1.54418 0.762181 (0.487702,0.661103) (0.182688,0.167755) 0.124389 (1.45965,1.08486) (-0.171029,-0.13971) 0.170316 (2.76296,2.27876) (-0.0846959,-0.0701557) 0.180082 (-0.799094,-0.771594) (0.0746264,0.0740049) 0.176221
7.2 (3.02736,2.00141) (0.29226,0.279856) 0.203689 (2.79844,2.7831) 1.54418 0.76372 (0.505968,0.677881) (0.182666,0.167779) 0.124389 (1.44255,1.07089) (-0.171039,-0.139697) 0.170316 (2.75449,2.27175) (-0.0847006,-0.0701501) 0.180082 (-0.791632,-0.764193) (0.0746259,0.0740054) 0.176221
7.3 (3.05634,2.03231) (0.2898,0.309003) 0.203689 (2.79844,2.7831) 1.54418 0.817456 (0.524237,0.694657) (0.182686,0.167758) 0.124389 (1.42544,1.05692) (-0.171034,-0.139703) 0.170316 (2.74602,2.26473) (-0.0847012,-0.0701493) 0.180082 (-0.78417,-0.756792) (0.0746213,0.07401) 0.176221
7.4 (3.08488,2.0777) (0.285358,0.453856) 0.203689 (2.79844,2.7831) 1.54418 1.00951 (0.542505,0.711433) (0.182681,0.167763) 0.124389 (1.40834,1.04295) (-0.171029,-0.139709) 0.170316 (2.73755,2.25772) (-0.0846971,-0.0701544) 0.180082 (-0.776707,-0.749392) (0.0746264,0.0740049) 0.176221
7.5 (3.10566,2.13386) (0.207841,0.561635) 0.203689 (2.79844,2.7831) 1.54418 1.21636 (0.560773,0.728209) (0.182682,0.167762) 0.124389 (1.39124,1.02898) (-0.171035,-0.139701) 0.170316 (2.72908,2.2507) (-0.0847033,-0.0701468) 0.180082 (-0.769244,-0.741991) (0.0746251,0.0740062) 0.176221
7.6 (3.11443,2.19604) (0.0876974,0.621797) 0.203689 (2.79844,2.7831) 1.54418 1.43068 (0.579041,0.744986) (0.182677,0.167767) 0.124389 (1.37413,1.01501) (-0.171042,-0.139693) 0.170316 (2.72061,2.24369) (-0.0846991,-0.0701519) 0.180082 (-0.761782,-0.734591) (0.074628,0.0740033) 0.176221
7.7 (3.10983,2.25844) (-0.0459667,0.623954) 0.203689 (2.79844,2.7831) 1.54418 1.64433 (0.597309,0.761762) (0.182688,0.167755) 0.124389 (1.35703,1.00104) (-0.171032,-0.139705) 0.170316 (2.71214,2.23667) (-0.0847056,-0.0701441) 0.180082 (-0.754319,-0.72719) (0.0746272,0.0740041) 0.176221
7.79999 (3.09328,2.31582) (-0.165552,0.573851) 0.203689 (2.79844,2.7831) 1.54418 1.85166 (0.615578,0.778537) (0.182685,0.167759) 0.124389 (1.33993,0.987067) (-0.17103,-0.139708) 0.170316 (2.70367,2.22966) (-0.0847014,-0.0701491) 0.180082 (-0.746856,-0.71979) (0.0746262,0.0740051) 0.176221
7.89999 (3.06793,2.36478) (-0.253477,0.489603) 0.203689 (2.79844,2.7831) 1.54418 2.04852 (0.633846,0.795314) (0.182682,0.167761) 0.124389 (1.32282,0.973096) (-0.171033,-0.139705) 0.170316 (2.6952,2.22264) (-0.0847003,-0.0701504) 0.180082 (-0.739393,-0.71239) (0.0746322,0.0739991) 0.176221
