[]
timestamp position0 velocity0 radius0 goal pref_speed theta position1 velocity1 radius1 position2 velocity2 radius2 position3 velocity3 radius3 position4 velocity4 radius4 position5 velocity5 radius5 position6 velocity6 radius6
0 (-1.75467,-1.72834) (0,0) 0.158898 (2.79844,2.7831) 1.61191 0 (-0.672031,-0.520861) (0,0) 0.128786 (2.63141,2.85658) (0,0) 0.129939 (3.32274,3.46096) (0,0) 0.188898 (-1.185,-1.1731) (0,0) 0.13162
0.1 (-1.75163,-1.72422) (0.0303896,0.0411693) 0.158898 (2.79844,2.7831) 1.61191 0.934914 (-0.664464,-0.513656) (0.0756651,0.0720414) 0.128786 (2.61457,2.83974) (-0.168335,-0.168422) 0.129939 (3.32224,3.45243) (-0.00504496,-0.0853046) 0.188898 (-1.17198,-1.17609) (0.130142,-0.0299153) 0.13162
0.2 (-1.74353,-1.70268) (0.0810244,0.215416) 0.158898 (2.79844,2.7831) 1.61191 1.21104 (-0.656897,-0.506453) (0.0756725,0.0720337) 0.128786 (2.59774,2.8229) (-0.168342,-0.168414) 0.129939 (3.30935,3.43972) (-0.128856,-0.127082) 0.188898 (-1.14582,-1.17218) (0.261637,0.0390868) 0.13162
0.3 (-1.73504,-1.66074) (0.0848849,0.419356) 0.158898 (2.79844,2.7831) 1.61191 1.37108 (-0.64933,-0.499249) (0.075667,0.0720394) 0.128786 (2.5809,2.80605) (-0.168335,-0.168421) 0.129939 (3.29647,3.42701) (-0.128863,-0.127075) 0.188898 (-1.12158,-1.16159) (0.242435,0.105863) 0.13162
0.4 (-1.70333,-1.59544) (0.317044,0.653028) 0.158898 (2.79844,2.7831) 1.61191 1.11882 (-0.641763,-0.492045) (0.0756672,0.0720392) 0.128786 (2.56407,2.78921) (-0.168337,-0.168419) 0.129939 (3.28358,3.41431) (-0.128866,-0.127073) 0.188898 (-1.09897,-1.14786) (0.226079,0.137367) 0.13162
0.5 (-1.65743,-1.51884) (0.459032,0.766037) 0.158898 (2.79844,2.7831) 1.61191 1.03094 (-0.634196,-0.484842) (0.0756708,0.0720355) 0.128786 (2.54724,2.77237) (-0.16833,-0.168427) 0.129939 (3.27069,3.4016) (-0.128854,-0.127085) 0.188898 (-1.07734,-1.13262) (0.216242,0.152384) 0.13162
0.6 (-1.60443,-1.43694) (0.52998,0.818938) 0.158898 (2.79844,2.7831) 1.61191 0.996424 (-0.62663,-0.477638) (0.0756685,0.0720378) 0.128786 (2.53041,2.75553) (-0.168332,-0.168425) 0.129939 (3.25781,3.38889) (-0.12886,-0.127079) 0.188898 (-1.05626,-1.11664) (0.210838,0.159777) 0.13162
0.7 (-1.5501,-1.35595) (0.543344,0.809928) 0.158898 (2.79844,2.7831) 1.61191 0.9799 (-0.619062,-0.470435) (0.0756729,0.0720333) 0.128786 (2.51357,2.73868) (-0.168341,-0.168416) 0.129939 (3.24492,3.37618) (-0.128852,-0.127087) 0.188898 (-1.03546,-1.10029) (0.207977,0.163484) 0.13162
0.8 (-1.49507,-1.27548) (0.550226,0.8047) 0.158898 (2.79844,2.7831) 1.61191 0.971049 (-0.611495,-0.463231) (0.0756684,0.072038) 0.128786 (2.49674,2.72184) (-0.168334,-0.168423) 0.129939 (3.23204,3.36347) (-0.128869,-0.127069) 0.188898 (-1.01481,-1.08376) (0.20649,0.165358) 0.13162
0.9 (-1.4397,-1.19531) (0.553786,0.801688) 0.158898 (2.79844,2.7831) 1.61191 0.966288 (-0.603929,-0.456027) (0.0756677,0.0720387) 0.128786 (2.4799,2.705) (-0.168328,-0.168429) 0.129939 (3.21915,3.35077) (-0.128862,-0.127077) 0.188898 (-0.994241,-1.06712) (0.20572,0.166315) 0.13162
1 (-1.38415,-1.11535) (0.555432,0.799642) 0.158898 (2.79844,2.7831) 1.61191 0.963703 (-0.596362,-0.448823) (0.0756671,0.0720393) 0.128786 (2.46307,2.68816) (-0.168334,-0.168423) 0.129939 (3.20626,3.33806) (-0.12886,-0.127079) 0.188898 (-0.973709,-1.05044) (0.205324,0.166803) 0.13162
1.1 (-1.32854,-1.03553) (0.556109,0.798201) 0.158898 (2.79844,2.7831) 1.61191 0.962286 (-0.588795,-0.441619) (0.0756678,0.0720386) 0.128786 (2.44624,2.67131) (-0.168321,-0.168435) 0.129939 (3.19338,3.32535) (-0.12886,-0.127079) 0.188898 (-0.953197,-1.03374) (0.205121,0.167054) 0.13162
1.2 (-1.27291,-0.955807) (0.556333,0.797189) 0.158898 (2.79844,2.7831) 1.61191 0.961502 (-0.581228,-0.434415) (0.0756699,0.0720363) 0.128786 (2.42941,2.65447) (-0.168335,-0.168422) 0.129939 (3.18049,3.31264) (-0.128864,-0.127075) 0.188898 (-0.932695,-1.01702) (0.205017,0.167181) 0.13162
1.3 (-1.21729,-0.876187) (0.556174,0.796199) 0.158898 (2.79844,2.7831) 1.61191 0.961054 (-0.573661,-0.427212) (0.0756743,0.0720318) 0.128786 (2.41257,2.63763) (-0.168327,-0.168429) 0.129939 (3.16761,3.29993) (-0.128853,-0.127086) 0.188898 (-0.912199,-1.0003) (0.204964,0.167246) 0.13162
1.4 (-1.16171,-0.796664) (0.555815,0.795233) 0.158898 (2.79844,2.7831) 1.61191 0.960787 (-0.566094,-0.420008) (0.0756655,0.072041) 0.128786 (2.39574,2.62079) (-0.168338,-0.168419) 0.129939 (3.15472,3.28723) (-0.128856,-0.127082) 0.188898 (-0.891705,-0.983569) (0.204939,0.167276) 0.13162
1.5 (-1.10617,-0.71722) (0.55544,0.79444) 0.158898 (2.79844,2.7831) 1.61191 0.960635 (-0.558527,-0.412804) (0.0756687,0.0720376) 0.128786 (2.37891,2.60394) (-0.168334,-0.168423) 0.129939 (3.14183,3.27452) (-0.128861,-0.127078) 0.188898 (-0.871212,-0.966839) (0.204923,0.167297) 0.13162
1.6 (-1.05067,-0.637864) (0.554945,0.793559) 0.158898 (2.79844,2.7831) 1.61191 0.960532 (-0.550961,-0.405601) (0.0756682,0.0720382) 0.128786 (2.36207,2.5871) (-0.168351,-0.168406) 0.129939 (3.12895,3.26181) (-0.128861,-0.127077) 0.188898 (-0.850721,-0.950109) (0.204915,0.167306) 0.13162
1.7 (-0.995235,-0.558604) (0.554363,0.792602) 0.158898 (2.79844,2.7831) 1.61191 0.960459 (-0.543393,-0.398397) (0.0756709,0.0720354) 0.128786 (2.34524,2.57026) (-0.168351,-0.168406) 0.129939 (3.11606,3.2491) (-0.128862,-0.127076) 0.188898 (-0.83023,-0.933378) (0.204912,0.16731) 0.13162
1.8 (-0.939855,-0.479433) (0.553804,0.791708) 0.158898 (2.79844,2.7831) 1.61191 0.960402 (-0.535827,-0.391193) (0.0756632,0.0720434) 0.128786 (2.3284,2.55342) (-0.168329,-0.168428) 0.129939 (3.10317,3.2364) (-0.128867,-0.127072) 0.188898 (-0.809739,-0.916646) (0.204911,0.167311) 0.13162
1.9 (-0.884548,-0.400375) (0.553072,0.790583) 0.158898 (2.79844,2.7831) 1.61191 0.960356 (-0.52826,-0.383989) (0.0756676,0.0720388) 0.128786 (2.31157,2.53658) (-0.168337,-0.16842) 0.129939 (3.09029,3.22369) (-0.128852,-0.127087) 0.188898 (-0.789248,-0.899915) (0.204907,0.167316) 0.13162
2 (-0.829306,-0.321418) (0.552411,0.789567) 0.158898 (2.79844,2.7831) 1.61191 0.960313 (-0.520694,-0.376785) (0.0756676,0.0720388) 0.128786 (2.29474,2.51974) (-0.168339,-0.168418) 0.129939 (3.0774,3.21098) (-0.128868,-0.12707) 0.188898 (-0.768757,-0.883183) (0.204907,0.167316) 0.13162
2.1 (-0.774135,-0.242568) (0.551718,0.788503) 0.158898 (2.79844,2.7831) 1.61191 0.96027 (-0.513127,-0.369581) (0.0756674,0.0720391) 0.128786 (2.2779,2.50289) (-0.168342,-0.168415) 0.129939 (3.06452,3.19827) (-0.128858,-0.12708) 0.188898 (-0.748267,-0.866452) (0.204907,0.167316) 0.13162
2.2 (-0.719041,-0.163839) (0.550931,0.787288) 0.158898 (2.79844,2.7831) 1.61191 0.960216 (-0.50556,-0.362377) (0.0756675,0.0720389) 0.128786 (2.26107,2.48605) (-0.16835,-0.168406) 0.129939 (3.05163,3.18556) (-0.128864,-0.127075) 0.188898 (-0.727776,-0.84972) (0.204907,0.167316) 0.13162
2.3 (-0.655319,-0.0870432) (0.637228,0.767958) 0.158898 (2.79844,2.7831) 1.61191 0.878165 (-0.497993,-0.355173) (0.0756675,0.0720389) 0.128786 (2.24423,2.46921) (-0.168333,-0.168424) 0.129939 (3.03874,3.17286) (-0.12887,-0.127068) 0.188898 (-0.707285,-0.832988) (0.204907,0.167316) 0.13162
2.4 (-0.588817,-0.0129681) (0.665014,0.74075) 0.158898 (2.79844,2.7831) 1.61191 0.839222 (-0.490427,-0.347969) (0.0756675,0.0720389) 0.128786 (2.2274,2.45237) (-0.168338,-0.168418) 0.129939 (3.02586,3.16015) (-0.128858,-0.12708) 0.188898 (-0.686795,-0.816257) (0.204907,0.167316) 0.13162
2.5 (-0.52089,0.0596931) (0.679277,0.726613) 0.158898 (2.79844,2.7831) 1.61191 0.819055 (-0.48286,-0.340765) (0.0756675,0.0720389) 0.128786 (2.21057,2.43553) (-0.168339,-0.168418) 0.129939 (3.01297,3.14744) (-0.128862,-0.127077) 0.188898 (-0.666304,-0.799525) (0.204907,0.167316) 0.13162
2.6 (-0.45224,0.131608) (0.686497,0.719144) 0.158898 (2.79844,2.7831) 1.61191 0.80862 (-0.475294,-0.333561) (0.0756628,0.0720438) 0.128786 (2.19373,2.41869) (-0.16834,-0.168417) 0.129939 (3.00008,3.13474) (-0.128874,-0.127065) 0.188898 (-0.645813,-0.782793) (0.204907,0.167316) 0.13162
2.7 (-0.383229,0.203122) (0.690108,0.715149) 0.158898 (2.79844,2.7831) 1.61191 0.803216 (-0.467727,-0.326357) (0.0756652,0.0720413) 0.128786 (2.1769,2.40184) (-0.168326,-0.168431) 0.129939 (2.9872,3.12203) (-0.128859,-0.12708) 0.188898 (-0.625323,-0.766061) (0.204904,0.167319) 0.13162
2.8 (-0.314038,0.274421) (0.691906,0.71299) 0.158898 (2.79844,2.7831) 1.61191 0.800404 (-0.460161,-0.319153) (0.0756653,0.0720413) 0.128786 (2.16007,2.385) (-0.168337,-0.16842) 0.129939 (2.97431,3.10932) (-0.12886,-0.127079) 0.188898 (-0.604833,-0.74933) (0.204904,0.167319) 0.13162
2.9 (-0.244766,0.345597) (0.69272,0.711758) 0.158898 (2.79844,2.7831) 1.61191 0.798953 (-0.452594,-0.311949) (0.0756653,0.0720413) 0.128786 (2.14323,2.36816) (-0.16833,-0.168427) 0.129939 (2.96143,3.09661) (-0.128861,-0.127078) 0.188898 (-0.584342,-0.732598) (0.204904,0.167319) 0.13162
3 (-0.175468,0.416692) (0.692983,0.710949) 0.158898 (2.79844,2.7831) 1.61191 0.798194 (-0.445028,-0.304745) (0.0756641,0.0720424) 0.128786 (2.1264,2.35132) (-0.168332,-0.168425) 0.129939 (2.94854,3.08391) (-0.128866,-0.127072) 0.188898 (-0.563852,-0.715866) (0.204904,0.167319) 0.13162
3.1 (-0.106164,0.487737) (0.693041,0.710448) 0.158898 (2.79844,2.7831) 1.61191 0.7978 (-0.437461,-0.29754) (0.0756647,0.0720418) 0.128786 (2.10957,2.33447) (-0.16832,-0.168436) 0.129939 (2.93565,3.0712) (-0.128855,-0.127083) 0.188898 (-0.543361,-0.699134) (0.204904,0.16732) 0.13162
3.2 (-0.0368761,0.558735) (0.692878,0.709978) 0.158898 (2.79844,2.7831) 1.61191 0.797587 (-0.429895,-0.290336) (0.0756647,0.0720418) 0.128786 (2.09273,2.31763) (-0.168338,-0.168419) 0.129939 (2.92277,3.05849) (-0.12886,-0.127078) 0.188898 (-0.522871,-0.682402) (0.204904,0.16732) 0.13162
3.3 (0.0323863,0.629693) (0.692624,0.709579) 0.158898 (2.79844,2.7831) 1.61191 0.797489 (-0.422328,-0.283132) (0.0756647,0.0720418) 0.128786 (2.0759,2.30079) (-0.168331,-0.168426) 0.129939 (2.90988,3.04578) (-0.128867,-0.127071) 0.188898 (-0.50238,-0.66567) (0.204904,0.16732) 0.13162
3.4 (0.101624,0.700617) (0.692376,0.709244) 0.158898 (2.79844,2.7831) 1.61191 0.797433 (-0.414762,-0.275928) (0.0756647,0.0720418) 0.128786 (2.05907,2.28395) (-0.168341,-0.168416) 0.129939 (2.897,3.03307) (-0.128863,-0.127075) 0.188898 (-0.48189,-0.648938) (0.204904,0.16732) 0.13162
3.5 (0.17082,0.771496) (0.691963,0.708792) 0.158898 (2.79844,2.7831) 1.61191 0.797412 (-0.407195,-0.268724) (0.0756647,0.0720418) 0.128786 (2.04223,2.26711) (-0.168343,-0.168414) 0.129939 (2.88411,3.02037) (-0.128861,-0.127078) 0.188898 (-0.4614,-0.632206) (0.204904,0.16732) 0.13162
3.6 (0.239973,0.84233) (0.691532,0.708338) 0.158898 (2.79844,2.7831) 1.61191 0.797403 (-0.399629,-0.261519) (0.0756647,0.0720418) 0.128786 (2.0254,2.25026) (-0.16833,-0.168427) 0.129939 (2.87122,3.00766) (-0.128869,-0.12707) 0.188898 (-0.440909,-0.615474) (0.204904,0.16732) 0.13162
3.7 (0.30909,0.913125) (0.691168,0.707946) 0.158898 (2.79844,2.7831) 1.61191 0.797389 (-0.392062,-0.254315) (0.0756647,0.0720419) 0.128786 (2.00856,2.23342) (-0.168341,-0.168416) 0.129939 (2.85834,2.99495) (-0.12887,-0.127068) 0.188898 (-0.420419,-0.598742) (0.204904,0.16732) 0.13162
3.8 (0.378152,0.983863) (0.690615,0.707382) 0.158898 (2.79844,2.7831) 1.61191 0.797391 (-0.384496,-0.247111) (0.0756647,0.0720419) 0.128786 (1.99173,2.21658) (-0.168334,-0.168423) 0.129939 (2.84545,2.98225) (-0.128867,-0.127071) 0.188898 (-0.399928,-0.58201) (0.204904,0.16732) 0.13162
3.9 (0.447164,1.05455) (0.69012,0.70687) 0.158898 (2.79844,2.7831) 1.61191 0.797388 (-0.376929,-0.239907) (0.0756647,0.0720419) 0.128786 (1.9749,2.19974) (-0.168332,-0.168424) 0.129939 (2.83256,2.96954) (-0.128868,-0.12707) 0.188898 (-0.379438,-0.565278) (0.204904,0.16732) 0.13162
4 (0.516116,1.12518) (0.689524,0.706257) 0.158898 (2.79844,2.7831) 1.61191 0.797386 (-0.369363,-0.232703) (0.0756647,0.0720419) 0.128786 (1.95806,2.18289) (-0.168335,-0.168422) 0.129939 (2.81968,2.95683) (-0.128859,-0.12708) 0.188898 (-0.358948,-0.548546) (0.204904,0.16732) 0.13162
4.1 (0.584998,1.19573) (0.688819,0.705538) 0.158898 (2.79844,2.7831) 1.61191 0.797388 (-0.361796,-0.225499) (0.0756647,0.0720419) 0.128786 (1.94123,2.16605) (-0.168335,-0.168422) 0.129939 (2.80679,2.94412) (-0.128857,-0.127081) 0.188898 (-0.338457,-0.531814) (0.204904,0.16732) 0.13162
4.2 (0.65381,1.26621) (0.688116,0.704821) 0.158898 (2.79844,2.7831) 1.61191 0.79739 (-0.35423,-0.218294) (0.0756647,0.0720419) 0.128786 (1.9244,2.14921) (-0.168335,-0.168422) 0.129939 (2.79391,2.93141) (-0.128857,-0.127082) 0.188898 (-0.317967,-0.515082) (0.204904,0.16732) 0.13162
4.3 (0.722545,1.33662) (0.687351,0.704041) 0.158898 (2.79844,2.7831) 1.61191 0.797393 (-0.346663,-0.21109) (0.0756647,0.0720419) 0.128786 (1.90756,2.13237) (-0.168335,-0.168422) 0.129939 (2.78102,2.91871) (-0.12886,-0.127078) 0.188898 (-0.297476,-0.49835) (0.204904,0.16732) 0.13162
4.4 (0.791193,1.40693) (0.686481,0.703154) 0.158898 (2.79844,2.7831) 1.61191 0.797396 (-0.339097,-0.203886) (0.0756647,0.0720419) 0.128786 (1.89073,2.11552) (-0.168325,-0.168432) 0.129939 (2.76813,2.906) (-0.128858,-0.12708) 0.188898 (-0.276986,-0.481618) (0.204904,0.16732) 0.13162
4.5 (0.859738,1.47714) (0.685452,0.702094) 0.158898 (2.79844,2.7831) 1.61191 0.797391 (-0.33153,-0.196682) (0.0756647,0.0720419) 0.128786 (1.8739,2.09868) (-0.168331,-0.168426) 0.129939 (2.75525,2.89329) (-0.128863,-0.127076) 0.188898 (-0.256495,-0.464886) (0.204904,0.16732) 0.13162
4.6 (0.92817,1.54723) (0.684318,0.700938) 0.158898 (2.79844,2.7831) 1.61191 0.797395 (-0.323964,-0.189478) (0.0756642,0.0720424) 0.128786 (1.85707,2.08184) (-0.168323,-0.168434) 0.129939 (2.74236,2.88058) (-0.128854,-0.127084) 0.188898 (-0.236005,-0.448154) (0.204904,0.16732) 0.13162
4.7 (0.996475,1.6172) (0.683052,0.699638) 0.158898 (2.79844,2.7831) 1.61191 0.797393 (-0.316398,-0.182273) (0.0756645,0.0720421) 0.128786 (1.84023,2.065) (-0.168327,-0.16843) 0.129939 (2.72947,2.86788) (-0.128866,-0.127072) 0.188898 (-0.215515,-0.431422) (0.204904,0.16732) 0.13162
4.8 (1.06464,1.68702) (0.681619,0.698177) 0.158898 (2.79844,2.7831) 1.61191 0.797398 (-0.308831,-0.175069) (0.0756645,0.0720421) 0.128786 (1.8234,2.04815) (-0.168327,-0.16843) 0.129939 (2.71659,2.85517) (-0.128865,-0.127073) 0.188898 (-0.195024,-0.41469) (0.204904,0.16732) 0.13162
4.9 (1.13263,1.75666) (0.679962,0.696487) 0.158898 (2.79844,2.7831) 1.61191 0.797404 (-0.301265,-0.167865) (0.0756645,0.0720421) 0.128786 (1.80657,2.03131) (-0.168322,-0.168435) 0.129939 (2.7037,2.84246) (-0.128859,-0.127079) 0.188898 (-0.174534,-0.397958) (0.204904,0.16732) 0.13162
5 (1.20044,1.82612) (0.678048,0.69453) 0.158898 (2.79844,2.7831) 1.61191 0.797405 (-0.293698,-0.160661) (0.0756645,0.0720421) 0.128786 (1.78974,2.01447) (-0.168325,-0.168432) 0.129939 (2.69082,2.82975) (-0.128864,-0.127075) 0.188898 (-0.154044,-0.381226) (0.204904,0.16732) 0.13162
5.1 (1.26803,1.89535) (0.675901,0.692341) 0.158898 (2.79844,2.7831) 1.61191 0.797413 (-0.286132,-0.153457) (0.0756645,0.0720421) 0.128786 (1.7729,1.99762) (-0.168325,-0.168432) 0.129939 (2.67793,2.81705) (-0.12887,-0.127069) 0.188898 (-0.133553,-0.364494) (0.204904,0.16732) 0.13162
5.2 (1.33536,1.96433) (0.673369,0.689759) 0.158898 (2.79844,2.7831) 1.61191 0.797421 (-0.278565,-0.146252) (0.0756644,0.0720421) 0.128786 (1.75607,1.98078) (-0.168325,-0.168432) 0.129939 (2.66504,2.80434) (-0.128863,-0.127075) 0.188898 (-0.113063,-0.347762) (0.204904,0.16732) 0.13162
5.3 (1.40241,2.03301) (0.670457,0.68679) 0.158898 (2.79844,2.7831) 1.61191 0.797431 (-0.270999,-0.139048) (0.0756665,0.07204) 0.128786 (1.73924,1.96394) (-0.168325,-0.168432) 0.129939 (2.65216,2.79163) (-0.128864,-0.127074) 0.188898 (-0.0931136,-0.330389) (0.199492,0.173736) 0.13162
5.4 (1.4691,2.10132) (0.666915,0.683179) 0.158898 (2.79844,2.7831) 1.61191 0.797444 (-0.263432,-0.131844) (0.075665,0.0720415) 0.128786 (1.72241,1.94709) (-0.168325,-0.168432) 0.129939 (2.63927,2.77892) (-0.12887,-0.127068) 0.188898 (-0.0739306,-0.312173) (0.19183,0.182161) 0.13162
5.5 (1.53538,2.16922) (0.662825,0.679007) 0.158898 (2.79844,2.7831) 1.61191 0.797457 (-0.255865,-0.124641) (0.0756758,0.0720302) 0.128786 (1.70557,1.93025) (-0.168325,-0.168431) 0.129939 (2.62638,2.76622) (-0.128861,-0.127078) 0.188898 (-0.0555781,-0.29312) (0.183526,0.190525) 0.13162
5.6 (1.60184,2.23648) (0.664577,0.67255) 0.158898 (2.79844,2.7831) 1.61191 0.79136 (-0.248298,-0.117437) (0.0756698,0.0720365) 0.128786 (1.68874,1.91341) (-0.168346,-0.16841) 0.129939 (2.6135,2.75351) (-0.128857,-0.127081) 0.188898 (-0.0374669,-0.273838) (0.181112,0.192821) 0.13162
5.7 (1.66797,2.30295) (0.661266,0.664718) 0.158898 (2.79844,2.7831) 1.61191 0.788002 (-0.240731,-0.110234) (0.0756683,0.0720381) 0.128786 (1.67191,1.89657) (-0.168332,-0.168424) 0.129939 (2.60061,2.7408) (-0.128863,-0.127075) 0.188898 (-0.0193566,-0.254555) (0.181103,0.19283) 0.13162
5.8 (1.73354,2.36862) (0.655757,0.656713) 0.158898 (2.79844,2.7831) 1.61191 0.786127 (-0.233163,-0.10303) (0.0756723,0.0720338) 0.128786 (1.65507,1.87972) (-0.168335,-0.168422) 0.129939 (2.58772,2.72809) (-0.128873,-0.127065) 0.188898 (-0.00124694,-0.235271) (0.181097,0.192835) 0.13162
5.9 (1.79836,2.4334) (0.648185,0.647766) 0.158898 (2.79844,2.7831) 1.61191 0.785075 (-0.225597,-0.095826) (0.0756638,0.0720428) 0.128786 (1.63824,1.86288) (-0.168334,-0.168422) 0.129939 (2.57484,2.71539) (-0.128863,-0.127075) 0.188898 (0.0168617,-0.215987) (0.181087,0.192845) 0.13162
6 (1.8622,2.49712) (0.638375,0.637184) 0.158898 (2.79844,2.7831) 1.61191 0.784465 (-0.21803,-0.0886223) (0.0756693,0.072037) 0.128786 (1.6214,1.84604) (-0.168348,-0.168409) 0.129939 (2.56195,2.70268) (-0.128864,-0.127074) 0.188898 (0.0349708,-0.196703) (0.181091,0.192841) 0.13162
6.1 (1.92348,2.55824) (0.612753,0.611216) 0.158898 (2.79844,2.7831) 1.61191 0.784143 (-0.210463,-0.0814186) (0.0756697,0.0720366) 0.128786 (1.60457,1.8292) (-0.168347,-0.168409) 0.129939 (2.54907,2.68997) (-0.128855,-0.127084) 0.188898 (0.0530795,-0.177418) (0.181087,0.192844) 0.13162
6.2 (1.97863,2.61324) (0.551529,0.550017) 0.158898 (2.79844,2.7831) 1.61191 0.784026 (-0.202896,-0.0742148) (0.0756678,0.0720386) 0.128786 (1.58773,1.81236) (-0.168342,-0.168415) 0.129939 (2.53618,2.67726) (-0.128852,-0.127087) 0.188898 (0.0711887,-0.158134) (0.181092,0.19284) 0.13162
6.3 (2.02827,2.66274) (0.496398,0.494997) 0.158898 (2.79844,2.7831) 1.61191 0.783985 (-0.19533,-0.067011) (0.0756685,0.0720378) 0.128786 (1.5709,1.79552) (-0.168331,-0.168426) 0.129939 (2.52329,2.66455) (-0.12886,-0.127079) 0.188898 (0.089298,-0.138851) (0.181094,0.192838) 0.13162
6.4 (2.07295,2.70729) (0.446766,0.445528) 0.158898 (2.79844,2.7831) 1.61191 0.784011 (-0.187762,-0.0598076) (0.0756718,0.0720344) 0.128786 (1.55407,1.77867) (-0.168334,-0.168423) 0.129939 (2.51041,2.65185) (-0.128869,-0.127069) 0.188898 (0.107409,-0.119568) (0.181106,0.192827) 0.13162
6.5 (2.11315,2.7474) (0.40209,0.401041) 0.158898 (2.79844,2.7831) 1.61191 0.784092 (-0.180196,-0.0526036) (0.0756669,0.0720396) 0.128786 (1.53724,1.76183) (-0.168327,-0.16843) 0.129939 (2.49752,2.63914) (-0.128856,-0.127083) 0.188898 (0.125517,-0.100283) (0.181088,0.192844) 0.13162
6.6 (2.14933,2.78349) (0.361791,0.360907) 0.158898 (2.79844,2.7831) 1.61191 0.784175 (-0.172628,-0.0454005) (0.075675,0.0720311) 0.128786 (1.5204,1.74499) (-0.168329,-0.168428) 0.129939 (2.48463,2.62643) (-0.128873,-0.127065) 0.188898 (0.143628,-0.0810004) (0.181102,0.19283) 0.13162
6.7 (2.18189,2.81598) (0.325604,0.324904) 0.158898 (2.79844,2.7831) 1.61191 0.784322 (-0.165062,-0.0381963) (0.075665,0.0720415) 0.128786 (1.50357,1.72815) (-0.168339,-0.168418) 0.129939 (2.47175,2.61372) (-0.128859,-0.12708) 0.188898 (0.161737,-0.0617171) (0.181099,0.192833) 0.13162
6.8 (2.2112,2.84523) (0.293053,0.29249) 0.158898 (2.79844,2.7831) 1.61191 0.784437 (-0.157495,-0.0309924) (0.0756668,0.0720397) 0.128786 (1.48674,1.7113) (-0.168335,-0.168422) 0.129939 (2.45886,2.60102) (-0.128855,-0.127083) 0.188898 (0.179847,-0.0424338) (0.181099,0.192834) 0.13162
6.9 (2.23763,2.87157) (0.264262,0.263443) 0.158898 (2.79844,2.7831) 1.61191 0.783846 (-0.149928,-0.0237885) (0.0756675,0.0720389) 0.128786 (1.4699,1.69446) (-0.168343,-0.168414) 0.129939 (2.44598,2.58831) (-0.128854,-0.127085) 0.188898 (0.197956,-0.023149) (0.181084,0.192848) 0.13162
7 (2.27647,2.89534) (0.388421,0.237695) 0.158898 (2.79844,2.7831) 1.61191 0.549161 (-0.142362,-0.0165843) (0.0756644,0.0720422) 0.128786 (1.45307,1.67762) (-0.168327,-0.16843) 0.129939 (2.43309,2.5756) (-0.128863,-0.127076) 0.188898 (0.216065,-0.00386509) (0.181093,0.192839) 0.13162
7.1 (2.32259,2.90898) (0.461211,0.136369) 0.158898 (2.79844,2.7831) 1.61191 0.287486 (-0.134795,-0.00938032) (0.0756671,0.0720394) 0.128786 (1.43624,1.66078) (-0.16833,-0.168427) 0.129939 (2.4202,2.56289) (-0.128874,-0.127065) 0.188898 (0.234174,0.0154188) (0.181093,0.192839) 0.13162
7.2 (2.36993,2.91) (0.473367,0.0102195) 0.158898 (2.79844,2.7831) 1.61191 0.0215857 (-0.127228,-0.00217632) (0.0756664,0.07204) 0.128786 (1.4194,1.64394) (-0.168336,-0.16842) 0.129939 (2.40732,2.55019) (-0.128864,-0.127075) 0.188898 (0.252284,0.0347021) (0.181099,0.192833) 0.13162
7.3 (2.41317,2.89955) (0.432487,-0.10447) 0.158898 (2.79844,2.7831) 1.61191 -0.237017 (-0.119662,0.0050278) (0.0756654,0.0720411) 0.128786 (1.40257,1.62709) (-0.168332,-0.168425) 0.129939 (2.39443,2.53748) (-0.128875,-0.127064) 0.188898 (0.270394,0.0539853) (0.1811,0.192832) 0.13162
