[[(2, 2.1), (0, 2.1), (0, 1.8), (2, 1.8)], [(2, 0.3), (0, 0.3), (0, 0), (2, 0)]]
timestamp position0 velocity0 radius0 goal pref_speed theta position1 velocity1 radius1 position2 velocity2 radius2 position3 velocity3 radius3 position4 velocity4 radius4 position5 velocity5 radius5 position6 velocity6 radius6
0 (1.24913,1.16606) (0,0) 0.186313 (5.98029,1.15206) 1.98163 0 (2.24281,0.431506) (0,0) 0.215687 (2.36247,0.779202) (0,0) 0.216661 (2.3744,1.2485) (0,0) 0.136608 (2.24603,1.64167) (0,0) 0.142868 (1.24913,1.8) (0,0) 0.001 (1.24913,0.3) (0,0) 0.001
0.25 (1.49913,1.16531) (1,-0.00298113) 0.186313 (5.98029,1.15206) 1.98163 -0.00298111 (2.25816,0.396818) (0.0614016,-0.138752) 0.215687 (2.39312,0.79178) (0.122607,0.0503142) 0.216661 (2.43129,1.24415) (0.227553,-0.0174077) 0.136608 (2.33143,1.66603) (0.341628,0.0974407) 0.142868 (1.49913,1.8) (0,0) 0.001 (1.49913,0.3) (0,0) 0.001
0.5 (1.62823,1.17017) (0.516411,0.0194138) 0.186313 (5.98029,1.15206) 1.98163 0.0375761 (2.28926,0.375108) (0.124423,-0.0868398) 0.215687 (2.42621,0.793499) (0.132351,0.00687684) 0.216661 (2.45989,1.2759) (0.114375,0.12698) 0.136608 (2.42025,1.66605) (0.355252,7.73557e-05) 0.142868 (1.62823,1.8) (0,0) 0.001 (1.62823,0.3) (0,0) 0.001
0.75 (1.75592,1.175) (0.510776,0.0193422) 0.186313 (5.98029,1.15206) 1.98163 0.0378502 (2.32564,0.36438) (0.145536,-0.0429133) 0.215687 (2.4593,0.79519) (0.132357,0.00676136) 0.216661 (2.50346,1.30392) (0.174306,0.112085) 0.136608 (2.50904,1.66431) (0.355184,-0.00695444) 0.142868 (1.75592,1.8) (0,0) 0.001 (1.75592,0.3) (0,0) 0.001
1 (1.88362,1.17984) (0.510776,0.0193422) 0.186313 (5.98029,1.15206) 1.98163 0.0378502 (2.3633,0.359811) (0.150626,-0.0182763) 0.215687 (2.49239,0.79688) (0.132357,0.00676137) 0.216661 (2.55423,1.32996) (0.203063,0.104159) 0.136608 (2.59782,1.66183) (0.355114,-0.00991652) 0.142868 (1.88362,1.8) (0,0) 0.001 (1.88362,0.3) (0,0) 0.001
1.25 (2.01131,1.18467) (0.510776,0.0193422) 0.186313 (5.98029,1.15206) 1.98163 0.0378502 (2.40097,0.35537) (0.150687,-0.017763) 0.215687 (2.52548,0.79857) (0.132357,0.00676136) 0.216661 (2.60499,1.356) (0.203063,0.104159) 0.136608 (2.68659,1.65903) (0.355075,-0.0112047) 0.142868 (2,1.8) (0,0) 0.001 (2,0.3) (0,0) 0.001
1.5 (2.139,1.18951) (0.510776,0.0193422) 0.186313 (5.98029,1.15206) 1.98163 0.0378501 (2.43865,0.350932) (0.150689,-0.0177517) 0.215687 (2.55857,0.800261) (0.132357,0.00676138) 0.216661 (2.65576,1.38204) (0.203063,0.104159) 0.136608 (2.77535,1.65606) (0.355053,-0.0118838) 0.142868 (2,1.8) (0,0) 0.001 (2,0.3) (0,0) 0.001
1.75 (2.2667,1.19434) (0.510776,0.0193422) 0.186313 (5.98029,1.15206) 1.98163 0.0378502 (2.47632,0.346492) (0.150688,-0.0177589) 0.215687 (2.59166,0.801951) (0.132357,0.00676137) 0.216661 (2.70653,1.40808) (0.203063,0.104159) 0.136608 (2.86411,1.653) (0.355041,-0.0122424) 0.142868 (2,1.8) (0,0) 0.001 (2,0.3) (0,0) 0.001
2 (2.39439,1.19918) (0.510776,0.0193422) 0.186313 (5.98029,1.15206) 1.98163 0.0378501 (2.51399,0.342052) (0.150687,-0.0177631) 0.215687 (2.62475,0.803641) (0.132357,0.00676141) 0.216661 (2.75729,1.43412) (0.203063,0.104159) 0.136608 (2.95287,1.64989) (0.355035,-0.0124322) 0.142868 (2,1.8) (0,0) 0.001 (2,0.3) (0,0) 0.001
2.25 (2.52209,1.20402) (0.510776,0.0193422) 0.186313 (5.98029,1.15206) 1.98163 0.0378501 (2.55166,0.337614) (0.150689,-0.0177499) 0.215687 (2.65784,0.805332) (0.132357,0.00676139) 0.216661 (2.80806,1.46016) (0.203063,0.104159) 0.136608 (3.04163,1.64675) (0.355031,-0.0125331) 0.142868 (2,1.8) (0,0) 0.001 (2,0.3) (0,0) 0.001
2.5 (2.64978,1.20885) (0.510776,0.0193422) 0.186313 (5.98029,1.15206) 1.98163 0.0378502 (2.58933,0.333173) (0.150687,-0.0177637) 0.215687 (2.69092,0.807022) (0.132357,0.00676134) 0.216661 (2.85882,1.4862) (0.203063,0.104159) 0.136608 (3.13039,1.64361) (0.355029,-0.0125869) 0.142868 (2,1.8) (0,0) 0.001 (2,0.3) (0,0) 0.001
2.75 (2.77747,1.21369) (0.510777,0.0193418) 0.186313 (5.98029,1.15206) 1.98163 0.0378493 (2.62701,0.328734) (0.150688,-0.0177572) 0.215687 (2.72401,0.808712) (0.132357,0.00676179) 0.216661 (2.90959,1.51224) (0.203063,0.104159) 0.136608 (3.21915,1.64045) (0.355028,-0.0126156) 0.142868 (2,1.8) (0,0) 0.001 (2,0.3) (0,0) 0.001
3 (3.02127,1.18652) (0.975206,-0.10867) 0.186313 (5.98029,1.15206) 1.98163 -0.110975 (2.66468,0.324293) (0.150687,-0.0177639) 0.215687 (2.7571,0.810437) (0.13235,0.00689704) 0.216661 (2.96035,1.53827) (0.203063,0.104159) 0.136608 (3.3079,1.6373) (0.355028,-0.0126315) 0.142868 (2,1.8) (0,0) 0.001 (2,0.3) (0,0) 0.001
3.25 (3.27126,1.1836) (0.999934,-0.0116762) 0.186313 (5.98029,1.15206) 1.98163 -0.0116764 (2.70235,0.319853) (0.150687,-0.0177613) 0.215687 (2.79019,0.812162) (0.132349,0.00690056) 0.216661 (3.01728,1.53447) (0.227709,-0.0152306) 0.136608 (3.39241,1.60999) (0.338045,-0.109224) 0.142868 (2,1.8) (0,0) 0.001 (2,0.3) (0,0) 0.001
3.5 (3.52125,1.1807) (0.999974,-0.0116041) 0.186313 (5.98029,1.15206) 1.98163 -0.0116038 (2.74002,0.315412) (0.150687,-0.0177615) 0.215687 (2.82328,0.813886) (0.13235,0.00689709) 0.216661 (3.07022,1.51318) (0.211735,-0.0851578) 0.136608 (3.47692,1.58268) (0.338041,-0.109237) 0.142868 (2,1.8) (0,0) 0.001 (2,0.3) (0,0) 0.001
3.75 (3.77125,1.17778) (1.00001,-0.0116575) 0.186313 (5.98029,1.15206) 1.98163 -0.0116569 (2.77769,0.310974) (0.150688,-0.0177535) 0.215687 (2.85636,0.815609) (0.13235,0.00689369) 0.216661 (3.11795,1.48193) (0.190946,-0.124993) 0.136608 (3.56143,1.55537) (0.338041,-0.109236) 0.142868 (2,1.8) (0,0) 0.001 (2,0.3) (0,0) 0.001
4 (4.02123,1.17487) (0.999921,-0.0116514) 0.186313 (5.98029,1.15206) 1.98163 -0.0116518 (2.81536,0.306534) (0.150688,-0.0177572) 0.215687 (2.88945,0.817336) (0.132349,0.00690497) 0.216661 (3.16152,1.44509) (0.174274,-0.147351) 0.136608 (3.64594,1.52806) (0.338038,-0.109244) 0.142868 (2,1.8) (0,0) 0.001 (2,0.3) (0,0) 0.001
4.25 (4.27122,1.17196) (0.999933,-0.0116453) 0.186313 (5.98029,1.15206) 1.98163 -0.0116455 (2.85304,0.302096) (0.150688,-0.0177558) 0.215687 (2.92254,0.81906) (0.13235,0.00689608) 0.216661 (3.20278,1.40569) (0.165057,-0.157607) 0.136608 (3.73045,1.50075) (0.338038,-0.109244) 0.142868 (2,1.8) (0,0) 0.001 (2,0.3) (0,0) 0.001
4.5 (4.5212,1.16903) (0.999923,-0.01172) 0.186313 (5.98029,1.15206) 1.98163 -0.0117204 (2.89071,0.297656) (0.150688,-0.0177589) 0.215687 (2.95563,0.820787) (0.132349,0.00690886) 0.216661 (3.24279,1.36501) (0.160018,-0.16272) 0.136608 (3.81496,1.47343) (0.338032,-0.109264) 0.142868 (2,1.8) (0,0) 0.001 (2,0.3) (0,0) 0.001
4.75 (4.77118,1.16612) (0.999928,-0.0116546) 0.186313 (5.98029,1.15206) 1.98163 -0.0116549 (2.92838,0.293216) (0.150688,-0.017759) 0.215687 (2.98871,0.822513) (0.132349,0.00690308) 0.216661 (3.2821,1.32366) (0.157263,-0.165384) 0.136608 (3.89947,1.44612) (0.33804,-0.109239) 0.142868 (2,1.8) (0,0) 0.001 (2,0.3) (0,0) 0.001
5 (5.02119,1.16321) (1.00003,-0.0116091) 0.186313 (5.98029,1.15206) 1.98163 -0.0116083 (2.96605,0.288776) (0.150688,-0.0177583) 0.215687 (3.0218,0.824237) (0.13235,0.00689733) 0.216661 (3.32104,1.28196) (0.155749,-0.166811) 0.136608 (3.98398,1.41881) (0.338035,-0.109255) 0.142868 (2,1.8) (0,0) 0.001 (2,0.3) (0,0) 0.001
5.25 (5.26096,1.16044) (0.959087,-0.0111082) 0.186313 (5.98029,1.15206) 1.98163 -0.0115816 (3.00373,0.284338) (0.150688,-0.017755) 0.215687 (3.05489,0.825964) (0.132349,0.00690888) 0.216661 (3.35977,1.24006) (0.154911,-0.167589) 0.136608 (4.06849,1.39151) (0.338047,-0.109218) 0.142868 (2,1.8) (0,0) 0.001 (2,0.3) (0,0) 0.001
5.5 (5.44077,1.15834) (0.719237,-0.00839797) 0.186313 (5.98029,1.15206) 1.98163 -0.0116757 (3.0414,0.279896) (0.150687,-0.0177666) 0.215687 (3.08797,0.82769) (0.132349,0.00690224) 0.216661 (3.39838,1.19806) (0.154442,-0.168022) 0.136608 (4.153,1.36419) (0.338034,-0.109257) 0.142868 (2,1.8) (0,0) 0.001 (2,0.3) (0,0) 0.001
