[[(2, 2.1), (0, 2.1), (0, 1.8), (2, 1.8)], [(2, 0.3), (0, 0.3), (0, 0), (2, 0)]]
timestamp position0 velocity0 radius0 goal pref_speed theta position1 velocity1 radius1 position2 velocity2 radius2 position3 velocity3 radius3 position4 velocity4 radius4 position5 velocity5 radius5 position6 velocity6 radius6
0 (1.32476,1.1485) (0,0) 0.216024 (5.98029,1.15206) 1.83003 0 (2.29678,0.551041) (0,0) 0.196983 (2.23066,0.814645) (0,0) 0.214191 (2.32471,1.29335) (0,0) 0.212381 (2.2878,1.54378) (0,0) 0.122582 (1.32476,1.8) (0,0) 0.001 (1.32476,0.3) (0,0) 0.001
0.25 (1.34704,1.17028) (0.0891419,0.0870943) 0.216024 (5.98029,1.15206) 1.83003 0.77378 (2.31645,0.512949) (0.0786588,-0.152367) 0.196983 (2.19726,0.847795) (-0.133605,0.132598) 0.214191 (2.38961,1.27212) (0.259619,-0.084944) 0.212381 (2.3003,1.57757) (0.0499977,0.135187) 0.122582 (1.34704,1.8) (0,0) 0.001 (1.34704,0.3) (0,0) 0.001
0.5 (1.28977,1.19096) (-0.229095,0.0827396) 0.216024 (5.98029,1.15206) 1.83003 2.79501 (2.35476,0.493723) (0.15326,-0.0769043) 0.196983 (2.18747,0.874702) (-0.0391551,0.107629) 0.214191 (2.44569,1.23314) (0.224307,-0.155897) 0.212381 (2.33358,1.5914) (0.13311,0.0552902) 0.122582 (1.28977,1.8) (0,0) 0.001 (1.28977,0.3) (0,0) 0.001
0.75 (1.26826,1.21061) (-0.0860452,0.0786026) 0.216024 (5.98029,1.15206) 1.83003 2.40137 (2.39484,0.47852) (0.160328,-0.06081) 0.196983 (2.20229,0.878895) (0.0592616,0.0167706) 0.214191 (2.49938,1.19095) (0.214771,-0.168793) 0.212381 (2.36884,1.58398) (0.141049,-0.0296719) 0.122582 (1.26826,1.8) (0,0) 0.001 (1.26826,0.3) (0,0) 0.001
1 (1.28253,1.22928) (0.0571143,0.0746725) 0.216024 (5.98029,1.15206) 1.83003 0.917849 (2.43498,0.463472) (0.160561,-0.0601923) 0.196983 (2.22772,0.87106) (0.101717,-0.0313398) 0.214191 (2.55299,1.14864) (0.21444,-0.169213) 0.212381 (2.4041,1.57656) (0.141051,-0.029666) 0.122582 (1.28253,1.8) (0,0) 0.001 (1.28253,0.3) (0,0) 0.001
1.25 (1.5325,1.22519) (0.999879,-0.0163635) 0.216024 (5.98029,1.15206) 1.83003 -0.016364 (2.47512,0.448424) (0.160561,-0.0601923) 0.196983 (2.25895,0.8572) (0.124936,-0.0554379) 0.214191 (2.6066,1.10634) (0.21444,-0.169213) 0.212381 (2.43936,1.56915) (0.141051,-0.0296653) 0.122582 (1.5325,1.8) (0,0) 0.001 (1.5325,0.3) (0,0) 0.001
1.5 (1.71223,1.21966) (0.718885,-0.0221398) 0.216024 (5.98029,1.15206) 1.83003 -0.0307877 (2.51526,0.433376) (0.160561,-0.0601923) 0.196983 (2.29159,0.838731) (0.130552,-0.0738788) 0.214191 (2.66021,1.06404) (0.21444,-0.169213) 0.212381 (2.47483,1.56276) (0.141856,-0.02554) 0.122582 (1.71223,1.8) (0,0) 0.001 (1.71223,0.3) (0,0) 0.001
1.75 (1.88835,1.2141) (0.704518,-0.0222244) 0.216024 (5.98029,1.15206) 1.83003 -0.0315351 (2.5554,0.418328) (0.160561,-0.0601923) 0.196983 (2.32759,0.820557) (0.144005,-0.0726957) 0.214191 (2.71338,1.02118) (0.212674,-0.171427) 0.212381 (2.51029,1.55638) (0.141856,-0.02554) 0.122582 (1.88835,1.8) (0,0) 0.001 (1.88835,0.3) (0,0) 0.001
2 (2.06319,1.20854) (0.699326,-0.022255) 0.216024 (5.98029,1.15206) 1.83003 -0.0318128 (2.59538,0.402846) (0.159899,-0.0619304) 0.196983 (2.36584,0.802778) (0.153014,-0.0711152) 0.214191 (2.76654,0.978304) (0.212614,-0.171502) 0.212381 (2.54576,1.54999) (0.141856,-0.0255401) 0.122582 (2,1.8) (0,0) 0.001 (2,0.3) (0,0) 0.001
2.25 (2.23726,1.20297) (0.696301,-0.0222728) 0.216024 (5.98029,1.15206) 1.83003 -0.0319765 (2.63526,0.387119) (0.159517,-0.0629076) 0.196983 (2.40588,0.785383) (0.160162,-0.0695782) 0.214191 (2.81968,0.935414) (0.21257,-0.171557) 0.212381 (2.58122,1.54361) (0.141856,-0.0255401) 0.122582 (2,1.8) (0,0) 0.001 (2,0.3) (0,0) 0.001
2.5 (2.41088,1.1974) (0.694475,-0.0222835) 0.216024 (5.98029,1.15206) 1.83003 -0.0320759 (2.67508,0.371251) (0.159293,-0.0634716) 0.196983 (2.44747,0.768411) (0.16633,-0.0678888) 0.214191 (2.87281,0.892515) (0.212535,-0.1716) 0.212381 (2.61668,1.53722) (0.141856,-0.0255401) 0.122582 (2,1.8) (0,0) 0.001 (2,0.3) (0,0) 0.001
2.75 (2.58421,1.19182) (0.693305,-0.0222905) 0.216024 (5.98029,1.15206) 1.83003 -0.03214 (2.71487,0.355299) (0.159159,-0.0638085) 0.196983 (2.49467,0.754356) (0.188793,-0.0562203) 0.214191 (2.92594,0.849605) (0.212505,-0.171637) 0.212381 (2.65215,1.53084) (0.141856,-0.0255401) 0.122582 (2,1.8) (0,0) 0.001 (2,0.3) (0,0) 0.001
3 (2.75732,1.18625) (0.692467,-0.022295) 0.216024 (5.98029,1.15206) 1.83003 -0.0321854 (2.75464,0.339294) (0.159073,-0.0640204) 0.196983 (2.54616,0.755617) (0.205984,0.00504297) 0.214191 (2.97906,0.806686) (0.212473,-0.171677) 0.212381 (2.68761,1.52445) (0.141856,-0.0255405) 0.122582 (2,1.8) (0,0) 0.001 (2,0.3) (0,0) 0.001
3.25 (3.0013,1.20287) (0.975909,0.0664805) 0.216024 (5.98029,1.15206) 1.83003 0.0680165 (2.79439,0.323252) (0.159014,-0.0641676) 0.196983 (2.60127,0.76586) (0.220418,0.0409736) 0.214191 (3.03216,0.76375) (0.212418,-0.171745) 0.212381 (2.72286,1.51695) (0.140976,-0.03002) 0.122582 (2,1.8) (0,0) 0.001 (2,0.3) (0,0) 0.001
3.5 (3.25127,1.19861) (0.999892,-0.0170389) 0.216024 (5.98029,1.15206) 1.83003 -0.0170391 (2.83413,0.307176) (0.158959,-0.0643031) 0.196983 (2.65914,0.775042) (0.23151,0.0367276) 0.214191 (3.08528,0.720837) (0.212494,-0.171651) 0.212381 (2.7581,1.50944) (0.140977,-0.0300136) 0.122582 (2,1.8) (0,0) 0.001 (2,0.3) (0,0) 0.001
3.75 (3.50123,1.19434) (0.99982,-0.0170744) 0.216024 (5.98029,1.15206) 1.83003 -0.0170758 (2.87387,0.2911) (0.158959,-0.0643031) 0.196983 (2.71763,0.778649) (0.233961,0.0144288) 0.214191 (3.13841,0.677925) (0.212494,-0.171651) 0.212381 (2.79334,1.50194) (0.140976,-0.0300197) 0.122582 (2,1.8) (0,0) 0.001 (2,0.3) (0,0) 0.001
4 (3.75119,1.19007) (0.999845,-0.0170692) 0.216024 (5.98029,1.15206) 1.83003 -0.0170702 (2.91361,0.275024) (0.158959,-0.0643031) 0.196983 (2.77612,0.782261) (0.23396,0.0144464) 0.214191 (3.19153,0.635012) (0.212494,-0.171651) 0.212381 (2.82859,1.49443) (0.140976,-0.0300186) 0.122582 (2,1.8) (0,0) 0.001 (2,0.3) (0,0) 0.001
4.25 (4.00115,1.18581) (0.999863,-0.0170747) 0.216024 (5.98029,1.15206) 1.83003 -0.0170754 (2.95335,0.258949) (0.158959,-0.064303) 0.196983 (2.83461,0.785865) (0.233962,0.0144178) 0.214191 (3.24465,0.592099) (0.212494,-0.171651) 0.212381 (2.86383,1.48693) (0.140975,-0.0300218) 0.122582 (2,1.8) (0,0) 0.001 (2,0.3) (0,0) 0.001
4.5 (4.25112,1.18155) (0.999851,-0.0170118) 0.216024 (5.98029,1.15206) 1.83003 -0.0170127 (2.99309,0.242873) (0.158959,-0.064303) 0.196983 (2.8931,0.789474) (0.233961,0.0144358) 0.214191 (3.29778,0.549186) (0.212494,-0.171651) 0.212381 (2.89908,1.47942) (0.140975,-0.0300215) 0.122582 (2,1.8) (0,0) 0.001 (2,0.3) (0,0) 0.001
4.75 (4.50108,1.17729) (0.999849,-0.0170425) 0.216024 (5.98029,1.15206) 1.83003 -0.0170434 (3.03283,0.226797) (0.158959,-0.064303) 0.196983 (2.95159,0.793089) (0.233959,0.0144572) 0.214191 (3.3509,0.506274) (0.212494,-0.171651) 0.212381 (2.93432,1.47192) (0.140976,-0.03002) 0.122582 (2,1.8) (0,0) 0.001 (2,0.3) (0,0) 0.001
5 (4.75105,1.17303) (0.999877,-0.0170438) 0.216024 (5.98029,1.15206) 1.83003 -0.0170442 (3.07257,0.210721) (0.158959,-0.064303) 0.196983 (3.01009,0.796694) (0.233962,0.0144201) 0.214191 (3.40403,0.463361) (0.212494,-0.171651) 0.212381 (2.96956,1.46441) (0.140975,-0.0300246) 0.122582 (2,1.8) (0,0) 0.001 (2,0.3) (0,0) 0.001
5.25 (5.00102,1.16875) (0.999878,-0.0171435) 0.216024 (5.98029,1.15206) 1.83003 -0.0171439 (3.11231,0.194646) (0.158959,-0.0643029) 0.196983 (3.06858,0.800304) (0.23396,0.0144406) 0.214191 (3.45715,0.420448) (0.212494,-0.171651) 0.212381 (3.00481,1.45691) (0.140975,-0.0300229) 0.122582 (2,1.8) (0,0) 0.001 (2,0.3) (0,0) 0.001
5.5 (5.24584,1.16457) (0.979265,-0.0166912) 0.216024 (5.98029,1.15206) 1.83003 -0.0170429 (3.15205,0.17857) (0.158959,-0.0643028) 0.196983 (3.12707,0.803917) (0.23396,0.0144505) 0.214191 (3.51027,0.377535) (0.212494,-0.171651) 0.212381 (3.04005,1.4494) (0.140976,-0.0300199) 0.122582 (2,1.8) (0,0) 0.001 (2,0.3) (0,0) 0.001
5.75 (5.42945,1.16143) (0.734454,-0.0125707) 0.216024 (5.98029,1.15206) 1.83003 -0.017114 (3.19179,0.162494) (0.15896,-0.0643027) 0.196983 (3.18556,0.807529) (0.23396,0.0144506) 0.214191 (3.5634,0.334623) (0.212494,-0.171651) 0.212381 (3.0753,1.4419) (0.140977,-0.0300165) 0.122582 (2,1.8) (0,0) 0.001 (2,0.3) (0,0) 0.001
