[[(2, 2.1), (0, 2.1), (0, 1.8), (2, 1.8)], [(2, 0.3), (0, 0.3), (0, 0), (2, 0)]]
timestamp position0 velocity0 radius0 heading0 goal pref_speed theta position1 velocity1 radius1 heading1 position2 velocity2 radius2 heading2 position3 velocity3 radius3 heading3 position4 velocity4 radius4 heading4 position5 velocity5 radius5 position6 velocity6 radius6
0 (1.18828,1.13325) (0,0) 0.163506 -0.284918 (5.99563,1.71825) 1.7571 0 (2.25267,0.573334) (0,0) 0.130327 -0.0777981 (2.25524,0.932317) (0,0) 0.161289 0.391854 (2.31313,1.16567) (0,0) 0.177317 0.266338 (2.38067,1.64766) (0,0) 0.178239 0.108033 (1.18828,1.8) (0,0) 0.001 -0.284918 (1.18828,0.3) (0,0) 0.001 -0.284918
0.25 (1.43644,1.15841) (0.992641,0.10065) 0.163506 -0.284918 (5.99563,1.71825) 1.7571 0.101051 (2.28808,0.56565) (0.141623,-0.0307392) 0.130327 -0.0777981 (2.24695,0.907595) (-0.0331794,-0.09889) 0.161289 0.391854 (2.4092,1.17378) (0.384264,0.0324493) 0.177317 0.266338 (2.42933,1.65748) (0.194673,0.0392947) 0.178239 0.108033 (1.43644,1.8) (0,0) 0.001 -0.284918 (1.43644,0.3) (0,0) 0.001 -0.284918
0.5 (1.67915,1.20273) (0.970846,0.17729) 0.163506 -0.284918 (5.99563,1.71825) 1.7571 0.180624 (2.32349,0.557967) (0.141625,-0.0307318) 0.130327 -0.0777981 (2.26846,0.897836) (0.0860559,-0.039033) 0.161289 0.391854 (2.50467,1.16036) (0.381878,-0.0536742) 0.177317 0.266338 (2.478,1.66731) (0.194669,0.0393167) 0.178239 0.108033 (1.67915,1.8) (0,0) 0.001 -0.284918 (1.67915,0.3) (0,0) 0.001 -0.284918
0.75 (1.9104,1.24256) (0.924995,0.15931) 0.163506 -0.284918 (5.99563,1.71825) 1.7571 0.170555 (2.35889,0.550287) (0.141628,-0.0307193) 0.130327 -0.0777981 (2.31367,0.903833) (0.180825,0.0239853) 0.161289 0.391854 (2.60014,1.14695) (0.381878,-0.0536742) 0.177317 0.266338 (2.52605,1.67983) (0.192178,0.0500926) 0.178239 0.108033 (1.9104,1.8) (0,0) 0.001 -0.284918 (1.9104,0.3) (0,0) 0.001 -0.284918
1 (2.14165,1.28239) (0.924995,0.15931) 0.163506 -0.284918 (5.99563,1.71825) 1.7571 0.170555 (2.3943,0.542602) (0.141623,-0.0307386) 0.130327 -0.0777981 (2.37372,0.897176) (0.240185,-0.0266253) 0.161289 0.391854 (2.69561,1.13353) (0.381878,-0.0536741) 0.177317 0.266338 (2.57409,1.69236) (0.192178,0.0500926) 0.178239 0.108033 (2,1.8) (0,0) 0.001 -0.284918 (2,0.3) (0,0) 0.001 -0.284918
1.25 (2.3729,1.32221) (0.924995,0.15931) 0.163506 -0.284918 (5.99563,1.71825) 1.7571 0.170555 (2.4297,0.534919) (0.141625,-0.0307315) 0.130327 -0.0777981 (2.4325,0.883234) (0.235133,-0.0557714) 0.161289 0.391854 (2.79108,1.12011) (0.381878,-0.053674) 0.177317 0.266338 (2.62213,1.70488) (0.192178,0.0500926) 0.178239 0.108033 (2,1.8) (0,0) 0.001 -0.284918 (2,0.3) (0,0) 0.001 -0.284918
1.5 (2.60415,1.36204) (0.924996,0.15931) 0.163506 -0.284918 (5.99563,1.71825) 1.7571 0.170555 (2.46511,0.527237) (0.141625,-0.0307293) 0.130327 -0.0777981 (2.49021,0.865364) (0.230843,-0.0714802) 0.161289 0.391854 (2.88654,1.10669) (0.381878,-0.053674) 0.177317 0.266338 (2.67018,1.7174) (0.192178,0.0500926) 0.178239 0.108033 (2,1.8) (0,0) 0.001 -0.284918 (2,0.3) (0,0) 0.001 -0.284918
1.75 (2.8354,1.40187) (0.924997,0.15931) 0.163506 -0.284918 (5.99563,1.71825) 1.7571 0.170555 (2.50052,0.519553) (0.141624,-0.030736) 0.130327 -0.0777981 (2.5472,0.845307) (0.227951,-0.0802276) 0.161289 0.391854 (2.98201,1.09327) (0.381878,-0.0536738) 0.177317 0.266338 (2.71822,1.72992) (0.192178,0.0500925) 0.178239 0.108033 (2,1.8) (0,0) 0.001 -0.284918 (2,0.3) (0,0) 0.001 -0.284918
2 (3.07675,1.44566) (0.965423,0.175162) 0.163506 -0.284918 (5.99563,1.71825) 1.7571 0.179483 (2.53592,0.511868) (0.141623,-0.0307384) 0.130327 -0.0777981 (2.60373,0.823994) (0.22612,-0.0852498) 0.161289 0.391854 (3.07748,1.07985) (0.381878,-0.0536729) 0.177317 0.266338 (2.767,1.73921) (0.195094,0.0371487) 0.178239 0.108033 (2,1.8) (0,0) 0.001 -0.284918 (2,0.3) (0,0) 0.001 -0.284918
2.25 (3.32568,1.4689) (0.995718,0.0929501) 0.163506 -0.284918 (5.99563,1.71825) 1.7571 0.0930801 (2.57133,0.504186) (0.141625,-0.0307287) 0.130327 -0.0777981 (2.66011,0.802287) (0.225519,-0.0868281) 0.161289 0.391854 (3.16873,1.11099) (0.364971,0.12453) 0.177317 0.266338 (2.81577,1.7485) (0.195094,0.0371516) 0.178239 0.108033 (2,1.8) (0,0) 0.001 -0.284918 (2,0.3) (0,0) 0.001 -0.284918
2.5 (3.57461,1.49216) (0.995707,0.0930738) 0.163506 -0.284918 (5.99563,1.71825) 1.7571 0.0932042 (2.60674,0.496502) (0.141623,-0.0307386) 0.130327 -0.0777981 (2.71649,0.780583) (0.225524,-0.0868157) 0.161289 0.391854 (3.24745,1.16664) (0.314893,0.222607) 0.177317 0.266338 (2.86455,1.75779) (0.195095,0.0371465) 0.178239 0.108033 (2,1.8) (0,0) 0.001 -0.284918 (2,0.3) (0,0) 0.001 -0.284918
2.75 (3.82352,1.51541) (0.995653,0.0929906) 0.163506 -0.284918 (5.99563,1.71825) 1.7571 0.0931265 (2.64214,0.488819) (0.141625,-0.0307304) 0.130327 -0.0777981 (2.77287,0.758873) (0.225513,-0.0868425) 0.161289 0.391854 (3.32617,1.22229) (0.314895,0.222603) 0.177317 0.266338 (2.91332,1.76707) (0.195094,0.037148) 0.178239 0.108033 (2,1.8) (0,0) 0.001 -0.284918 (2,0.3) (0,0) 0.001 -0.284918
3 (4.07242,1.53865) (0.995601,0.092944) 0.163506 -0.284918 (5.99563,1.71825) 1.7571 0.0930849 (2.67755,0.481134) (0.141623,-0.0307404) 0.130327 -0.0777981 (2.82925,0.737167) (0.225521,-0.0868219) 0.161289 0.391854 (3.4049,1.27794) (0.314897,0.222601) 0.177317 0.266338 (2.96209,1.77636) (0.195095,0.0371458) 0.178239 0.108033 (2,1.8) (0,0) 0.001 -0.284918 (2,0.3) (0,0) 0.001 -0.284918
3.25 (4.32134,1.5619) (0.995661,0.092993) 0.163506 -0.284918 (5.99563,1.71825) 1.7571 0.093128 (2.71295,0.473451) (0.141625,-0.0307308) 0.130327 -0.0777981 (2.88563,0.715463) (0.225523,-0.086817) 0.161289 0.391854 (3.48362,1.33359) (0.3149,0.222597) 0.177317 0.266338 (3.01087,1.78564) (0.195096,0.0371405) 0.178239 0.108033 (2,1.8) (0,0) 0.001 -0.284918 (2,0.3) (0,0) 0.001 -0.284918
3.5 (4.57025,1.58514) (0.995659,0.0929613) 0.163506 -0.284918 (5.99563,1.71825) 1.7571 0.0930968 (2.74836,0.465766) (0.141623,-0.0307406) 0.130327 -0.0777981 (2.94201,0.693757) (0.22552,-0.0868253) 0.161289 0.391854 (3.56235,1.38924) (0.314895,0.222603) 0.177317 0.266338 (3.05964,1.79493) (0.195095,0.0371466) 0.178239 0.108033 (2,1.8) (0,0) 0.001 -0.284918 (2,0.3) (0,0) 0.001 -0.284918
3.75 (4.81917,1.60839) (0.995673,0.0930255) 0.163506 -0.284918 (5.99563,1.71825) 1.7571 0.0931593 (2.78377,0.458083) (0.141625,-0.0307306) 0.130327 -0.0777981 (2.99839,0.67205) (0.22552,-0.0868252) 0.161289 0.391854 (3.64107,1.44489) (0.314899,0.222598) 0.177317 0.266338 (3.10841,1.80422) (0.195092,0.0371604) 0.178239 0.108033 (2,1.8) (0,0) 0.001 -0.284918 (2,0.3) (0,0) 0.001 -0.284918
4 (5.06808,1.63163) (0.995655,0.0929336) 0.163506 -0.284918 (5.99563,1.71825) 1.7571 0.0930695 (2.81917,0.4504) (0.141625,-0.030733) 0.130327 -0.0777981 (3.05477,0.650339) (0.225513,-0.0868446) 0.161289 0.391854 (3.7198,1.50054) (0.314904,0.222591) 0.177317 0.266338 (3.15719,1.81351) (0.195092,0.0371602) 0.178239 0.108033 (2,1.8) (0,0) 0.001 -0.284918 (2,0.3) (0,0) 0.001 -0.284918
4.25 (5.29999,1.65328) (0.927628,0.0866312) 0.163506 -0.284918 (5.99563,1.71825) 1.7571 0.0931199 (2.85458,0.442716) (0.141623,-0.0307379) 0.130327 -0.0777981 (3.11115,0.628632) (0.225519,-0.0868288) 0.161289 0.391854 (3.79852,1.5562) (0.314873,0.222634) 0.177317 0.266338 (3.20596,1.8228) (0.195093,0.0371536) 0.178239 0.108033 (2,1.8) (0,0) 0.001 -0.284918 (2,0.3) (0,0) 0.001 -0.284918
4.5 (5.4739,1.66954) (0.695634,0.065023) 0.163506 -0.284918 (5.99563,1.71825) 1.7571 0.0932022 (2.88998,0.435033) (0.141625,-0.0307307) 0.130327 -0.0777981 (3.16752,0.606923) (0.225515,-0.0868375) 0.161289 0.391854 (3.87724,1.61185) (0.314888,0.222614) 0.177317 0.266338 (3.25473,1.83209) (0.195096,0.0371414) 0.178239 0.108033 (2,1.8) (0,0) 0.001 -0.284918 (2,0.3) (0,0) 0.001 -0.284918
4.75 (5.60435,1.68172) (0.52179,0.0487083) 0.163506 -0.284918 (5.99563,1.71825) 1.7571 0.0930788 (2.92539,0.42735) (0.141625,-0.0307303) 0.130327 -0.0777981 (3.2239,0.585213) (0.225515,-0.0868393) 0.161289 0.391854 (3.95596,1.6675) (0.314894,0.222605) 0.177317 0.266338 (3.30351,1.84137) (0.195093,0.0371567) 0.178239 0.108033 (2,1.8) (0,0) 0.001 -0.284918 (2,0.3) (0,0) 0.001 -0.284918
5 (5.70217,1.69085) (0.391288,0.0365433) 0.163506 -0.284918 (5.99563,1.71825) 1.7571 0.0931223 (2.9608,0.419668) (0.141625,-0.0307309) 0.130327 -0.0777981 (3.28028,0.563507) (0.225521,-0.0868238) 0.161289 0.391854 (4.03468,1.72315) (0.314894,0.222605) 0.177317 0.266338 (3.35228,1.85066) (0.195095,0.0371466) 0.178239 0.108033 (2,1.8) (0,0) 0.001 -0.284918 (2,0.3) (0,0) 0.001 -0.284918
5.25 (5.77554,1.69771) (0.293472,0.0274241) 0.163506 -0.284918 (5.99563,1.71825) 1.7571 0.0931764 (2.9962,0.411987) (0.141627,-0.0307227) 0.130327 -0.0777981 (3.33666,0.541797) (0.225515,-0.0868377) 0.161289 0.391854 (4.1134,1.77882) (0.314855,0.222661) 0.177317 0.266338 (3.40105,1.85995) (0.195093,0.037154) 0.178239 0.108033 (2,1.8) (0,0) 0.001 -0.284918 (2,0.3) (0,0) 0.001 -0.284918
5.5 (5.83056,1.70285) (0.22009,0.0205461) 0.163506 -0.284918 (5.99563,1.71825) 1.7571 0.0930836 (3.03161,0.404303) (0.141624,-0.030737) 0.130327 -0.0777981 (3.39304,0.520089) (0.225517,-0.0868336) 0.161289 0.391854 (4.18977,1.8328) (0.305502,0.215937) 0.177317 0.266338 (3.44983,1.86924) (0.195093,0.0371534) 0.178239 0.108033 (2,1.8) (0,0) 0.001 -0.284918 (2,0.3) (0,0) 0.001 -0.284918
5.75 (5.87183,1.7067) (0.165092,0.0154128) 0.163506 -0.284918 (5.99563,1.71825) 1.7571 0.0930896 (3.06702,0.396622) (0.141627,-0.0307239) 0.130327 -0.0777981 (3.44942,0.498384) (0.225523,-0.0868185) 0.161289 0.391854 (4.24704,1.87328) (0.229049,0.161919) 0.177317 0.266338 (3.4986,1.87853) (0.19509,0.0371714) 0.178239 0.108033 (2,1.8) (0,0) 0.001 -0.284918 (2,0.3) (0,0) 0.001 -0.284918
6 (5.90279,1.7096) (0.123823,0.0115901) 0.163506 -0.284918 (5.99563,1.71825) 1.7571 0.0933302 (3.10242,0.388938) (0.141624,-0.0307355) 0.130327 -0.0777981 (3.5058,0.476681) (0.225524,-0.086815) 0.161289 0.391854 (4.29001,1.90364) (0.171877,0.121456) 0.177317 0.266338 (3.54737,1.88782) (0.195093,0.0371544) 0.178239 0.108033 (2,1.8) (0,0) 0.001 -0.284918 (2,0.3) (0,0) 0.001 -0.284918
6.25 (5.92598,1.71175) (0.0927745,0.00861842) 0.163506 -0.284918 (5.99563,1.71825) 1.7571 0.0926306 (3.13783,0.381256) (0.141626,-0.0307262) 0.130327 -0.0777981 (3.56219,0.454982) (0.225532,-0.0867939) 0.161289 0.391854 (4.32465,1.9281) (0.138564,0.0978067) 0.177317 0.266338 (3.59614,1.89712) (0.195086,0.0371944) 0.178239 0.108033 (2,1.8) (0,0) 0.001 -0.284918 (2,0.3) (0,0) 0.001 -0.284918
6.5 (5.94339,1.71337) (0.0696209,0.00649323) 0.163506 -0.284918 (5.99563,1.71825) 1.7571 0.0929965 (3.17324,0.373576) (0.141627,-0.03072) 0.130327 -0.0777981 (3.61856,0.433273) (0.225516,-0.086835) 0.161289 0.391854 (4.35501,1.94985) (0.12147,0.0870032) 0.177317 0.266338 (3.64492,1.9064) (0.195096,0.0371371) 0.178239 0.108033 (2,1.8) (0,0) 0.001 -0.284918 (2,0.3) (0,0) 0.001 -0.284918
6.75 (5.95645,1.71459) (0.0522465,0.00487668) 0.163506 -0.284918 (5.99563,1.71825) 1.7571 0.0930703 (3.20864,0.365892) (0.141623,-0.0307391) 0.130327 -0.0777981 (3.67495,0.411571) (0.225526,-0.0868092) 0.161289 0.391854 (4.3827,1.97109) (0.110747,0.0849794) 0.177317 0.266338 (3.69369,1.91569) (0.195095,0.0371468) 0.178239 0.108033 (2,1.8) (0,0) 0.001 -0.284918 (2,0.3) (0,0) 0.001 -0.284918
7 (5.96623,1.71551) (0.039121,0.00367574) 0.163506 -0.284918 (5.99563,1.71825) 1.7571 0.0936832 (3.24405,0.35821) (0.141626,-0.0307268) 0.130327 -0.0777981 (3.73133,0.389866) (0.225521,-0.0868218) 0.161289 0.391854 (4.40707,1.99392) (0.0974931,0.0913081) 0.177317 0.266338 (3.74247,1.92496) (0.195103,0.0371043) 0.178239 0.108033 (2,1.8) (0,0) 0.001 -0.284918 (2,0.3) (0,0) 0.001 -0.284918
