[[(2, 2.1), (0, 2.1), (0, 1.8), (2, 1.8)], [(2, 0.3), (0, 0.3), (0, 0), (2, 0)]]
timestamp position0 velocity0 radius0 heading0 goal pref_speed theta position1 velocity1 radius1 heading1 position2 velocity2 radius2 heading2 position3 velocity3 radius3 heading3 position4 velocity4 radius4 heading4 position5 velocity5 radius5 position6 velocity6 radius6
0 (1.48344,1.10721) (0,0) 0.122016 -0.284918 (5.99563,1.71825) 1.53015 0 (2.38383,0.541193) (0,0) 0.155876 -0.0777981 (2.26677,0.82933) (0,0) 0.140038 0.391854 (2.31687,1.18325) (0,0) 0.217001 0.266338 (2.39411,1.66035) (0,0) 0.175701 0.108033 (1.48344,1.8) (0,0) 0.001 -0.284918 (1.48344,0.3) (0,0) 0.001 -0.284918
0.25 (1.49484,1.11919) (0.0456243,0.0479046) 0.122016 -0.284918 (5.99563,1.71825) 1.53015 0.809774 (2.41928,0.533577) (0.141824,-0.0304641) 0.155876 -0.0777981 (2.26753,0.829232) (0.00304973,-0.000390207) 0.140038 0.391854 (2.34487,1.18101) (0.112008,-0.00895549) 0.217001 0.266338 (2.41924,1.66526) (0.100524,0.0196508) 0.175701 0.108033 (1.49484,1.8) (0,0) 0.001 -0.284918 (1.49484,0.3) (0,0) 0.001 -0.284918
0.5 (1.53122,1.14713) (0.145529,0.111759) 0.122016 -0.284918 (5.99563,1.71825) 1.53015 0.654888 (2.45474,0.525961) (0.141824,-0.0304633) 0.155876 -0.0777981 (2.2864,0.826432) (0.0754821,-0.0111982) 0.140038 0.391854 (2.37273,1.18465) (0.11142,0.0145498) 0.217001 0.266338 (2.44438,1.67017) (0.100525,0.0196505) 0.175701 0.108033 (1.53122,1.8) (0,0) 0.001 -0.284918 (1.53122,0.3) (0,0) 0.001 -0.284918
0.75 (1.63128,1.24926) (0.400215,0.408527) 0.122016 -0.284918 (5.99563,1.71825) 1.53015 0.795676 (2.4902,0.518347) (0.141826,-0.0304556) 0.155876 -0.0777981 (2.3161,0.823503) (0.118787,-0.0117161) 0.140038 0.391854 (2.40003,1.19127) (0.109198,0.0264926) 0.217001 0.266338 (2.46951,1.67508) (0.100526,0.0196453) 0.175701 0.108033 (1.63128,1.8) (0,0) 0.001 -0.284918 (1.63128,0.3) (0,0) 0.001 -0.284918
1 (1.77218,1.38217) (0.563626,0.531653) 0.122016 -0.284918 (5.99563,1.71825) 1.53015 0.756215 (2.52565,0.510736) (0.141828,-0.0304443) 0.155876 -0.0777981 (2.35993,0.824748) (0.175324,0.00497826) 0.140038 0.391854 (2.42693,1.19936) (0.107606,0.032358) 0.217001 0.266338 (2.49464,1.68) (0.100525,0.0196487) 0.175701 0.108033 (1.77218,1.8) (0,0) 0.001 -0.284918 (1.77218,0.3) (0,0) 0.001 -0.284918
1.25 (1.91436,1.50983) (0.568688,0.510602) 0.122016 -0.284918 (5.99563,1.71825) 1.53015 0.731632 (2.56111,0.503123) (0.141826,-0.0304538) 0.155876 -0.0777981 (2.43775,0.820991) (0.311296,-0.0150283) 0.140038 0.391854 (2.45362,1.20811) (0.106778,0.0349934) 0.217001 0.266338 (2.51977,1.68491) (0.100525,0.0196483) 0.175701 0.108033 (1.91436,1.8) (0,0) 0.001 -0.284918 (1.91436,0.3) (0,0) 0.001 -0.284918
1.5 (2.05623,1.63296) (0.567485,0.49254) 0.122016 -0.284918 (5.99563,1.71825) 1.53015 0.714814 (2.59657,0.495511) (0.141828,-0.0304448) 0.155876 -0.0777981 (2.51517,0.812172) (0.309656,-0.0352751) 0.140038 0.391854 (2.48024,1.21709) (0.106472,0.0359123) 0.217001 0.266338 (2.5449,1.68982) (0.100524,0.0196508) 0.175701 0.108033 (2,1.8) (0,0) 0.001 -0.284918 (2,0.3) (0,0) 0.001 -0.284918
1.75 (2.19693,1.75199) (0.562817,0.476107) 0.122016 -0.284918 (5.99563,1.71825) 1.53015 0.702131 (2.63202,0.487899) (0.141828,-0.0304473) 0.155876 -0.0777981 (2.59213,0.800058) (0.307868,-0.0484562) 0.140038 0.391854 (2.50686,1.22607) (0.106463,0.0359412) 0.217001 0.266338 (2.57003,1.69473) (0.100525,0.0196503) 0.175701 0.108033 (2,1.8) (0,0) 0.001 -0.284918 (2,0.3) (0,0) 0.001 -0.284918
2 (2.33618,1.86712) (0.556993,0.460525) 0.122016 -0.284918 (5.99563,1.71825) 1.53015 0.690873 (2.66748,0.480286) (0.141826,-0.0304551) 0.155876 -0.0777981 (2.6687,0.78564) (0.306276,-0.0576732) 0.140038 0.391854 (2.53351,1.23495) (0.106603,0.0355225) 0.217001 0.266338 (2.59514,1.69975) (0.100443,0.0200639) 0.175701 0.108033 (2,1.8) (0,0) 0.001 -0.284918 (2,0.3) (0,0) 0.001 -0.284918
2.25 (2.47588,1.97906) (0.558787,0.44775) 0.122016 -0.284918 (5.99563,1.71825) 1.53015 0.675527 (2.70294,0.472671) (0.141825,-0.0304594) 0.155876 -0.0777981 (2.7449,0.769397) (0.304811,-0.064973) 0.140038 0.391854 (2.56019,1.24373) (0.106739,0.0351131) 0.217001 0.266338 (2.62023,1.70487) (0.100361,0.0204691) 0.175701 0.108033 (2,1.8) (0,0) 0.001 -0.284918 (2,0.3) (0,0) 0.001 -0.284918
2.5 (2.70313,2.0675) (0.909012,0.353763) 0.122016 -0.284918 (5.99563,1.71825) 1.53015 0.371138 (2.73839,0.465058) (0.141827,-0.030451) 0.155876 -0.0777981 (2.82069,0.751312) (0.303147,-0.0723395) 0.140038 0.391854 (2.58691,1.25241) (0.106865,0.0347263) 0.217001 0.266338 (2.6453,1.71008) (0.100282,0.0208524) 0.175701 0.108033 (2,1.8) (0,0) 0.001 -0.284918 (2,0.3) (0,0) 0.001 -0.284918
2.75 (2.95175,2.04113) (0.99447,-0.105467) 0.122016 -0.284918 (5.99563,1.71825) 1.53015 -0.105658 (2.77385,0.457446) (0.141827,-0.0304504) 0.155876 -0.0777981 (2.89574,0.730385) (0.300207,-0.0837072) 0.140038 0.391854 (2.61365,1.261) (0.106983,0.0343608) 0.217001 0.266338 (2.67036,1.71538) (0.100206,0.0212151) 0.175701 0.108033 (2,1.8) (0,0) 0.001 -0.284918 (2,0.3) (0,0) 0.001 -0.284918
3 (3.20034,2.01474) (0.994365,-0.105553) 0.122016 -0.284918 (5.99563,1.71825) 1.53015 -0.105755 (2.80931,0.449831) (0.141826,-0.0304563) 0.155876 -0.0777981 (2.96927,0.704608) (0.294109,-0.103106) 0.140038 0.391854 (2.64043,1.26951) (0.107093,0.0340157) 0.217001 0.266338 (2.69539,1.72077) (0.100133,0.0215581) 0.175701 0.108033 (2,1.8) (0,0) 0.001 -0.284918 (2,0.3) (0,0) 0.001 -0.284918
3.25 (3.44894,1.98837) (0.99442,-0.105476) 0.122016 -0.284918 (5.99563,1.71825) 1.53015 -0.105673 (2.84476,0.442221) (0.141829,-0.0304418) 0.155876 -0.0777981 (3.04153,0.675471) (0.289046,-0.116547) 0.140038 0.391854 (2.66723,1.27793) (0.107196,0.0336897) 0.217001 0.266338 (2.7204,1.72624) (0.100062,0.0218823) 0.175701 0.108033 (2,1.8) (0,0) 0.001 -0.284918 (2,0.3) (0,0) 0.001 -0.284918
3.5 (3.69755,1.962) (0.994415,-0.105487) 0.122016 -0.284918 (5.99563,1.71825) 1.53015 -0.105684 (2.88022,0.434608) (0.141827,-0.0304533) 0.155876 -0.0777981 (3.11379,0.646335) (0.289046,-0.116548) 0.140038 0.391854 (2.69405,1.28628) (0.107293,0.033382) 0.217001 0.266338 (2.7454,1.73179) (0.0999949,0.0221888) 0.175701 0.108033 (2,1.8) (0,0) 0.001 -0.284918 (2,0.3) (0,0) 0.001 -0.284918
3.75 (3.94613,1.93563) (0.994335,-0.105489) 0.122016 -0.284918 (5.99563,1.71825) 1.53015 -0.105694 (2.91568,0.426995) (0.141827,-0.0304499) 0.155876 -0.0777981 (3.18606,0.6172) (0.28905,-0.116539) 0.140038 0.391854 (2.7209,1.29455) (0.107383,0.0330915) 0.217001 0.266338 (2.77039,1.73741) (0.0999302,0.0224783) 0.175701 0.108033 (2,1.8) (0,0) 0.001 -0.284918 (2,0.3) (0,0) 0.001 -0.284918
4 (4.19476,1.90925) (0.994503,-0.105512) 0.122016 -0.284918 (5.99563,1.71825) 1.53015 -0.105699 (2.95113,0.419382) (0.141826,-0.0304534) 0.155876 -0.0777981 (3.25832,0.588058) (0.289038,-0.116567) 0.140038 0.391854 (2.74776,1.30275) (0.107467,0.0328174) 0.217001 0.266338 (2.79535,1.7431) (0.0998683,0.0227517) 0.175701 0.108033 (2,1.8) (0,0) 0.001 -0.284918 (2,0.3) (0,0) 0.001 -0.284918
4.25 (4.44337,1.88287) (0.994437,-0.10552) 0.122016 -0.284918 (5.99563,1.71825) 1.53015 -0.105714 (2.98659,0.411765) (0.141823,-0.030468) 0.155876 -0.0777981 (3.33057,0.558913) (0.289033,-0.116581) 0.140038 0.391854 (2.77465,1.31089) (0.107545,0.0325588) 0.217001 0.266338 (2.8203,1.74885) (0.0998091,0.0230099) 0.175701 0.108033 (2,1.8) (0,0) 0.001 -0.284918 (2,0.3) (0,0) 0.001 -0.284918
4.5 (4.69197,1.85651) (0.994426,-0.105463) 0.122016 -0.284918 (5.99563,1.71825) 1.53015 -0.105659 (3.02205,0.404151) (0.141826,-0.0304534) 0.155876 -0.0777981 (3.40283,0.529773) (0.289042,-0.116558) 0.140038 0.391854 (2.80155,1.31897) (0.107619,0.0323149) 0.217001 0.266338 (2.84524,1.75466) (0.0997527,0.0232534) 0.175701 0.108033 (2,1.8) (0,0) 0.001 -0.284918 (2,0.3) (0,0) 0.001 -0.284918
4.75 (4.94057,1.83012) (0.994383,-0.105534) 0.122016 -0.284918 (5.99563,1.71825) 1.53015 -0.105734 (3.0575,0.396538) (0.141826,-0.0304546) 0.155876 -0.0777981 (3.4751,0.500636) (0.289045,-0.116549) 0.140038 0.391854 (2.82848,1.32699) (0.107688,0.032085) 0.217001 0.266338 (2.87017,1.76054) (0.0996988,0.0234832) 0.175701 0.108033 (2,1.8) (0,0) 0.001 -0.284918 (2,0.3) (0,0) 0.001 -0.284918
5 (5.18919,1.80376) (0.994491,-0.105463) 0.122016 -0.284918 (5.99563,1.71825) 1.53015 -0.105652 (3.09296,0.388922) (0.141824,-0.0304634) 0.155876 -0.0777981 (3.54736,0.471494) (0.289037,-0.116569) 0.140038 0.391854 (2.85541,1.33496) (0.107752,0.0318683) 0.217001 0.266338 (2.89508,1.76646) (0.0996476,0.0236998) 0.175701 0.108033 (2,1.8) (0,0) 0.001 -0.284918 (2,0.3) (0,0) 0.001 -0.284918
5.25 (5.39079,1.78239) (0.806393,-0.085471) 0.122016 -0.284918 (5.99563,1.71825) 1.53015 -0.105597 (3.12842,0.38131) (0.141827,-0.0304496) 0.155876 -0.0777981 (3.61961,0.44235) (0.289035,-0.116576) 0.140038 0.391854 (2.88237,1.34288) (0.107812,0.0316642) 0.217001 0.266338 (2.91998,1.77244) (0.0995988,0.0239039) 0.175701 0.108033 (2,1.8) (0,0) 0.001 -0.284918 (2,0.3) (0,0) 0.001 -0.284918
5.5 (5.54198,1.76636) (0.604772,-0.0641273) 0.122016 -0.284918 (5.99563,1.71825) 1.53015 -0.105641 (3.16387,0.373698) (0.141828,-0.0304472) 0.155876 -0.0777981 (3.69187,0.413211) (0.289043,-0.116555) 0.140038 0.391854 (2.90933,1.35074) (0.107868,0.031472) 0.217001 0.266338 (2.94487,1.77846) (0.0995524,0.0240962) 0.175701 0.108033 (2,1.8) (0,0) 0.001 -0.284918 (2,0.3) (0,0) 0.001 -0.284918
5.75 (5.65541,1.75433) (0.453695,-0.0481196) 0.122016 -0.284918 (5.99563,1.71825) 1.53015 -0.105666 (3.19933,0.366082) (0.141824,-0.0304628) 0.155876 -0.0777981 (3.76414,0.38408) (0.289055,-0.116524) 0.140038 0.391854 (2.93631,1.35857) (0.107921,0.0312911) 0.217001 0.266338 (2.96974,1.78453) (0.0995084,0.0242773) 0.175701 0.108033 (2,1.8) (0,0) 0.001 -0.284918 (2,0.3) (0,0) 0.001 -0.284918
6 (5.74044,1.74531) (0.340147,-0.0360838) 0.122016 -0.284918 (5.99563,1.71825) 1.53015 -0.105688 (3.23479,0.358471) (0.141828,-0.0304461) 0.155876 -0.0777981 (3.83639,0.354927) (0.28902,-0.116611) 0.140038 0.391854 (2.96331,1.36635) (0.10797,0.0311209) 0.217001 0.266338 (2.99461,1.79064) (0.0994667,0.0244476) 0.175701 0.108033 (2,1.8) (0,0) 0.001 -0.284918 (2,0.3) (0,0) 0.001 -0.284918
6.25 (5.80424,1.73857) (0.255182,-0.02696) 0.122016 -0.284918 (5.99563,1.71825) 1.53015 -0.105259 (3.27024,0.350855) (0.141825,-0.0304618) 0.155876 -0.0777981 (3.90866,0.325795) (0.289054,-0.116528) 0.140038 0.391854 (2.99031,1.37409) (0.108016,0.0309609) 0.217001 0.266338 (3.01947,1.79679) (0.0994272,0.0246078) 0.175701 0.108033 (2,1.8) (0,0) 0.001 -0.284918 (2,0.3) (0,0) 0.001 -0.284918
6.5 (5.85209,1.73349) (0.191392,-0.0203152) 0.122016 -0.284918 (5.99563,1.71825) 1.53015 -0.105749 (3.3057,0.343239) (0.141824,-0.0304633) 0.155876 -0.0777981 (3.9664,0.302492) (0.23098,-0.0932153) 0.140038 0.391854 (3.01732,1.38179) (0.108059,0.0308106) 0.217001 0.266338 (3.04432,1.80298) (0.0993898,0.0247583) 0.175701 0.108033 (2,1.8) (0,0) 0.001 -0.284918 (2,0.3) (0,0) 0.001 -0.284918
6.75 (5.88795,1.72969) (0.143468,-0.0151967) 0.122016 -0.284918 (5.99563,1.71825) 1.53015 -0.105531 (3.34116,0.335629) (0.14183,-0.0304393) 0.155876 -0.0777981 (4.0097,0.285043) (0.1732,-0.0697939) 0.140038 0.391854 (3.04435,1.38946) (0.108099,0.0306694) 0.217001 0.266338 (3.06915,1.80921) (0.0993545,0.0248997) 0.175701 0.108033 (2,1.8) (0,0) 0.001 -0.284918 (2,0.3) (0,0) 0.001 -0.284918
7 (5.91485,1.72683) (0.10758,-0.0114442) 0.122016 -0.284918 (5.99563,1.71825) 1.53015 -0.105979 (3.37661,0.328017) (0.141827,-0.0304509) 0.155876 -0.0777981 (4.04218,0.27195) (0.129925,-0.0523738) 0.140038 0.391854 (3.07138,1.39709) (0.108137,0.0305369) 0.217001 0.266338 (3.09398,1.81547) (0.0993212,0.0250324) 0.175701 0.108033 (2,1.8) (0,0) 0.001 -0.284918 (2,0.3) (0,0) 0.001 -0.284918
7.25 (5.93505,1.7247) (0.0808141,-0.00850679) 0.122016 -0.284918 (5.99563,1.71825) 1.53015 -0.104877 (3.41207,0.320399) (0.141822,-0.0304721) 0.155876 -0.0777981 (4.06692,0.262037) (0.0989443,-0.0396528) 0.140038 0.391854 (3.09843,1.40469) (0.108172,0.0304127) 0.217001 0.266338 (3.11881,1.82176) (0.0992897,0.0251568) 0.175701 0.108033 (2,1.8) (0,0) 0.001 -0.284918 (2,0.3) (0,0) 0.001 -0.284918
7.5 (5.95019,1.72308) (0.0605489,-0.00649324) 0.122016 -0.284918 (5.99563,1.71825) 1.53015 -0.106831 (3.44752,0.312781) (0.141822,-0.0304721) 0.155876 -0.0777981 (4.08807,0.253992) (0.0846087,-0.0321784) 0.140038 0.391854 (3.12548,1.41227) (0.108204,0.0302963) 0.217001 0.266338 (3.14362,1.82807) (0.0992601,0.0252734) 0.175701 0.108033 (2,1.8) (0,0) 0.001 -0.284918 (2,0.3) (0,0) 0.001 -0.284918
7.75 (5.96155,1.72187) (0.0454476,-0.00480959) 0.122016 -0.284918 (5.99563,1.71825) 1.53015 -0.105435 (3.48298,0.305169) (0.141828,-0.030448) 0.155876 -0.0777981 (4.10784,0.247357) (0.0790735,-0.0265399) 0.140038 0.391854 (3.15254,1.41982) (0.108235,0.0301873) 0.217001 0.266338 (3.16843,1.83442) (0.0992323,0.0253826) 0.175701 0.108033 (2,1.8) (0,0) 0.001 -0.284918 (2,0.3) (0,0) 0.001 -0.284918
8 (5.97007,1.72095) (0.0340866,-0.00371688) 0.122016 -0.284918 (5.99563,1.71825) 1.53015 -0.108613 (3.51844,0.297557) (0.141828,-0.0304465) 0.155876 -0.0777981 (4.12735,0.242244) (0.0780575,-0.0204508) 0.140038 0.391854 (3.1796,1.42734) (0.108263,0.0300854) 0.217001 0.266338 (3.19323,1.84079) (0.0992061,0.0254846) 0.175701 0.108033 (2,1.8) (0,0) 0.001 -0.284918 (2,0.3) (0,0) 0.001 -0.284918
