[[(2, 2.1), (0, 2.1), (0, 1.8), (2, 1.8)], [(2, 0.3), (0, 0.3), (0, 0), (2, 0)]]
timestamp position0 velocity0 radius0 heading0 goal pref_speed theta position1 velocity1 radius1 heading1 position2 velocity2 radius2 heading2 position3 velocity3 radius3 heading3 position4 velocity4 radius4 heading4 position5 velocity5 radius5 position6 velocity6 radius6
0 (1.35537,1.15795) (0,0) 0.150548 -0.284918 (5.99563,1.71825) 1.913 0 (2.38365,0.528086) (0,0) 0.152826 -0.0777981 (2.33679,0.854523) (0,0) 0.182387 0.391854 (2.30238,1.23247) (0,0) 0.17446 0.266338 (2.21673,1.6851) (0,0) 0.145707 0.108033 (1.35537,1.8) (0,0) 0.001 -0.284918 (1.35537,0.3) (0,0) 0.001 -0.284918
0.25 (1.37013,1.16954) (0.059036,0.0463773) 0.150548 -0.284918 (5.99563,1.71825) 1.913 0.665885 (2.44296,0.515833) (0.237223,-0.0490125) 0.152826 -0.0777981 (2.29686,0.851495) (-0.159745,-0.0121146) 0.182387 0.391854 (2.34638,1.24438) (0.176013,0.0476047) 0.17446 0.266338 (2.31436,1.70084) (0.39052,0.062949) 0.145707 0.108033 (1.37013,1.8) (0,0) 0.001 -0.284918 (1.37013,0.3) (0,0) 0.001 -0.284918
0.5 (1.41551,1.18846) (0.181504,0.0756904) 0.150548 -0.284918 (5.99563,1.71825) 1.913 0.39509 (2.50226,0.503575) (0.237219,-0.0490335) 0.152826 -0.0777981 (2.31067,0.848317) (0.055259,-0.012712) 0.182387 0.391854 (2.38924,1.25989) (0.171444,0.062078) 0.17446 0.266338 (2.41199,1.71659) (0.390515,0.0629804) 0.145707 0.108033 (1.41551,1.8) (0,0) 0.001 -0.284918 (1.41551,0.3) (0,0) 0.001 -0.284918
0.75 (1.47581,1.21649) (0.241215,0.112105) 0.150548 -0.284918 (5.99563,1.71825) 1.913 0.435053 (2.56157,0.491317) (0.237219,-0.0490299) 0.152826 -0.0777981 (2.35,0.845555) (0.157292,-0.011047) 0.182387 0.391854 (2.43211,1.27541) (0.171446,0.0620726) 0.17446 0.266338 (2.50962,1.73232) (0.390521,0.0629421) 0.145707 0.108033 (1.47581,1.8) (0,0) 0.001 -0.284918 (1.47581,0.3) (0,0) 0.001 -0.284918
1 (1.55402,1.27542) (0.312828,0.235733) 0.150548 -0.284918 (5.99563,1.71825) 1.913 0.645772 (2.62087,0.479062) (0.237221,-0.0490206) 0.152826 -0.0777981 (2.4119,0.84999) (0.247607,0.0177414) 0.182387 0.391854 (2.47497,1.29093) (0.171448,0.0620665) 0.17446 0.266338 (2.60725,1.74806) (0.390521,0.0629397) 0.145707 0.108033 (1.55402,1.8) (0,0) 0.001 -0.284918 (1.55402,0.3) (0,0) 0.001 -0.284918
1.25 (1.77296,1.37545) (0.875781,0.400119) 0.150548 -0.284918 (5.99563,1.71825) 1.913 0.428553 (2.68018,0.466808) (0.237222,-0.049016) 0.152826 -0.0777981 (2.49255,0.848696) (0.322602,-0.00517619) 0.182387 0.391854 (2.51783,1.30645) (0.171443,0.0620793) 0.17446 0.266338 (2.70488,1.76379) (0.390524,0.062924) 0.145707 0.108033 (1.77296,1.8) (0,0) 0.001 -0.284918 (1.77296,0.3) (0,0) 0.001 -0.284918
1.5 (1.9954,1.46737) (0.889726,0.367685) 0.150548 -0.284918 (5.99563,1.71825) 1.913 0.391882 (2.73948,0.454554) (0.237222,-0.0490174) 0.152826 -0.0777981 (2.57272,0.839784) (0.320669,-0.0356487) 0.182387 0.391854 (2.56069,1.32197) (0.171447,0.0620695) 0.17446 0.266338 (2.80251,1.77953) (0.390514,0.0629867) 0.145707 0.108033 (1.9954,1.8) (0,0) 0.001 -0.284918 (1.9954,0.3) (0,0) 0.001 -0.284918
1.75 (2.18721,1.54899) (0.767239,0.32648) 0.150548 -0.284918 (5.99563,1.71825) 1.913 0.402316 (2.79879,0.442299) (0.237222,-0.0490189) 0.152826 -0.0777981 (2.65233,0.826812) (0.318444,-0.051889) 0.182387 0.391854 (2.60355,1.33749) (0.17144,0.0620881) 0.17446 0.266338 (2.9014,1.77991) (0.395558,0.00150766) 0.145707 0.108033 (2,1.8) (0,0) 0.001 -0.284918 (2,0.3) (0,0) 0.001 -0.284918
2 (2.37692,1.62878) (0.758839,0.319135) 0.150548 -0.284918 (5.99563,1.71825) 1.913 0.398102 (2.85809,0.430046) (0.237223,-0.0490138) 0.152826 -0.0777981 (2.73155,0.811656) (0.316897,-0.0606233) 0.182387 0.391854 (2.64641,1.35301) (0.171443,0.0620799) 0.17446 0.266338 (3.00029,1.78029) (0.395558,0.00150756) 0.145707 0.108033 (2,1.8) (0,0) 0.001 -0.284918 (2,0.3) (0,0) 0.001 -0.284918
2.25 (2.56429,1.70652) (0.749502,0.310972) 0.150548 -0.284918 (5.99563,1.71825) 1.913 0.393289 (2.9174,0.41779) (0.237221,-0.0490215) 0.152826 -0.0777981 (2.81054,0.795316) (0.315954,-0.0653611) 0.182387 0.391854 (2.68927,1.36853) (0.171444,0.0620771) 0.17446 0.266338 (3.09918,1.78066) (0.395558,0.0015075) 0.145707 0.108033 (2,1.8) (0,0) 0.001 -0.284918 (2,0.3) (0,0) 0.001 -0.284918
2.5 (2.74906,1.78198) (0.739065,0.301847) 0.150548 -0.284918 (5.99563,1.71825) 1.913 0.387741 (2.97671,0.405536) (0.237222,-0.0490168) 0.152826 -0.0777981 (2.88939,0.778325) (0.315405,-0.0679614) 0.182387 0.391854 (2.73213,1.38405) (0.171447,0.0620699) 0.17446 0.266338 (3.19807,1.78104) (0.395558,0.00150753) 0.145707 0.108033 (2,1.8) (0,0) 0.001 -0.284918 (2,0.3) (0,0) 0.001 -0.284918
2.75 (2.93094,1.85492) (0.727522,0.291755) 0.150548 -0.284918 (5.99563,1.71825) 1.913 0.38139 (3.03601,0.393284) (0.237224,-0.0490069) 0.152826 -0.0777981 (2.96816,0.760976) (0.315092,-0.0693984) 0.182387 0.391854 (2.77499,1.39956) (0.171447,0.0620704) 0.17446 0.266338 (3.29696,1.78142) (0.395558,0.00150728) 0.145707 0.108033 (2,1.8) (0,0) 0.001 -0.284918 (2,0.3) (0,0) 0.001 -0.284918
3 (3.10963,1.92507) (0.714771,0.280606) 0.150548 -0.284918 (5.99563,1.71825) 1.913 0.374095 (3.09532,0.38103) (0.237222,-0.0490188) 0.152826 -0.0777981 (3.04689,0.743426) (0.314915,-0.0701981) 0.182387 0.391854 (2.81786,1.41508) (0.171444,0.0620784) 0.17446 0.266338 (3.39585,1.7818) (0.395558,0.00150725) 0.145707 0.108033 (2,1.8) (0,0) 0.001 -0.284918 (2,0.3) (0,0) 0.001 -0.284918
3.25 (3.28476,1.9921) (0.700502,0.26813) 0.150548 -0.284918 (5.99563,1.71825) 1.913 0.365564 (3.15462,0.368771) (0.237219,-0.0490338) 0.152826 -0.0777981 (3.1256,0.725761) (0.314812,-0.0706598) 0.182387 0.391854 (2.86072,1.4306) (0.171447,0.0620678) 0.17446 0.266338 (3.49473,1.78217) (0.395558,0.00150725) 0.145707 0.108033 (2,1.8) (0,0) 0.001 -0.284918 (2,0.3) (0,0) 0.001 -0.284918
3.5 (3.45593,2.05568) (0.684697,0.254312) 0.150548 -0.284918 (5.99563,1.71825) 1.913 0.35563 (3.21393,0.356517) (0.237222,-0.0490165) 0.152826 -0.0777981 (3.20428,0.708027) (0.314749,-0.070936) 0.182387 0.391854 (2.90358,1.44611) (0.171452,0.0620562) 0.17446 0.266338 (3.59362,1.78255) (0.395558,0.00150691) 0.145707 0.108033 (2,1.8) (0,0) 0.001 -0.284918 (2,0.3) (0,0) 0.001 -0.284918
3.75 (3.68502,2.10824) (0.91637,0.210244) 0.150548 -0.284918 (5.99563,1.71825) 1.913 0.225529 (3.27323,0.344264) (0.237223,-0.0490134) 0.152826 -0.0777981 (3.28296,0.690255) (0.314715,-0.0710902) 0.182387 0.391854 (2.94644,1.46163) (0.171447,0.062068) 0.17446 0.266338 (3.68775,1.80557) (0.376503,0.0921024) 0.145707 0.108033 (2,1.8) (0,0) 0.001 -0.284918 (2,0.3) (0,0) 0.001 -0.284918
4 (3.94356,2.12665) (1.03416,0.0736207) 0.150548 -0.284918 (5.99563,1.71825) 1.913 0.0710687 (3.33254,0.332007) (0.23722,-0.0490255) 0.152826 -0.0777981 (3.36163,0.672459) (0.314694,-0.0711833) 0.182387 0.391854 (2.98931,1.47715) (0.17145,0.0620604) 0.17446 0.266338 (3.75343,1.84531) (0.262701,0.158957) 0.145707 0.108033 (2,1.8) (0,0) 0.001 -0.284918 (2,0.3) (0,0) 0.001 -0.284918
4.25 (4.18877,2.07784) (0.98081,-0.195226) 0.150548 -0.284918 (5.99563,1.71825) 1.913 -0.196478 (3.39184,0.319752) (0.237221,-0.0490213) 0.152826 -0.0777981 (3.4403,0.654646) (0.314678,-0.0712519) 0.182387 0.391854 (3.03217,1.49267) (0.171443,0.0620809) 0.17446 0.266338 (3.80267,1.87513) (0.19699,0.119266) 0.145707 0.108033 (2,1.8) (0,0) 0.001 -0.284918 (2,0.3) (0,0) 0.001 -0.284918
4.5 (4.43396,2.02905) (0.980766,-0.195184) 0.150548 -0.284918 (5.99563,1.71825) 1.913 -0.196445 (3.45115,0.307505) (0.237228,-0.0489891) 0.152826 -0.0777981 (3.51897,0.636821) (0.314668,-0.0712982) 0.182387 0.391854 (3.07503,1.50819) (0.171444,0.0620778) 0.17446 0.266338 (3.8396,1.8975) (0.1477,0.0894691) 0.145707 0.108033 (2,1.8) (0,0) 0.001 -0.284918 (2,0.3) (0,0) 0.001 -0.284918
4.75 (4.67915,1.98026) (0.980771,-0.195145) 0.150548 -0.284918 (5.99563,1.71825) 1.913 -0.196406 (3.51045,0.295245) (0.237218,-0.0490381) 0.152826 -0.0777981 (3.59764,0.618994) (0.314665,-0.071311) 0.182387 0.391854 (3.11789,1.5237) (0.171446,0.0620718) 0.17446 0.266338 (3.86732,1.91427) (0.110898,0.0671064) 0.145707 0.108033 (2,1.8) (0,0) 0.001 -0.284918 (2,0.3) (0,0) 0.001 -0.284918
5 (4.92432,1.93146) (0.980669,-0.195183) 0.150548 -0.284918 (5.99563,1.71825) 1.913 -0.196463 (3.56976,0.282991) (0.237222,-0.0490152) 0.152826 -0.0777981 (3.6763,0.601134) (0.314636,-0.071439) 0.182387 0.391854 (3.16075,1.53922) (0.171444,0.0620777) 0.17446 0.266338 (3.8886,1.92733) (0.0851185,0.0522304) 0.145707 0.108033 (2,1.8) (0,0) 0.001 -0.284918 (2,0.3) (0,0) 0.001 -0.284918
5.25 (5.16951,1.88264) (0.980783,-0.195283) 0.150548 -0.284918 (5.99563,1.71825) 1.913 -0.196539 (3.62906,0.270731) (0.237217,-0.0490426) 0.152826 -0.0777981 (3.75476,0.582453) (0.313872,-0.0747234) 0.182387 0.391854 (3.20361,1.55474) (0.171446,0.0620729) 0.17446 0.266338 (3.9063,1.9392) (0.070805,0.0474857) 0.145707 0.108033 (2,1.8) (0,0) 0.001 -0.284918 (2,0.3) (0,0) 0.001 -0.284918
5.5 (5.37605,1.84154) (0.826144,-0.164408) 0.150548 -0.284918 (5.99563,1.71825) 1.913 -0.19644 (3.68837,0.258474) (0.23722,-0.0490253) 0.152826 -0.0777981 (3.8329,0.562439) (0.312554,-0.0800559) 0.182387 0.391854 (3.24647,1.57025) (0.171452,0.0620551) 0.17446 0.266338 (3.92112,1.95144) (0.0592645,0.0489673) 0.145707 0.108033 (2,1.8) (0,0) 0.001 -0.284918 (2,0.3) (0,0) 0.001 -0.284918
5.75 (5.53094,1.8107) (0.619586,-0.123347) 0.150548 -0.284918 (5.99563,1.71825) 1.913 -0.196511 (3.74768,0.246221) (0.237222,-0.0490152) 0.152826 -0.0777981 (3.91065,0.540966) (0.311001,-0.0858908) 0.182387 0.391854 (3.28934,1.58577) (0.171445,0.0620739) 0.17446 0.266338 (3.93204,1.96468) (0.0436771,0.0529402) 0.145707 0.108033 (2,1.8) (0,0) 0.001 -0.284918 (2,0.3) (0,0) 0.001 -0.284918
6 (5.64713,1.78759) (0.46474,-0.0924596) 0.150548 -0.284918 (5.99563,1.71825) 1.913 -0.196385 (3.80698,0.233951) (0.23721,-0.0490776) 0.152826 -0.0777981 (3.98799,0.518047) (0.309345,-0.0916779) 0.182387 0.391854 (3.3322,1.60129) (0.171448,0.0620668) 0.17446 0.266338 (3.93679,1.97766) (0.018992,0.0519169) 0.145707 0.108033 (2,1.8) (0,0) 0.001 -0.284918 (2,0.3) (0,0) 0.001 -0.284918
6.25 (5.73427,1.77026) (0.348559,-0.0693221) 0.150548 -0.284918 (5.99563,1.71825) 1.913 -0.19632 (3.85716,0.223606) (0.20071,-0.041381) 0.152826 -0.0777981 (4.06364,0.494687) (0.302613,-0.0934406) 0.182387 0.391854 (3.37506,1.61681) (0.171447,0.0620682) 0.17446 0.266338 (3.93878,1.98993) (0.00798868,0.0490729) 0.145707 0.108033 (2,1.8) (0,0) 0.001 -0.284918 (2,0.3) (0,0) 0.001 -0.284918
6.5 (5.79961,1.75725) (0.261359,-0.0520223) 0.150548 -0.284918 (5.99563,1.71825) 1.913 -0.196477 (3.8948,0.215814) (0.150576,-0.0311673) 0.152826 -0.0777981 (4.13085,0.473121) (0.268844,-0.0862646) 0.182387 0.391854 (3.41792,1.63232) (0.171448,0.0620673) 0.17446 0.266338 (3.94001,2.00188) (0.00490285,0.047805) 0.145707 0.108033 (2,1.8) (0,0) 0.001 -0.284918 (2,0.3) (0,0) 0.001 -0.284918
6.75 (5.84862,1.74751) (0.19605,-0.0389669) 0.150548 -0.284918 (5.99563,1.71825) 1.913 -0.196203 (3.92305,0.209984) (0.113019,-0.0233194) 0.152826 -0.0777981 (4.18993,0.447466) (0.236303,-0.102617) 0.182387 0.391854 (3.46078,1.64784) (0.171444,0.0620765) 0.17446 0.266338 (3.9407,2.01365) (0.00274375,0.0470759) 0.145707 0.108033 (2,1.8) (0,0) 0.001 -0.284918 (2,0.3) (0,0) 0.001 -0.284918
7 (5.88537,1.7402) (0.147009,-0.0292544) 0.150548 -0.284918 (5.99563,1.71825) 1.913 -0.196431 (3.94421,0.205614) (0.0846274,-0.0174827) 0.152826 -0.0777981 (4.239,0.417959) (0.196284,-0.118031) 0.182387 0.391854 (3.50364,1.66336) (0.171447,0.0620687) 0.17446 0.266338 (3.94091,2.0253) (0.000872601,0.0466213) 0.145707 0.108033 (2,1.8) (0,0) 0.001 -0.284918 (2,0.3) (0,0) 0.001 -0.284918
7.25 (5.91294,1.73471) (0.110268,-0.021938) 0.150548 -0.284918 (5.99563,1.71825) 1.913 -0.196388 (3.96008,0.202321) (0.0634666,-0.0131704) 0.152826 -0.0777981 (4.27753,0.386343) (0.154103,-0.126463) 0.182387 0.391854 (3.5465,1.67888) (0.171444,0.0620775) 0.17446 0.266338 (3.94081,2.03689) (-0.000405874,0.0463448) 0.145707 0.108033 (2,1.8) (0,0) 0.001 -0.284918 (2,0.3) (0,0) 0.001 -0.284918
7.5 (5.93362,1.73059) (0.0827145,-0.0164989) 0.150548 -0.284918 (5.99563,1.71825) 1.913 -0.196884 (3.97201,0.199869) (0.047744,-0.00980817) 0.152826 -0.0777981 (4.30624,0.354683) (0.11486,-0.126639) 0.182387 0.391854 (3.58937,1.6944) (0.171442,0.0620818) 0.17446 0.266338 (3.94047,2.04843) (-0.00137371,0.0461731) 0.145707 0.108033 (2,1.8) (0,0) 0.001 -0.284918 (2,0.3) (0,0) 0.001 -0.284918
7.75 (5.94911,1.72752) (0.0619664,-0.0122719) 0.150548 -0.284918 (5.99563,1.71825) 1.913 -0.195511 (3.98094,0.198044) (0.0356926,-0.00729966) 0.152826 -0.0777981 (4.32665,0.324578) (0.0816367,-0.120419) 0.182387 0.391854 (3.63223,1.70992) (0.171443,0.0620796) 0.17446 0.266338 (3.93996,2.05995) (-0.00204946,0.0460673) 0.145707 0.108033 (2,1.8) (0,0) 0.001 -0.284918 (2,0.3) (0,0) 0.001 -0.284918
8 (5.96074,1.7252) (0.0465298,-0.00929559) 0.150548 -0.284918 (5.99563,1.71825) 1.913 -0.197181 (3.98764,0.196649) (0.0268324,-0.00557906) 0.152826 -0.0777981 (4.34044,0.297038) (0.0551711,-0.11016) 0.182387 0.391854 (3.67509,1.72544) (0.171444,0.062078) 0.17446 0.266338 (3.93932,2.07145) (-0.00256367,0.045994) 0.145707 0.108033 (2,1.8) (0,0) 0.001 -0.284918 (2,0.3) (0,0) 0.001 -0.284918
8.25 (5.96948,1.72345) (0.0349418,-0.00699672) 0.150548 -0.284918 (5.99563,1.71825) 1.913 -0.197626 (3.99269,0.195623) (0.0201704,-0.00410434) 0.152826 -0.0777981 (4.34928,0.272567) (0.0353283,-0.0978862) 0.182387 0.391854 (3.71795,1.74096) (0.17144,0.0620892) 0.17446 0.266338 (3.93856,2.08293) (-0.00302041,0.0459361) 0.145707 0.108033 (2,1.8) (0,0) 0.001 -0.284918 (2,0.3) (0,0) 0.001 -0.284918
