[[(2, 2.1), (0, 2.1), (0, 1.8), (2, 1.8)], [(2, 0.3), (0, 0.3), (0, 0), (2, 0)]]
timestamp position0 velocity0 radius0 goal pref_speed theta position1 velocity1 radius1 position2 velocity2 radius2 position3 velocity3 radius3 position4 velocity4 radius4 position5 velocity5 radius5 position6 velocity6 radius6
0 (1.02323,1.09036) (0,0) 0.13384 (5.99563,1.71825) 1.68988 0 (2.25467,0.569113) (0,0) 0.210477 (2.38167,0.903836) (0,0) 0.137695 (2.33917,1.20898) (0,0) 0.135262 (2.30336,1.66571) (0,0) 0.162375 (1.02323,1.8) (0,0) 0.001 (1.02323,0.3) (0,0) 0.001
0.25 (1.27126,1.11915) (0.992095,0.11516) 0.13384 (5.99563,1.71825) 1.68988 0.11556 (2.31047,0.548202) (0.223223,-0.0836449) 0.210477 (2.4794,0.918336) (0.390934,0.0579994) 0.137695 (2.38409,1.21435) (0.179699,0.0214822) 0.135262 (2.38251,1.6679) (0.316609,0.00872272) 0.162375 (1.27126,1.8) (0,0) 0.001 (1.27126,0.3) (0,0) 0.001
0.5 (1.51928,1.15059) (0.992106,0.125744) 0.13384 (5.99563,1.71825) 1.68988 0.126072 (2.3688,0.535977) (0.23331,-0.0488995) 0.210477 (2.57663,0.935918) (0.388906,0.0703266) 0.137695 (2.42622,1.19786) (0.16853,-0.0659606) 0.135262 (2.46084,1.65628) (0.313305,-0.0464492) 0.162375 (1.51928,1.8) (0,0) 0.001 (1.51928,0.3) (0,0) 0.001
0.75 (1.76278,1.19431) (0.973969,0.174883) 0.13384 (5.99563,1.71825) 1.68988 0.177664 (2.42713,0.523752) (0.23331,-0.0489004) 0.210477 (2.67386,0.953504) (0.388903,0.0703429) 0.137695 (2.42556,1.15262) (-0.00264578,-0.180959) 0.135262 (2.53917,1.64467) (0.313305,-0.0464488) 0.162375 (1.76278,1.8) (0,0) 0.001 (1.76278,0.3) (0,0) 0.001
1 (1.97333,1.22313) (0.842236,0.115279) 0.13384 (5.99563,1.71825) 1.68988 0.136028 (2.48546,0.511527) (0.233311,-0.0488968) 0.210477 (2.77108,0.971089) (0.388903,0.070341) 0.137695 (2.44897,1.1156) (0.0936159,-0.148105) 0.135262 (2.61835,1.64507) (0.316726,0.00158015) 0.162375 (1.97333,1.8) (0,0) 0.001 (1.97333,0.3) (0,0) 0.001
1.25 (2.16488,1.24686) (0.766184,0.0949342) 0.13384 (5.99563,1.71825) 1.68988 0.123277 (2.54378,0.499303) (0.233311,-0.0488987) 0.210477 (2.86831,0.988669) (0.388907,0.0703197) 0.137695 (2.465,1.07329) (0.0641328,-0.169234) 0.135262 (2.69749,1.64739) (0.316594,0.00928112) 0.162375 (2,1.8) (0,0) 0.001 (2,0.3) (0,0) 0.001
1.5 (2.35297,1.26971) (0.752341,0.091403) 0.13384 (5.99563,1.71825) 1.68988 0.120899 (2.60211,0.487077) (0.23331,-0.0489032) 0.210477 (2.96553,1.00625) (0.388907,0.070317) 0.137695 (2.48112,1.03101) (0.0644724,-0.169105) 0.135262 (2.77664,1.64994) (0.316564,0.0102282) 0.162375 (2,1.8) (0,0) 0.001 (2,0.3) (0,0) 0.001
1.75 (2.53417,1.29128) (0.724811,0.0862748) 0.13384 (5.99563,1.71825) 1.68988 0.118473 (2.66044,0.474851) (0.23331,-0.0489024) 0.210477 (3.06276,1.02382) (0.388911,0.070298) 0.137695 (2.49776,0.988939) (0.0665549,-0.168296) 0.135262 (2.85578,1.6525) (0.316564,0.0102282) 0.162375 (2,1.8) (0,0) 0.001 (2,0.3) (0,0) 0.001
2 (2.7823,1.32187) (0.992514,0.122365) 0.13384 (5.99563,1.71825) 1.68988 0.122669 (2.71877,0.462627) (0.233311,-0.0488973) 0.210477 (3.15999,1.0414) (0.388909,0.0703095) 0.137695 (2.53754,0.967383) (0.15912,-0.0862213) 0.135262 (2.93492,1.65506) (0.316564,0.0102282) 0.162375 (2,1.8) (0,0) 0.001 (2,0.3) (0,0) 0.001
2.25 (3.03042,1.35249) (0.992497,0.12247) 0.13384 (5.99563,1.71825) 1.68988 0.122776 (2.77709,0.450404) (0.233312,-0.0488935) 0.210477 (3.25721,1.05899) (0.388901,0.0703536) 0.137695 (2.57751,0.94618) (0.159876,-0.0848115) 0.135262 (3.0141,1.65451) (0.316722,-0.00219244) 0.162375 (2,1.8) (0,0) 0.001 (2,0.3) (0,0) 0.001
2.5 (3.27854,1.3831) (0.99248,0.122423) 0.13384 (5.99563,1.71825) 1.68988 0.12273 (2.83542,0.438181) (0.233313,-0.0488887) 0.210477 (3.35444,1.07657) (0.388908,0.0703132) 0.137695 (2.61747,0.924977) (0.159875,-0.0848131) 0.135262 (3.09294,1.64721) (0.31538,-0.0292099) 0.162375 (2,1.8) (0,0) 0.001 (2,0.3) (0,0) 0.001
2.75 (3.52664,1.41371) (0.992407,0.122466) 0.13384 (5.99563,1.71825) 1.68988 0.122782 (2.89375,0.42596) (0.233313,-0.0488875) 0.210477 (3.45167,1.09415) (0.388907,0.0703193) 0.137695 (2.65744,0.90377) (0.159867,-0.0848282) 0.135262 (3.17096,1.63364) (0.312048,-0.054255) 0.162375 (2,1.8) (0,0) 0.001 (2,0.3) (0,0) 0.001
3 (3.77474,1.44432) (0.992388,0.122441) 0.13384 (5.99563,1.71825) 1.68988 0.12276 (2.95208,0.413733) (0.233309,-0.0489056) 0.210477 (3.5489,1.11173) (0.388907,0.0703184) 0.137695 (2.69741,0.882564) (0.159868,-0.0848252) 0.135262 (3.24897,1.62008) (0.312047,-0.0542614) 0.162375 (2,1.8) (0,0) 0.001 (2,0.3) (0,0) 0.001
3.25 (4.02287,1.47493) (0.992528,0.122437) 0.13384 (5.99563,1.71825) 1.68988 0.122738 (3.01041,0.40151) (0.233312,-0.0488921) 0.210477 (3.64612,1.12931) (0.388907,0.0703203) 0.137695 (2.73738,0.861357) (0.159867,-0.0848277) 0.135262 (3.32698,1.60651) (0.312046,-0.0542661) 0.162375 (2,1.8) (0,0) 0.001 (2,0.3) (0,0) 0.001
3.5 (4.271,1.50553) (0.992492,0.122391) 0.13384 (5.99563,1.71825) 1.68988 0.122697 (3.06873,0.389286) (0.233311,-0.0488963) 0.210477 (3.74335,1.14689) (0.388907,0.0703198) 0.137695 (2.77734,0.840153) (0.159873,-0.084816) 0.135262 (3.40499,1.59294) (0.312043,-0.0542818) 0.162375 (2,1.8) (0,0) 0.001 (2,0.3) (0,0) 0.001
3.75 (4.51911,1.53613) (0.992463,0.122409) 0.13384 (5.99563,1.71825) 1.68988 0.122719 (3.12706,0.377062) (0.233311,-0.0488975) 0.210477 (3.84058,1.16446) (0.388912,0.070288) 0.137695 (2.81731,0.818948) (0.159871,-0.0848202) 0.135262 (3.483,1.57938) (0.312052,-0.0542324) 0.162375 (2,1.8) (0,0) 0.001 (2,0.3) (0,0) 0.001
4 (4.76723,1.56673) (0.992475,0.122396) 0.13384 (5.99563,1.71825) 1.68988 0.122705 (3.18539,0.364838) (0.233312,-0.0488928) 0.210477 (3.9378,1.18204) (0.388907,0.0703182) 0.137695 (2.85728,0.797743) (0.159872,-0.0848185) 0.135262 (3.56102,1.56582) (0.312049,-0.054251) 0.162375 (2,1.8) (0,0) 0.001 (2,0.3) (0,0) 0.001
4.25 (5.01536,1.59734) (0.992506,0.122418) 0.13384 (5.99563,1.71825) 1.68988 0.122722 (3.24372,0.352617) (0.233313,-0.0488852) 0.210477 (4.03503,1.19963) (0.3889,0.070355) 0.137695 (2.89725,0.776536) (0.159867,-0.0848276) 0.135262 (3.63903,1.55226) (0.312049,-0.0542485) 0.162375 (2,1.8) (0,0) 0.001 (2,0.3) (0,0) 0.001
4.5 (5.2604,1.62756) (0.980182,0.120885) 0.13384 (5.99563,1.71825) 1.68988 0.12271 (3.30204,0.340394) (0.233312,-0.0488909) 0.210477 (4.13226,1.21721) (0.388906,0.0703261) 0.137695 (2.93721,0.755331) (0.15987,-0.0848229) 0.135262 (3.71704,1.53869) (0.312047,-0.054262) 0.162375 (2,1.8) (0,0) 0.001 (2,0.3) (0,0) 0.001
4.75 (5.44421,1.65022) (0.735236,0.0906675) 0.13384 (5.99563,1.71825) 1.68988 0.122698 (3.36037,0.328162) (0.233304,-0.0489281) 0.210477 (4.22948,1.23479) (0.388905,0.0703287) 0.137695 (2.97718,0.734127) (0.159874,-0.0848138) 0.135262 (3.79505,1.52512) (0.312046,-0.0542692) 0.162375 (2,1.8) (0,0) 0.001 (2,0.3) (0,0) 0.001
5 (5.58206,1.66722) (0.55138,0.0679756) 0.13384 (5.99563,1.71825) 1.68988 0.122664 (3.4187,0.315934) (0.233307,-0.0489137) 0.210477 (4.32671,1.25237) (0.388906,0.0703252) 0.137695 (3.01715,0.71292) (0.159867,-0.0848272) 0.135262 (3.87306,1.51156) (0.312048,-0.0542578) 0.162375 (2,1.8) (0,0) 0.001 (2,0.3) (0,0) 0.001
