[[(2, 2.1), (0, 2.1), (0, 1.8), (2, 1.8)], [(2, 0.3), (0, 0.3), (0, 0), (2, 0)]]
timestamp position0 velocity0 radius0 goal pref_speed theta position1 velocity1 radius1 position2 velocity2 radius2 position3 velocity3 radius3 position4 velocity4 radius4 position5 velocity5 radius5 position6 velocity6 radius6
0 (1.25595,1.05833) (0,0) 0.191916 (5.99563,1.71825) 1.7912 0 (2.22497,0.452117) (0,0) 0.187581 (2.31974,0.926695) (0,0) 0.195844 (2.28075,1.16412) (0,0) 0.149258 (2.34645,1.53198) (0,0) 0.14766 (1.25595,1.8) (0,0) 0.001 (1.25595,0.3) (0,0) 0.001
0.25 (1.50356,1.08582) (0.990429,0.109951) 0.191916 (5.99563,1.71825) 1.7912 0.110561 (2.27972,0.443746) (0.219002,-0.0334829) 0.187581 (2.35476,0.898259) (0.140072,-0.113741) 0.195844 (2.2755,1.19164) (-0.0210045,0.110062) 0.149258 (2.41908,1.52374) (0.290527,-0.0329485) 0.14766 (1.50356,1.8) (0,0) 0.001 (1.50356,0.3) (0,0) 0.001
0.5 (1.6819,1.09457) (0.71335,0.0350006) 0.191916 (5.99563,1.71825) 1.7912 0.0490258 (2.33316,0.429205) (0.213776,-0.0581622) 0.187581 (2.36949,0.866252) (0.0589372,-0.128031) 0.195844 (2.28044,1.25386) (0.0197562,0.24889) 0.149258 (2.49171,1.5155) (0.290527,-0.0329455) 0.14766 (1.6819,1.8) (0,0) 0.001 (1.6819,0.3) (0,0) 0.001
0.75 (1.8384,1.09788) (0.626008,0.0132415) 0.191916 (5.99563,1.71825) 1.7912 0.0211491 (2.38661,0.414665) (0.213776,-0.0581622) 0.187581 (2.38422,0.834244) (0.0589371,-0.128031) 0.195844 (2.30621,1.31141) (0.103058,0.230217) 0.149258 (2.56464,1.51059) (0.291727,-0.0196666) 0.14766 (1.8384,1.8) (0,0) 0.001 (1.8384,0.3) (0,0) 0.001
1 (1.9949,1.10119) (0.626008,0.0132415) 0.191916 (5.99563,1.71825) 1.7912 0.0211491 (2.44005,0.400124) (0.213776,-0.0581622) 0.187581 (2.39896,0.802236) (0.0589368,-0.128031) 0.195844 (2.35131,1.35595) (0.180403,0.178124) 0.149258 (2.63757,1.50567) (0.291727,-0.0196666) 0.14766 (1.9949,1.8) (0,0) 0.001 (1.9949,0.3) (0,0) 0.001
1.25 (2.1514,1.1045) (0.626008,0.0132415) 0.191916 (5.99563,1.71825) 1.7912 0.0211491 (2.49349,0.385584) (0.213776,-0.0581622) 0.187581 (2.41369,0.770228) (0.0589366,-0.128031) 0.195844 (2.40908,1.39187) (0.231099,0.143705) 0.149258 (2.7105,1.50075) (0.291727,-0.0196666) 0.14766 (2,1.8) (0,0) 0.001 (2,0.3) (0,0) 0.001
1.5 (2.30791,1.10781) (0.626007,0.0132414) 0.191916 (5.99563,1.71825) 1.7912 0.021149 (2.54694,0.371043) (0.213776,-0.0581621) 0.187581 (2.42843,0.73822) (0.058936,-0.128032) 0.195844 (2.475,1.42177) (0.263674,0.119579) 0.149258 (2.78344,1.49584) (0.291727,-0.0196666) 0.14766 (2,1.8) (0,0) 0.001 (2,0.3) (0,0) 0.001
1.75 (2.46441,1.11112) (0.626005,0.0132412) 0.191916 (5.99563,1.71825) 1.7912 0.0211487 (2.60038,0.356503) (0.213776,-0.0581622) 0.187581 (2.44316,0.706212) (0.0589343,-0.128032) 0.195844 (2.54597,1.44664) (0.28387,0.099498) 0.149258 (2.85637,1.49092) (0.291727,-0.0196666) 0.14766 (2,1.8) (0,0) 0.001 (2,0.3) (0,0) 0.001
2 (2.70752,1.11434) (0.972446,0.0128982) 0.191916 (5.99563,1.71825) 1.7912 0.0132629 (2.65382,0.341962) (0.213776,-0.0581616) 0.187581 (2.48825,0.704816) (0.18035,-0.0055839) 0.195844 (2.61932,1.46413) (0.293429,0.0699365) 0.149258 (2.9293,1.486) (0.291727,-0.0196666) 0.14766 (2,1.8) (0,0) 0.001 (2,0.3) (0,0) 0.001
2.25 (2.95787,1.12564) (1.0014,0.0451785) 0.191916 (5.99563,1.71825) 1.7912 0.045085 (2.70888,0.335885) (0.220209,-0.0243075) 0.187581 (2.53201,0.715753) (0.175053,0.0437448) 0.195844 (2.68887,1.45497) (0.278187,-0.0366122) 0.149258 (3.00188,1.47736) (0.290335,-0.034595) 0.14766 (2,1.8) (0,0) 0.001 (2,0.3) (0,0) 0.001
2.5 (3.20852,1.14193) (1.00263,0.0651922) 0.191916 (5.99563,1.71825) 1.7912 0.0649297 (2.76393,0.329804) (0.220207,-0.0243255) 0.187581 (2.57577,0.726692) (0.17505,0.043757) 0.195844 (2.76318,1.41362) (0.297228,-0.165393) 0.149258 (3.07447,1.46871) (0.290335,-0.0345974) 0.14766 (2,1.8) (0,0) 0.001 (2,0.3) (0,0) 0.001
2.75 (3.45335,1.19255) (0.979287,0.202454) 0.191916 (5.99563,1.71825) 1.7912 0.203865 (2.81898,0.323725) (0.220208,-0.0243175) 0.187581 (2.61953,0.737634) (0.175047,0.0437685) 0.195844 (2.83456,1.34788) (0.285537,-0.262979) 0.149258 (3.14705,1.46006) (0.290334,-0.0346015) 0.14766 (2,1.8) (0,0) 0.001 (2,0.3) (0,0) 0.001
3 (3.69815,1.24317) (0.979206,0.202474) 0.191916 (5.99563,1.71825) 1.7912 0.2039 (2.87403,0.317647) (0.220209,-0.0243097) 0.187581 (2.6633,0.748572) (0.175052,0.0437505) 0.195844 (2.90466,1.28076) (0.280377,-0.268473) 0.149258 (3.21964,1.45141) (0.290338,-0.0345727) 0.14766 (2,1.8) (0,0) 0.001 (2,0.3) (0,0) 0.001
3.25 (3.94297,1.29381) (0.979293,0.202573) 0.191916 (5.99563,1.71825) 1.7912 0.203979 (2.92818,0.306017) (0.216607,-0.0465223) 0.187581 (2.70706,0.759512) (0.175049,0.0437623) 0.195844 (2.97679,1.21583) (0.288515,-0.259708) 0.149258 (3.29222,1.44276) (0.290334,-0.0346021) 0.14766 (2,1.8) (0,0) 0.001 (2,0.3) (0,0) 0.001
3.5 (4.18779,1.34442) (0.979288,0.202425) 0.191916 (5.99563,1.71825) 1.7912 0.203836 (2.98234,0.294386) (0.216607,-0.0465223) 0.187581 (2.75082,0.770451) (0.17505,0.0437563) 0.195844 (3.04891,1.15091) (0.288515,-0.259708) 0.149258 (3.3648,1.43411) (0.290334,-0.0346028) 0.14766 (2,1.8) (0,0) 0.001 (2,0.3) (0,0) 0.001
3.75 (4.43261,1.39505) (0.979272,0.202544) 0.191916 (5.99563,1.71825) 1.7912 0.203955 (3.03649,0.282755) (0.216607,-0.0465223) 0.187581 (2.79458,0.781392) (0.175048,0.0437634) 0.195844 (3.12104,1.08598) (0.288515,-0.259708) 0.149258 (3.43739,1.42546) (0.290332,-0.0346172) 0.14766 (2,1.8) (0,0) 0.001 (2,0.3) (0,0) 0.001
4 (4.67743,1.44568) (0.979289,0.202492) 0.191916 (5.99563,1.71825) 1.7912 0.203901 (3.09064,0.271125) (0.216607,-0.0465223) 0.187581 (2.83835,0.79233) (0.175051,0.0437539) 0.195844 (3.19317,1.02105) (0.288515,-0.259708) 0.149258 (3.50997,1.41681) (0.290334,-0.0346042) 0.14766 (2,1.8) (0,0) 0.001 (2,0.3) (0,0) 0.001
4.25 (4.92224,1.4963) (0.97924,0.202511) 0.191916 (5.99563,1.71825) 1.7912 0.20393 (3.14479,0.259494) (0.216607,-0.0465223) 0.187581 (2.88211,0.803269) (0.17505,0.043755) 0.195844 (3.2653,0.956125) (0.288515,-0.259708) 0.149258 (3.58255,1.40816) (0.290335,-0.0345978) 0.14766 (2,1.8) (0,0) 0.001 (2,0.3) (0,0) 0.001
4.5 (5.16706,1.54692) (0.979271,0.202472) 0.191916 (5.99563,1.71825) 1.7912 0.203885 (3.19894,0.247864) (0.216607,-0.0465223) 0.187581 (2.92587,0.814209) (0.17505,0.0437582) 0.195844 (3.33743,0.891198) (0.288515,-0.259708) 0.149258 (3.65514,1.39951) (0.290336,-0.0345885) 0.14766 (2,1.8) (0,0) 0.001 (2,0.3) (0,0) 0.001
4.75 (5.37421,1.58976) (0.828586,0.171346) 0.191916 (5.99563,1.71825) 1.7912 0.203919 (3.2531,0.236233) (0.216607,-0.0465223) 0.187581 (2.96964,0.825147) (0.175051,0.0437515) 0.195844 (3.40956,0.826271) (0.288515,-0.259708) 0.149258 (3.72772,1.39086) (0.290337,-0.034581) 0.14766 (2,1.8) (0,0) 0.001 (2,0.3) (0,0) 0.001
5 (5.52956,1.6219) (0.621422,0.128574) 0.191916 (5.99563,1.71825) 1.7912 0.204024 (3.30725,0.224603) (0.216607,-0.0465223) 0.187581 (3.0134,0.836086) (0.17505,0.043756) 0.195844 (3.48169,0.761344) (0.288515,-0.259708) 0.149258 (3.8003,1.38222) (0.290335,-0.0345972) 0.14766 (2,1.8) (0,0) 0.001 (2,0.3) (0,0) 0.001
