[[(2, 2.1), (0, 2.1), (0, 1.8), (2, 1.8)], [(2, 0.3), (0, 0.3), (0, 0), (2, 0)]]
timestamp position0 velocity0 radius0 goal pref_speed theta position1 velocity1 radius1 position2 velocity2 radius2 position3 velocity3 radius3 position4 velocity4 radius4 position5 velocity5 radius5 position6 velocity6 radius6
0 (1.26254,0.905978) (0,0) 0.170991 (5.99563,1.71825) 1.90889 0 (2.28633,0.449544) (0,0) 0.141956 (2.30281,0.823966) (0,0) 0.137527 (2.35063,1.21152) (0,0) 0.217961 (2.25151,1.59063) (0,0) 0.160051 (1.26254,1.8) (0,0) 0.001 (1.26254,0.3) (0,0) 0.001
0.25 (1.50893,0.94213) (0.985548,0.144606) 0.170991 (5.99563,1.71825) 1.90889 0.145687 (2.34936,0.440132) (0.252099,-0.0376474) 0.141956 (2.34396,0.81977) (0.164583,-0.0167821) 0.137527 (2.38021,1.20699) (0.118327,-0.0181281) 0.217961 (2.3094,1.60541) (0.231536,0.0591033) 0.160051 (1.50893,1.8) (0,0) 0.001 (1.50893,0.3) (0,0) 0.001
0.5 (1.65216,0.957572) (0.572927,0.0617685) 0.170991 (5.99563,1.71825) 1.90889 0.107397 (2.41238,0.430722) (0.2521,-0.0376396) 0.141956 (2.38469,0.81176) (0.162926,-0.0320413) 0.137527 (2.37211,1.23321) (-0.0323975,0.104881) 0.217961 (2.3691,1.60747) (0.238817,0.00826262) 0.160051 (1.65216,1.8) (0,0) 0.001 (1.65216,0.3) (0,0) 0.001
0.75 (1.77703,0.968966) (0.499496,0.045577) 0.170991 (5.99563,1.71825) 1.90889 0.090994 (2.47541,0.421307) (0.252097,-0.0376588) 0.141956 (2.42537,0.8035) (0.162727,-0.0330378) 0.137527 (2.3638,1.25743) (-0.0332704,0.096911) 0.217961 (2.42729,1.62098) (0.23277,0.054037) 0.160051 (1.77703,1.8) (0,0) 0.001 (1.77703,0.3) (0,0) 0.001
1 (1.88816,0.977151) (0.444497,0.0327382) 0.170991 (5.99563,1.71825) 1.90889 0.0735194 (2.53843,0.411891) (0.252096,-0.0376658) 0.141956 (2.46605,0.795241) (0.162727,-0.0330378) 0.137527 (2.35672,1.28373) (-0.0283035,0.105181) 0.217961 (2.4852,1.63566) (0.231638,0.0586996) 0.160051 (1.88816,1.8) (0,0) 0.001 (1.88816,0.3) (0,0) 0.001
1.25 (1.99405,0.984114) (0.423572,0.0278534) 0.170991 (5.99563,1.71825) 1.90889 0.0656639 (2.60146,0.402483) (0.252102,-0.037629) 0.141956 (2.50673,0.786981) (0.162727,-0.0330378) 0.137527 (2.36424,1.30946) (0.0300901,0.102918) 0.217961 (2.54463,1.64173) (0.237721,0.0243074) 0.160051 (1.99405,1.8) (0,0) 0.001 (1.99405,0.3) (0,0) 0.001
1.5 (2.09994,0.991077) (0.423572,0.0278534) 0.170991 (5.99563,1.71825) 1.90889 0.0656639 (2.66448,0.393072) (0.252099,-0.0376438) 0.141956 (2.54741,0.778722) (0.162727,-0.0330378) 0.137527 (2.38255,1.33313) (0.0732433,0.0946856) 0.217961 (2.60437,1.64271) (0.238928,0.00390855) 0.160051 (2,1.8) (0,0) 0.001 (2,0.3) (0,0) 0.001
1.75 (2.20584,0.998041) (0.423572,0.0278534) 0.170991 (5.99563,1.71825) 1.90889 0.0656638 (2.7275,0.383657) (0.252096,-0.0376636) 0.141956 (2.58809,0.770462) (0.162727,-0.0330378) 0.137527 (2.40087,1.3568) (0.0732432,0.0946857) 0.217961 (2.66376,1.63629) (0.237578,-0.0256671) 0.160051 (2,1.8) (0,0) 0.001 (2,0.3) (0,0) 0.001
2 (2.31173,1.005) (0.423572,0.0278534) 0.170991 (5.99563,1.71825) 1.90889 0.0656638 (2.79053,0.374246) (0.252099,-0.0376439) 0.141956 (2.62878,0.762203) (0.162727,-0.0330378) 0.137527 (2.41918,1.38047) (0.0732431,0.0946857) 0.217961 (2.72283,1.62738) (0.236284,-0.0356608) 0.160051 (2,1.8) (0,0) 0.001 (2,0.3) (0,0) 0.001
2.25 (2.41762,1.01197) (0.423571,0.0278532) 0.170991 (5.99563,1.71825) 1.90889 0.0656635 (2.85355,0.364837) (0.252101,-0.0376347) 0.141956 (2.66946,0.753944) (0.162727,-0.0330378) 0.137527 (2.43749,1.40414) (0.0732427,0.0946861) 0.217961 (2.7819,1.61846) (0.236281,-0.0356812) 0.160051 (2,1.8) (0,0) 0.001 (2,0.3) (0,0) 0.001
2.5 (2.60702,1.03842) (0.7576,0.105828) 0.170991 (5.99563,1.71825) 1.90889 0.138791 (2.91658,0.355431) (0.252102,-0.0376247) 0.141956 (2.71014,0.745684) (0.162727,-0.0330378) 0.137527 (2.46478,1.41642) (0.109181,0.0490862) 0.217961 (2.84097,1.60954) (0.236284,-0.0356652) 0.160051 (2,1.8) (0,0) 0.001 (2,0.3) (0,0) 0.001
2.75 (2.85212,1.08762) (0.980402,0.196764) 0.170991 (5.99563,1.71825) 1.90889 0.198065 (2.9796,0.34602) (0.252099,-0.0376426) 0.141956 (2.75082,0.737424) (0.162727,-0.0330381) 0.137527 (2.49273,1.40571) (0.111792,-0.0428078) 0.217961 (2.90004,1.60063) (0.236283,-0.0356659) 0.160051 (2,1.8) (0,0) 0.001 (2,0.3) (0,0) 0.001
3 (3.09724,1.13681) (0.980454,0.196781) 0.170991 (5.99563,1.71825) 1.90889 0.198072 (3.04263,0.336607) (0.252098,-0.0376529) 0.141956 (2.79181,0.743981) (0.163962,0.0262266) 0.137527 (2.51622,1.38717) (0.0939669,-0.0741631) 0.217961 (2.95911,1.59171) (0.236281,-0.0356804) 0.160051 (2,1.8) (0,0) 0.001 (2,0.3) (0,0) 0.001
3.25 (3.34235,1.186) (0.980452,0.196765) 0.170991 (5.99563,1.71825) 1.90889 0.198057 (3.10565,0.327193) (0.252098,-0.0376541) 0.141956 (2.83196,0.754541) (0.160584,0.0422398) 0.137527 (2.53971,1.36863) (0.0939691,-0.0741603) 0.217961 (3.01818,1.58279) (0.236283,-0.0356659) 0.160051 (2,1.8) (0,0) 0.001 (2,0.3) (0,0) 0.001
3.5 (3.58747,1.23517) (0.980489,0.196658) 0.170991 (5.99563,1.71825) 1.90889 0.197945 (3.16868,0.317783) (0.2521,-0.0376409) 0.141956 (2.8721,0.765099) (0.160586,0.0422331) 0.137527 (2.5632,1.35009) (0.093963,-0.0741681) 0.217961 (3.07725,1.57387) (0.236281,-0.0356794) 0.160051 (2,1.8) (0,0) 0.001 (2,0.3) (0,0) 0.001
3.75 (3.83256,1.28433) (0.980375,0.196652) 0.170991 (5.99563,1.71825) 1.90889 0.197961 (3.2317,0.308372) (0.252099,-0.0376424) 0.141956 (2.91225,0.77566) (0.160584,0.0422416) 0.137527 (2.58669,1.33155) (0.0939602,-0.0741716) 0.217961 (3.13633,1.56495) (0.236284,-0.0356607) 0.160051 (2,1.8) (0,0) 0.001 (2,0.3) (0,0) 0.001
4 (4.07768,1.33351) (0.980452,0.196721) 0.170991 (5.99563,1.71825) 1.90889 0.198014 (3.29473,0.298966) (0.252102,-0.0376244) 0.141956 (2.9524,0.786218) (0.160586,0.0422314) 0.137527 (2.61019,1.31301) (0.0939635,-0.0741674) 0.217961 (3.1954,1.55604) (0.236284,-0.035661) 0.160051 (2,1.8) (0,0) 0.001 (2,0.3) (0,0) 0.001
4.25 (4.3228,1.38269) (0.980474,0.196707) 0.170991 (5.99563,1.71825) 1.90889 0.197996 (3.35775,0.289553) (0.252098,-0.0376528) 0.141956 (2.99254,0.796777) (0.160584,0.0422395) 0.137527 (2.63368,1.29446) (0.0939645,-0.0741662) 0.217961 (3.25447,1.54713) (0.236286,-0.0356477) 0.160051 (2,1.8) (0,0) 0.001 (2,0.3) (0,0) 0.001
4.5 (4.56791,1.43183) (0.980456,0.196594) 0.170991 (5.99563,1.71825) 1.90889 0.197889 (3.42078,0.280141) (0.252099,-0.0376487) 0.141956 (3.03269,0.807337) (0.160585,0.0422381) 0.137527 (2.65717,1.27592) (0.0939605,-0.0741712) 0.217961 (3.31354,1.53821) (0.236283,-0.0356679) 0.160051 (2,1.8) (0,0) 0.001 (2,0.3) (0,0) 0.001
4.75 (4.81303,1.481) (0.980483,0.196674) 0.170991 (5.99563,1.71825) 1.90889 0.197962 (3.4838,0.27074) (0.252105,-0.0376047) 0.141956 (3.07283,0.817897) (0.160584,0.0422404) 0.137527 (2.68066,1.25738) (0.0939598,-0.074172) 0.217961 (3.37261,1.5293) (0.236286,-0.0356474) 0.160051 (2,1.8) (0,0) 0.001 (2,0.3) (0,0) 0.001
5 (5.05815,1.53017) (0.980485,0.196673) 0.170991 (5.99563,1.71825) 1.90889 0.197961 (3.54683,0.261333) (0.252102,-0.0376257) 0.141956 (3.11298,0.828456) (0.160585,0.0422372) 0.137527 (2.70415,1.23884) (0.0939596,-0.0741723) 0.217961 (3.43168,1.52038) (0.236283,-0.0356676) 0.160051 (2,1.8) (0,0) 0.001 (2,0.3) (0,0) 0.001
5.25 (5.29251,1.57718) (0.937443,0.188038) 0.170991 (5.99563,1.71825) 1.90889 0.197959 (3.60985,0.251919) (0.252097,-0.0376559) 0.141956 (3.15313,0.839012) (0.160588,0.0422246) 0.137527 (2.72764,1.22029) (0.093963,-0.074168) 0.217961 (3.49075,1.51146) (0.236283,-0.0356689) 0.160051 (2,1.8) (0,0) 0.001 (2,0.3) (0,0) 0.001
5.5 (5.46829,1.61246) (0.7031,0.141106) 0.170991 (5.99563,1.71825) 1.90889 0.19806 (3.67288,0.242512) (0.252102,-0.037628) 0.141956 (3.19327,0.849573) (0.160583,0.0422442) 0.137527 (2.75113,1.20175) (0.0939571,-0.0741755) 0.217961 (3.54982,1.50254) (0.236281,-0.035679) 0.160051 (2,1.8) (0,0) 0.001 (2,0.3) (0,0) 0.001
