[[(2, 2.1), (0, 2.1), (0, 1.8), (2, 1.8)], [(2, 0.3), (0, 0.3), (0, 0), (2, 0)]]
timestamp position0 velocity0 radius0 goal pref_speed theta position1 velocity1 radius1 position2 velocity2 radius2 position3 velocity3 radius3 position4 velocity4 radius4 position5 velocity5 radius5 position6 velocity6 radius6
0 (1.18684,1.10033) (0,0) 0.122553 (5.99563,1.71825) 1.57946 0 (2.30998,0.469159) (0,0) 0.19119 (2.3397,0.941004) (0,0) 0.162141 (2.37503,1.22428) (0,0) 0.155579 (2.20176,1.53713) (0,0) 0.212972 (1.18684,1.8) (0,0) 0.001 (1.18684,0.3) (0,0) 0.001
0.25 (1.4348,1.12919) (0.991832,0.115424) 0.122553 (5.99563,1.71825) 1.57946 0.115853 (2.37729,0.458196) (0.269268,-0.0438559) 0.19119 (2.28864,0.93619) (-0.204261,-0.0192569) 0.162141 (2.46364,1.22948) (0.354414,0.0208022) 0.155579 (2.25503,1.57288) (0.213077,0.142965) 0.212972 (1.4348,1.8) (0,0) 0.001 (1.4348,0.3) (0,0) 0.001
0.5 (1.68274,1.16123) (0.991771,0.128167) 0.122553 (5.99563,1.71825) 1.57946 0.128518 (2.44461,0.447221) (0.269261,-0.0438971) 0.19119 (2.30241,0.936041) (0.0550897,-0.000596225) 0.162141 (2.55059,1.21167) (0.347804,-0.0712349) 0.155579 (2.31573,1.59362) (0.242808,0.0829769) 0.212972 (1.68274,1.8) (0,0) 0.001 (1.68274,0.3) (0,0) 0.001
0.75 (1.92804,1.19978) (0.981209,0.1542) 0.122553 (5.99563,1.71825) 1.57946 0.155878 (2.51192,0.43625) (0.269263,-0.0438852) 0.19119 (2.34887,0.939886) (0.185823,0.0153789) 0.162141 (2.63423,1.18197) (0.334553,-0.118813) 0.155579 (2.37857,1.60654) (0.25134,0.051663) 0.212972 (1.92804,1.8) (0,0) 0.001 (1.92804,0.3) (0,0) 0.001
1 (2.17393,1.23667) (0.983564,0.147574) 0.122553 (5.99563,1.71825) 1.57946 0.148929 (2.57924,0.42528) (0.269264,-0.0438813) 0.19119 (2.41017,0.952264) (0.245209,0.0495149) 0.162141 (2.71538,1.14603) (0.324617,-0.143757) 0.155579 (2.44157,1.61863) (0.251996,0.0483615) 0.212972 (2,1.8) (0,0) 0.001 (2,0.3) (0,0) 0.001
1.25 (2.42143,1.26928) (0.990002,0.130423) 0.122553 (5.99563,1.71825) 1.57946 0.130986 (2.64656,0.41431) (0.269265,-0.0438781) 0.19119 (2.4793,0.971122) (0.276533,0.0754284) 0.162141 (2.79492,1.10665) (0.318174,-0.157503) 0.155579 (2.50492,1.62873) (0.253392,0.0404144) 0.212972 (2,1.8) (0,0) 0.001 (2,0.3) (0,0) 0.001
1.5 (2.66948,1.30042) (0.992181,0.12459) 0.122553 (5.99563,1.71825) 1.57946 0.124918 (2.71387,0.403343) (0.269266,-0.0438667) 0.19119 (2.55312,0.993798) (0.295276,0.0907041) 0.162141 (2.87341,1.06521) (0.313941,-0.16578) 0.155579 (2.56866,1.63596) (0.254958,0.0289305) 0.212972 (2,1.8) (0,0) 0.001 (2,0.3) (0,0) 0.001
1.75 (2.91754,1.33158) (0.992243,0.124636) 0.122553 (5.99563,1.71825) 1.57946 0.124956 (2.78119,0.392377) (0.269266,-0.0438667) 0.19119 (2.63042,1.0186) (0.309187,0.0992252) 0.162141 (2.95132,1.02269) (0.311637,-0.170072) 0.155579 (2.63242,1.64302) (0.255038,0.0282194) 0.212972 (2,1.8) (0,0) 0.001 (2,0.3) (0,0) 0.001
2 (3.1656,1.36274) (0.992242,0.124636) 0.122553 (5.99563,1.71825) 1.57946 0.124957 (2.84851,0.381406) (0.269264,-0.0438842) 0.19119 (2.7131,1.04897) (0.330729,0.121479) 0.162141 (3.02892,0.979608) (0.310402,-0.172315) 0.155579 (2.69619,1.6499) (0.255113,0.027531) 0.212972 (2,1.8) (0,0) 0.001 (2,0.3) (0,0) 0.001
2.25 (3.41366,1.39392) (0.992231,0.124727) 0.122553 (5.99563,1.71825) 1.57946 0.125048 (2.91582,0.370432) (0.269262,-0.0438936) 0.19119 (2.80797,1.07716) (0.379475,0.112742) 0.162141 (3.10635,0.936232) (0.309739,-0.173505) 0.155579 (2.76004,1.65608) (0.255402,0.0247081) 0.212972 (2,1.8) (0,0) 0.001 (2,0.3) (0,0) 0.001
2.5 (3.6617,1.42508) (0.992172,0.124637) 0.122553 (5.99563,1.71825) 1.57946 0.124966 (2.98314,0.35946) (0.269263,-0.0438894) 0.19119 (2.90591,1.09137) (0.391765,0.0568533) 0.162141 (3.1837,0.892697) (0.309381,-0.174142) 0.155579 (2.82405,1.65172) (0.256001,-0.0174405) 0.212972 (2,1.8) (0,0) 0.001 (2,0.3) (0,0) 0.001
2.75 (3.90975,1.45624) (0.992195,0.124638) 0.122553 (5.99563,1.71825) 1.57946 0.124964 (3.05045,0.348488) (0.269263,-0.0438876) 0.19119 (3.00385,1.10559) (0.39176,0.0568871) 0.162141 (3.261,0.849076) (0.309189,-0.174482) 0.155579 (2.88737,1.64146) (0.253293,-0.0410296) 0.212972 (2,1.8) (0,0) 0.001 (2,0.3) (0,0) 0.001
3 (4.1578,1.48741) (0.992199,0.124659) 0.122553 (5.99563,1.71825) 1.57946 0.124984 (3.11777,0.337518) (0.269264,-0.0438785) 0.19119 (3.10179,1.11981) (0.391761,0.0568761) 0.162141 (3.33827,0.80541) (0.309086,-0.174666) 0.155579 (2.95069,1.6312) (0.253291,-0.041042) 0.212972 (2,1.8) (0,0) 0.001 (2,0.3) (0,0) 0.001
3.25 (4.40584,1.51856) (0.992144,0.124601) 0.122553 (5.99563,1.71825) 1.57946 0.124933 (3.18508,0.326552) (0.269266,-0.0438663) 0.19119 (3.19973,1.13404) (0.391759,0.0568922) 0.162141 (3.41553,0.761719) (0.309031,-0.174763) 0.155579 (3.01401,1.62094) (0.253292,-0.0410383) 0.212972 (2,1.8) (0,0) 0.001 (2,0.3) (0,0) 0.001
3.5 (4.6539,1.54972) (0.992278,0.124671) 0.122553 (5.99563,1.71825) 1.57946 0.124987 (3.2524,0.31558) (0.269263,-0.0438858) 0.19119 (3.29767,1.14826) (0.391759,0.0568904) 0.162141 (3.49278,0.718016) (0.309003,-0.174813) 0.155579 (3.07734,1.61068) (0.253292,-0.0410384) 0.212972 (2,1.8) (0,0) 0.001 (2,0.3) (0,0) 0.001
3.75 (4.90196,1.58088) (0.992229,0.124602) 0.122553 (5.99563,1.71825) 1.57946 0.124924 (3.31972,0.30461) (0.269264,-0.0438803) 0.19119 (3.39561,1.16248) (0.391759,0.0568958) 0.162141 (3.57002,0.674305) (0.308984,-0.174846) 0.155579 (3.14066,1.60042) (0.253291,-0.0410389) 0.212972 (2,1.8) (0,0) 0.001 (2,0.3) (0,0) 0.001
4 (5.15003,1.61205) (0.992283,0.124682) 0.122553 (5.99563,1.71825) 1.57946 0.124996 (3.38703,0.293639) (0.269263,-0.043887) 0.19119 (3.49355,1.17671) (0.391759,0.0568945) 0.162141 (3.64727,0.630589) (0.308974,-0.174863) 0.155579 (3.20398,1.59016) (0.253292,-0.0410373) 0.212972 (2,1.8) (0,0) 0.001 (2,0.3) (0,0) 0.001
4.25 (5.36143,1.6386) (0.845604,0.106215) 0.122553 (5.99563,1.71825) 1.57946 0.124954 (3.45435,0.282662) (0.26926,-0.0439043) 0.19119 (3.59149,1.19092) (0.391764,0.0568546) 0.162141 (3.72451,0.58687) (0.308967,-0.174875) 0.155579 (3.2673,1.5799) (0.253289,-0.0410547) 0.212972 (2,1.8) (0,0) 0.001 (2,0.3) (0,0) 0.001
4.5 (5.51998,1.65853) (0.634199,0.0797298) 0.122553 (5.99563,1.71825) 1.57946 0.125061 (3.52166,0.271692) (0.269264,-0.0438814) 0.19119 (3.68943,1.20514) (0.391759,0.0568957) 0.162141 (3.80175,0.543148) (0.30896,-0.174887) 0.155579 (3.33063,1.56963) (0.25329,-0.0410499) 0.212972 (2,1.8) (0,0) 0.001 (2,0.3) (0,0) 0.001
4.75 (5.63889,1.67344) (0.47564,0.0596513) 0.122553 (5.99563,1.71825) 1.57946 0.124761 (3.58898,0.260722) (0.269264,-0.0438816) 0.19119 (3.78737,1.21937) (0.391757,0.0569041) 0.162141 (3.87899,0.499427) (0.30896,-0.174887) 0.155579 (3.39395,1.55938) (0.253293,-0.0410319) 0.212972 (2,1.8) (0,0) 0.001 (2,0.3) (0,0) 0.001
