[[(2, 2.1), (0, 2.1), (0, 1.8), (2, 1.8)], [(2, 0.3), (0, 0.3), (0, 0), (2, 0)]]
timestamp position0 velocity0 radius0 goal pref_speed theta position1 velocity1 radius1 position2 velocity2 radius2 position3 velocity3 radius3 position4 velocity4 radius4 position5 velocity5 radius5 position6 velocity6 radius6
0 (1.29019,1.13449) (0,0) 0.156504 (5.99563,1.71825) 1.52533 0 (2.38704,0.484519) (0,0) 0.135491 (2.3373,0.784973) (0,0) 0.147142 (2.39227,1.30206) (0,0) 0.174818 (2.28398,1.57589) (0,0) 0.199016 (1.29019,1.8) (0,0) 0.001 (1.29019,0.3) (0,0) 0.001
0.25 (1.5383,1.15994) (0.992424,0.101801) 0.156504 (5.99563,1.71825) 1.52533 0.10222 (2.42729,0.477268) (0.160997,-0.0290031) 0.135491 (2.35766,0.787788) (0.081433,0.0112583) 0.147142 (2.46523,1.2888) (0.29182,-0.0530373) 0.174818 (2.32073,1.6331) (0.147019,0.228836) 0.199016 (1.5383,1.8) (0,0) 0.001 (1.5383,0.3) (0,0) 0.001
0.5 (1.77675,1.20861) (0.953805,0.194659) 0.156504 (5.99563,1.71825) 1.52533 0.201322 (2.46753,0.470014) (0.160995,-0.029015) 0.135491 (2.39838,0.794311) (0.162887,0.026091) 0.147142 (2.52877,1.25057) (0.254155,-0.152896) 0.174818 (2.38199,1.66261) (0.245036,0.118058) 0.199016 (1.77675,1.8) (0,0) 0.001 (1.77675,0.3) (0,0) 0.001
0.75 (2.01175,1.26095) (0.939975,0.209365) 0.156504 (5.99563,1.71825) 1.52533 0.219157 (2.50778,0.46276) (0.160995,-0.0290162) 0.135491 (2.44308,0.793186) (0.178796,-0.0044996) 0.147142 (2.59029,1.20918) (0.246088,-0.165566) 0.174818 (2.445,1.68819) (0.252027,0.102287) 0.199016 (2,1.8) (0,0) 0.001 (2,0.3) (0,0) 0.001
1 (2.24061,1.31234) (0.915458,0.205549) 0.156504 (5.99563,1.71825) 1.52533 0.220868 (2.54803,0.455508) (0.160996,-0.0290094) 0.135491 (2.48799,0.787768) (0.179646,-0.0216726) 0.147142 (2.65163,1.16753) (0.245377,-0.166619) 0.174818 (2.50801,1.71376) (0.252027,0.102287) 0.199016 (2,1.8) (0,0) 0.001 (2,0.3) (0,0) 0.001
1.25 (2.46476,1.36299) (0.896607,0.202615) 0.156504 (5.99563,1.71825) 1.52533 0.222247 (2.58828,0.448256) (0.160996,-0.0290091) 0.135491 (2.53272,0.780163) (0.178884,-0.0304198) 0.147142 (2.71275,1.12554) (0.244454,-0.16797) 0.174818 (2.57101,1.73933) (0.252027,0.102287) 0.199016 (2,1.8) (0,0) 0.001 (2,0.3) (0,0) 0.001
1.5 (2.68279,1.41269) (0.872099,0.1988) 0.156504 (5.99563,1.71825) 1.52533 0.224126 (2.62853,0.441006) (0.160998,-0.0289995) 0.135491 (2.57697,0.771501) (0.177025,-0.034648) 0.147142 (2.77323,1.08264) (0.24193,-0.171586) 0.174818 (2.63402,1.7649) (0.252027,0.102287) 0.199016 (2,1.8) (0,0) 0.001 (2,0.3) (0,0) 0.001
1.75 (2.93175,1.43566) (0.995865,0.0918586) 0.156504 (5.99563,1.71825) 1.52533 0.0919797 (2.66878,0.433757) (0.160998,-0.0289972) 0.135491 (2.62015,0.762414) (0.172729,-0.0363479) 0.147142 (2.83444,1.04079) (0.244851,-0.16739) 0.174818 (2.69703,1.79047) (0.252026,0.102291) 0.199016 (2,1.8) (0,0) 0.001 (2,0.3) (0,0) 0.001
2 (3.1807,1.45862) (0.995769,0.0918557) 0.156504 (5.99563,1.71825) 1.52533 0.0919857 (2.70903,0.426503) (0.160995,-0.029014) 0.135491 (2.66347,0.753086) (0.173259,-0.037311) 0.147142 (2.89566,0.998944) (0.244852,-0.16739) 0.174818 (2.76378,1.77752) (0.267017,-0.051794) 0.199016 (2,1.8) (0,0) 0.001 (2,0.3) (0,0) 0.001
2.25 (3.42962,1.48156) (0.995703,0.0917764) 0.156504 (5.99563,1.71825) 1.52533 0.0919128 (2.74928,0.419254) (0.160998,-0.0289973) 0.135491 (2.70682,0.743683) (0.173424,-0.0376106) 0.147142 (2.95687,0.957097) (0.244852,-0.16739) 0.174818 (2.83053,1.76458) (0.267016,-0.0517969) 0.199016 (2,1.8) (0,0) 0.001 (2,0.3) (0,0) 0.001
2.5 (3.67858,1.50453) (0.995825,0.0918502) 0.156504 (5.99563,1.71825) 1.52533 0.091975 (2.78952,0.41199) (0.160988,-0.029055) 0.135491 (2.75017,0.734296) (0.17339,-0.0375499) 0.147142 (3.01808,0.915249) (0.244852,-0.16739) 0.174818 (2.89729,1.75163) (0.267019,-0.0517821) 0.199016 (2,1.8) (0,0) 0.001 (2,0.3) (0,0) 0.001
2.75 (3.92751,1.52748) (0.99573,0.0918346) 0.156504 (5.99563,1.71825) 1.52533 0.0919682 (2.82976,0.40468) (0.160954,-0.0292414) 0.135491 (2.79349,0.724958) (0.173282,-0.0373519) 0.147142 (3.07929,0.873402) (0.244851,-0.16739) 0.174818 (2.96404,1.73868) (0.267014,-0.051805) 0.199016 (2,1.8) (0,0) 0.001 (2,0.3) (0,0) 0.001
3 (4.17644,1.55044) (0.995738,0.0918366) 0.156504 (5.99563,1.71825) 1.52533 0.0919695 (2.86999,0.397326) (0.160922,-0.0294152) 0.135491 (2.83783,0.715572) (0.177354,-0.0375447) 0.147142 (3.13992,0.830714) (0.242518,-0.170753) 0.174818 (3.0308,1.72573) (0.267016,-0.0517956) 0.199016 (2,1.8) (0,0) 0.001 (2,0.3) (0,0) 0.001
3.25 (4.42538,1.5734) (0.995738,0.0918206) 0.156504 (5.99563,1.71825) 1.52533 0.0919536 (2.91022,0.389958) (0.160912,-0.029471) 0.135491 (2.87989,0.726723) (0.168232,0.0446042) 0.147142 (3.20004,0.787307) (0.240469,-0.173626) 0.174818 (3.09755,1.71278) (0.267015,-0.0518001) 0.199016 (2,1.8) (0,0) 0.001 (2,0.3) (0,0) 0.001
3.5 (4.67432,1.59637) (0.995769,0.0918726) 0.156504 (5.99563,1.71825) 1.52533 0.0920025 (2.95047,0.382713) (0.161001,-0.0289816) 0.135491 (2.92709,0.739839) (0.1888,0.0524668) 0.147142 (3.26016,0.743901) (0.240471,-0.173625) 0.174818 (3.1643,1.69983) (0.267014,-0.0518088) 0.199016 (2,1.8) (0,0) 0.001 (2,0.3) (0,0) 0.001
3.75 (4.92326,1.61933) (0.995775,0.0918714) 0.156504 (5.99563,1.71825) 1.52533 0.0920008 (2.99072,0.375473) (0.161005,-0.0289581) 0.135491 (2.97429,0.752955) (0.188802,0.0524609) 0.147142 (3.32027,0.700486) (0.240446,-0.173659) 0.174818 (3.23106,1.68688) (0.267016,-0.0517967) 0.199016 (2,1.8) (0,0) 0.001 (2,0.3) (0,0) 0.001
4 (5.17221,1.64229) (0.99577,0.0918257) 0.156504 (5.99563,1.71825) 1.52533 0.0919557 (3.03097,0.36823) (0.161003,-0.0289714) 0.135491 (3.02149,0.766073) (0.188798,0.0524729) 0.147142 (3.38038,0.657074) (0.240453,-0.173648) 0.174818 (3.29781,1.67393) (0.267017,-0.0517942) 0.199016 (2,1.8) (0,0) 0.001 (2,0.3) (0,0) 0.001
4.25 (5.37806,1.66127) (0.823418,0.0759267) 0.156504 (5.99563,1.71825) 1.52533 0.0919492 (3.07123,0.36099) (0.161005,-0.0289598) 0.135491 (3.06869,0.779193) (0.188796,0.0524811) 0.147142 (3.4405,0.61366) (0.240449,-0.173655) 0.174818 (3.36457,1.66098) (0.267016,-0.0517967) 0.199016 (2,1.8) (0,0) 0.001 (2,0.3) (0,0) 0.001
4.5 (5.53244,1.67554) (0.617525,0.0570496) 0.156504 (5.99563,1.71825) 1.52533 0.0921229 (3.11148,0.353751) (0.161005,-0.0289574) 0.135491 (3.11589,0.79231) (0.1888,0.0524691) 0.147142 (3.50061,0.570254) (0.240471,-0.173624) 0.174818 (3.43132,1.64803) (0.267013,-0.0518128) 0.199016 (2,1.8) (0,0) 0.001 (2,0.3) (0,0) 0.001
