[[(7.0, 6.0), (0, 6.0), (0, 5.0), (7.0, 5.0)], [(7.0, 1.0), (0, 1.0), (0, 0), (7.0, 0)]]
timestamp position0 velocity0 radius0 heading0 goal pref_speed theta position1 velocity1 radius1 heading1 position2 velocity2 radius2 heading2 position3 velocity3 radius3 heading3 position4 velocity4 radius4 heading4 position5 velocity5 radius5 heading5 position6 velocity6 radius6 heading6 
0.0 (6.0,3.494652509689331) (0.0,0.0) 0.5 -0.34871472269852516 (10.0,2.6413552485320433) 3.0 0.0 (7.011350631713867,1.5) (0.0,0.0) 0.5 -0.2495402908243903 (8.475111961364746,2.5) (0.0,0.0) 0.5 0.3866170506981794 (7.254903316497803,3.5) (0.0,0.0) 0.5 0.10128108895942822 (8.424346923828125,4.5) (0.0,0.0) 0.5 -0.16958642993312376 (6.0,5.0) (0,0) 1e-07 -0.34871472269852516 (6.0,1.0) (0,0) 1e-07 -0.34871472269852516 
1.0 (5.974080562591553,3.286273241043091) (-0.02591937780380249,-0.20837923884391785) 0.5 -0.34871472269852516 (10.0,2.6413552485320433) 3.0 -1.6945463334217528 (7.486664295196533,1.489184021949768) (0.47531384229660034,-0.010816022753715515) 0.5 -0.2495402908243903 (9.09579086303711,2.1763370037078857) (0.6206789016723633,-0.32366299629211426) 0.5 0.3866170506981794 (7.6190104484558105,3.4886460304260254) (0.36410731077194214,-0.011353880167007446) 0.5 0.10128108895942822 (9.089338302612305,4.718600749969482) (0.664991557598114,0.21860052645206451) 0.5 -0.16958642993312376 (5.974080562591553,5.0) (0,0) 1e-07 -0.34871472269852516 (5.974080562591553,1.0) (0,0) 1e-07 -0.34871472269852516 
2.0 (6.466325283050537,3.0931010246276855) (0.49224478006362915,-0.19317221641540527) 0.5 -0.34871472269852516 (10.0,2.6413552485320433) 3.0 -0.373964580697242 (8.140628814697266,1.2395226955413818) (0.6539642214775085,-0.24966135621070862) 0.5 -0.2495402908243903 (9.716469764709473,1.8526740074157715) (0.6206789016723633,-0.32366299629211426) 0.5 0.3866170506981794 (8.30777359008789,3.613567352294922) (0.6887631416320801,0.12492121011018753) 0.5 0.10128108895942822 (9.754329681396484,4.937201023101807) (0.664991557598114,0.21860043704509735) 0.5 -0.16958642993312376 (6.466325283050537,5.0) (0,0) 1e-07 -0.34871472269852516 (6.466325283050537,1.0) (0,0) 1e-07 -0.34871472269852516 
3.0 (7.4439826011657715,3.09150767326355) (0.9776571989059448,-0.001593276858329773) 0.5 -0.34871472269852516 (10.0,2.6413552485320433) 3.0 -0.001629687225333041 (8.79459285736084,0.9898613095283508) (0.6539642214775085,-0.2496613711118698) 0.5 -0.2495402908243903 (10.337148666381836,1.5290110111236572) (0.6206789016723633,-0.32366299629211426) 0.5 0.3866170506981794 (8.996536254882812,3.7384884357452393) (0.6887631416320801,0.12492116540670395) 0.5 0.10128108895942822 (10.419321060180664,5.155801296234131) (0.6649916172027588,0.21860049664974213) 0.5 -0.16958642993312376 (7.0,5.0) (0,0) 1e-07 -0.34871472269852516 (7.0,1.0) (0,0) 1e-07 -0.34871472269852516 
4.0 (8.129233360290527,3.0740349292755127) (0.685250461101532,-0.01747281849384308) 0.5 -0.34871472269852516 (10.0,2.6413552485320433) 3.0 -0.02549291710354414 (9.448556900024414,0.7401999831199646) (0.6539642214775085,-0.24966134130954742) 0.5 -0.2495402908243903 (10.9578275680542,1.205348014831543) (0.6206788420677185,-0.32366296648979187) 0.5 0.3866170506981794 (9.685298919677734,3.8634095191955566) (0.6887631416320801,0.12492118775844574) 0.5 0.10128108895942822 (11.084312438964844,5.374402046203613) (0.664991557598114,0.21860060095787048) 0.5 -0.16958642993312376 (7.0,5.0) (0,0) 1e-07 -0.34871472269852516 (7.0,1.0) (0,0) 1e-07 -0.34871472269852516 
5.0 (8.603363037109375,2.994191884994507) (0.4741300046443939,-0.0798429548740387) 0.5 -0.34871472269852516 (10.0,2.6413552485320433) 3.0 -0.16683358516710953 (10.077737808227539,0.5) (0.6291812658309937,-0.2401999831199646) 0.5 -0.2495402908243903 (11.351616859436035,1.0) (0.39378973841667175,-0.20534801483154297) 0.5 0.3866170506981794 (10.374061584472656,3.988330602645874) (0.6887631416320801,0.12492119520902634) 0.5 0.10128108895942822 (11.466386795043945,5.5) (0.3820745050907135,0.12559795379638672) 0.5 -0.16958642993312376 (7.0,5.0) (0,0) 1e-07 -0.34871472269852516 (7.0,1.0) (0,0) 1e-07 -0.34871472269852516 
6.0 (9.14478588104248,2.914541244506836) (0.541422426700592,-0.07965072989463806) 0.5 -0.34871472269852516 (10.0,2.6413552485320433) 3.0 -0.14606610487364025 (10.077737808227539,0.5) (3.452729231412377e-07,0.0) 0.5 -0.2495402908243903 (11.504528045654297,1.0787534713745117) (0.15291084349155426,0.07875341176986694) 0.5 0.3866170506981794 (10.438401222229004,4.0) (0.0643400028347969,0.011669397354125977) 0.5 0.10128108895942822 (11.466386795043945,5.5) (1.3694507572381553e-07,0.0) 0.5 -0.16958642993312376 (7.0,5.0) (0,0) 1e-07 -0.34871472269852516 (7.0,1.0) (0,0) 1e-07 -0.34871472269852516 
7.0 (9.974120140075684,2.8982150554656982) (0.8293342590332031,-0.01632627844810486) 0.5 -0.34871472269852516 (10.0,2.6413552485320433) 3.0 -0.019683462655088017 (10.077737808227539,0.5) (3.452729231412377e-07,0.0) 0.5 -0.2495402908243903 (11.351616859436035,1.0) (-0.1529107391834259,-0.07875347137451172) 0.5 0.3866170506981794 (10.438401222229004,4.0) (3.629409661698446e-07,0.0) 0.5 0.10128108895942822 (11.466386795043945,5.5) (1.3694507572381553e-07,0.0) 0.5 -0.16958642993312376 (7.0,5.0) (0,0) 1e-07 -0.34871472269852516 (7.0,1.0) (0,0) 1e-07 -0.34871472269852516 
