[[(7.0, 6.0), (0, 6.0), (0, 5.0), (7.0, 5.0)], [(7.0, 1.0), (0, 1.0), (0, 0), (7.0, 0)]]
timestamp position0 velocity0 radius0 heading0 goal pref_speed theta position1 velocity1 radius1 heading1 position2 velocity2 radius2 heading2 position3 velocity3 radius3 heading3 position4 velocity4 radius4 heading4 position5 velocity5 radius5 heading5 position6 velocity6 radius6 heading6 
0.0 (6.0,3.4919183254241943) (0.0,0.0) 0.5 -0.3838182416744286 (10.0,2.545593044624508) 3.0 0.0 (7.477624893188477,1.5) (0.0,0.0) 0.5 -0.09104410216966169 (8.375452041625977,2.5) (0.0,0.0) 0.5 -0.12719479973545716 (7.27615213394165,3.5) (0.0,0.0) 0.5 0.14443156070420693 (8.158914566040039,4.5) (0.0,0.0) 0.5 -0.22447113454757414 (6.0,5.0) (0,0) 1e-07 -0.3838182416744286 (6.0,1.0) (0,0) 1e-07 -0.3838182416744286 
1.0 (5.924636363983154,3.2755000591278076) (-0.07536345720291138,-0.21641835570335388) 0.5 -0.3838182416744286 (10.0,2.545593044624508) 3.0 -1.9058938234059006 (8.097411155700684,1.1746309995651245) (0.619786262512207,-0.3253690004348755) 0.5 -0.09104410216966169 (9.008156776428223,2.200525999069214) (0.6327047944068909,-0.2994740903377533) 0.5 -0.12719479973545716 (7.570731163024902,3.4626450538635254) (0.29457908868789673,-0.03735494613647461) 0.5 0.14443156070420693 (8.822023391723633,4.724247455596924) (0.6631086468696594,0.22424735128879547) 0.5 -0.22447113454757414 (5.924636363983154,5.0) (0,0) 1e-07 -0.3838182416744286 (5.924636363983154,1.0) (0,0) 1e-07 -0.3838182416744286 
2.0 (6.355958938598633,3.1095030307769775) (0.4313228130340576,-0.16599704325199127) 0.5 -0.3838182416744286 (10.0,2.545593044624508) 3.0 -0.36738316410137345 (8.766683578491211,0.9695120453834534) (0.6692728996276855,-0.20511896908283234) 0.5 -0.09104410216966169 (9.640861511230469,1.9010519981384277) (0.6327046751976013,-0.2994740605354309) 0.5 -0.12719479973545716 (8.25680160522461,3.6015961170196533) (0.686070442199707,0.13895101845264435) 0.5 0.14443156070420693 (9.485132217407227,4.948494911193848) (0.6631087064743042,0.22424735128879547) 0.5 -0.22447113454757414 (6.355958938598633,5.0) (0,0) 1e-07 -0.3838182416744286 (6.355958938598633,1.0) (0,0) 1e-07 -0.3838182416744286 
3.0 (7.294874668121338,3.1138648986816406) (0.9389156103134155,0.004361972212791443) 0.5 -0.3838182416744286 (10.0,2.545593044624508) 3.0 0.004645721919776797 (9.435956001281738,0.7643930912017822) (0.6692728400230408,-0.20511892437934875) 0.5 -0.09104410216966169 (10.273566246032715,1.601577877998352) (0.6327046751976013,-0.2994740903377533) 0.5 -0.12719479973545716 (8.942872047424316,3.7405471801757812) (0.6860703825950623,0.13895100355148315) 0.5 0.14443156070420693 (10.14824104309082,5.1727423667907715) (0.6631086468696594,0.2242473065853119) 0.5 -0.22447113454757414 (7.0,5.0) (0,0) 1e-07 -0.3838182416744286 (7.0,1.0) (0,0) 1e-07 -0.3838182416744286 
4.0 (7.933483123779297,3.0788700580596924) (0.638608455657959,-0.034994788467884064) 0.5 -0.3838182416744286 (10.0,2.545593044624508) 3.0 -0.05474375228883526 (10.105228424072266,0.5592742562294006) (0.6692728996276855,-0.2051188200712204) 0.5 -0.09104410216966169 (10.906270980834961,1.3021037578582764) (0.6327047944068909,-0.2994741201400757) 0.5 -0.12719479973545716 (9.628942489624023,3.879498243331909) (0.6860703825950623,0.13895097374916077) 0.5 0.14443156070420693 (10.811349868774414,5.396989822387695) (0.6631087064743042,0.22424724698066711) 0.5 -0.22447113454757414 (7.0,5.0) (0,0) 1e-07 -0.3838182416744286 (7.0,1.0) (0,0) 1e-07 -0.3838182416744286 
5.0 (8.265043258666992,2.9653642177581787) (0.3315603733062744,-0.11350592970848083) 0.5 -0.3838182416744286 (10.0,2.545593044624508) 3.0 -0.32983332413771516 (10.298632621765137,0.5) (0.19340384006500244,-0.059274256229400635) 0.5 -0.09104410216966169 (11.538975715637207,1.0026297569274902) (0.6327047348022461,-0.2994740605354309) 0.5 -0.12719479973545716 (10.223919868469238,4.0) (0.5949777364730835,0.12050175666809082) 0.5 0.14443156070420693 (11.11595630645752,5.5) (0.30460602045059204,0.10301017761230469) 0.5 -0.22447113454757414 (7.0,5.0) (0,0) 1e-07 -0.3838182416744286 (7.0,1.0) (0,0) 1e-07 -0.3838182416744286 
6.0 (8.930008888244629,2.8770954608917236) (0.6649658679962158,-0.08826880156993866) 0.5 -0.3838182416744286 (10.0,2.545593044624508) 3.0 -0.13197033863229632 (10.298632621765137,0.5) (-3.5540759313335e-07,0.0) 0.5 -0.09104410216966169 (11.765645980834961,1.0345473289489746) (0.22667045891284943,0.0319175124168396) 0.5 -0.12719479973545716 (10.223919868469238,4.0) (3.794452538841142e-07,0.0) 0.5 0.14443156070420693 (11.11595630645752,5.5) (-4.229135299738118e-07,0.0) 0.5 -0.22447113454757414 (7.0,5.0) (0,0) 1e-07 -0.3838182416744286 (7.0,1.0) (0,0) 1e-07 -0.3838182416744286 
7.0 (9.868667602539062,2.852194309234619) (0.9386587142944336,-0.024901248514652252) 0.5 -0.3838182416744286 (10.0,2.545593044624508) 3.0 -0.0265223228315044 (10.298632621765137,0.5) (-3.5540759313335e-07,0.0) 0.5 -0.09104410216966169 (11.594598770141602,1.0167453289031982) (-0.17104746401309967,-0.01780204474925995) 0.5 -0.12719479973545716 (10.223919868469238,4.0) (3.794452538841142e-07,0.0) 0.5 0.14443156070420693 (11.11595630645752,5.5) (-4.229135299738118e-07,0.0) 0.5 -0.22447113454757414 (7.0,5.0) (0,0) 1e-07 -0.3838182416744286 (7.0,1.0) (0,0) 1e-07 -0.3838182416744286 
