[[(7.0, 6.0), (0, 6.0), (0, 5.0), (7.0, 5.0)], [(7.0, 1.0), (0, 1.0), (0, 0), (7.0, 0)]]
timestamp position0 velocity0 radius0 heading0 goal pref_speed theta position1 velocity1 radius1 heading1 position2 velocity2 radius2 heading2 position3 velocity3 radius3 heading3 position4 velocity4 radius4 heading4 position5 velocity5 radius5 heading5 position6 velocity6 radius6 heading6 
0.0 (6.0,2.8465511798858643) (0.0,0.0) 0.5 -0.04605601393187858 (10.0,3.3628988307614076) 3.0 0.0 (7.125126361846924,1.5) (0.0,0.0) 0.5 0.20422306327128625 (8.294260025024414,2.5) (0.0,0.0) 0.5 0.39095177975513584 (7.351565361022949,3.5) (0.0,0.0) 0.5 -0.25430127179547224 (8.414411544799805,4.5) (0.0,0.0) 0.5 0.0010278666443359619 (6.0,5.0) (0,0) 1e-07 -0.04605601393187858 (6.0,1.0) (0,0) 1e-07 -0.04605601393187858 
1.0 (6.310925006866455,2.7792258262634277) (0.3109249770641327,-0.0673254057765007) 0.5 -0.04605601393187858 (10.0,3.3628988307614076) 3.0 -0.2132406205483665 (7.5793561935424805,1.3831487894058228) (0.45423001050949097,-0.11685116589069366) 0.5 0.20422306327128625 (8.92692756652832,2.2004477977752686) (0.6326677799224854,-0.29955217242240906) 0.5 0.39095177975513584 (7.646921157836914,3.5212385654449463) (0.2953557074069977,0.021238654851913452) 0.5 -0.25430127179547224 (9.082019805908203,4.710473537445068) (0.667608380317688,0.2104734629392624) 0.5 0.0010278666443359619 (6.310925006866455,5.0) (0,0) 1e-07 -0.04605601393187858 (6.310925006866455,1.0) (0,0) 1e-07 -0.04605601393187858 
2.0 (6.902662754058838,2.7912843227386475) (0.591737687587738,0.012058444321155548) 0.5 -0.04605601393187858 (10.0,3.3628988307614076) 3.0 0.02037520314247616 (8.2412748336792,1.1554112434387207) (0.6619182229042053,-0.22773750126361847) 0.5 0.20422306327128625 (9.559595108032227,1.9008957147598267) (0.6326677799224854,-0.2995521128177643) 0.5 0.39095177975513584 (8.336965560913086,3.6388750076293945) (0.690044641494751,0.11763636767864227) 0.5 -0.25430127179547224 (9.749628067016602,4.920947074890137) (0.667608380317688,0.21047343313694) 0.5 0.0010278666443359619 (6.902662754058838,5.0) (0,0) 1e-07 -0.04605601393187858 (6.902662754058838,1.0) (0,0) 1e-07 -0.04605601393187858 
3.0 (7.504054546356201,2.8246467113494873) (0.6013917326927185,0.03336240351200104) 0.5 -0.04605601393187858 (10.0,3.3628988307614076) 3.0 0.055418523997305985 (8.903192520141602,0.9276736974716187) (0.6619181632995605,-0.22773751616477966) 0.5 0.20422306327128625 (10.192262649536133,1.6013436317443848) (0.6326677799224854,-0.2995520830154419) 0.5 0.39095177975513584 (9.027009963989258,3.7565114498138428) (0.690044641494751,0.11763633042573929) 0.5 -0.25430127179547224 (10.417236328125,5.131420612335205) (0.6676083207130432,0.21047337353229523) 0.5 0.0010278666443359619 (7.0,5.0) (0,0) 1e-07 -0.04605601393187858 (7.0,1.0) (0,0) 1e-07 -0.04605601393187858 
4.0 (8.179288864135742,2.8553848266601562) (0.6752345561981201,0.030738208442926407) 0.5 -0.04605601393187858 (10.0,3.3628988307614076) 3.0 0.04549086214414224 (9.56511116027832,0.6999362707138062) (0.6619181632995605,-0.2277374118566513) 0.5 0.20422306327128625 (10.824930191040039,1.3017915487289429) (0.6326678395271301,-0.2995520532131195) 0.5 0.39095177975513584 (9.71705436706543,3.874147653579712) (0.690044641494751,0.11763626337051392) 0.5 -0.25430127179547224 (11.084844589233398,5.341894149780273) (0.667608380317688,0.21047329902648926) 0.5 0.0010278666443359619 (7.0,5.0) (0,0) 1e-07 -0.04605601393187858 (7.0,1.0) (0,0) 1e-07 -0.04605601393187858 
5.0 (8.925408363342285,2.902867555618286) (0.7461193799972534,0.04748263582587242) 0.5 -0.04605601393187858 (10.0,3.3628988307614076) 3.0 0.06355375715193867 (10.146224975585938,0.5) (0.5811136960983276,-0.19993627071380615) 0.5 0.20422306327128625 (11.457597732543945,1.00223970413208) (0.6326678991317749,-0.29955190420150757) 0.5 0.39095177975513584 (10.407098770141602,3.991783857345581) (0.6900447607040405,0.1176362931728363) 0.5 -0.25430127179547224 (11.586347579956055,5.5) (0.5015029907226562,0.15810585021972656) 0.5 0.0010278666443359619 (7.0,5.0) (0,0) 1e-07 -0.04605601393187858 (7.0,1.0) (0,0) 1e-07 -0.04605601393187858 
6.0 (9.69286060333252,2.9476914405822754) (0.7674524784088135,0.04482376575469971) 0.5 -0.04605601393187858 (10.0,3.3628988307614076) 3.0 0.058339640181438376 (10.146224975585938,0.5) (-9.13567390625758e-08,0.0) 0.5 0.20422306327128625 (11.757136344909668,1.0870896577835083) (0.29953858256340027,0.08484995365142822) 0.5 0.39095177975513584 (10.570420265197754,4.093601226806641) (0.16332104802131653,0.10181719064712524) 0.5 -0.25430127179547224 (11.586347579956055,5.5) (8.229260828329643e-09,0.0) 0.5 0.0010278666443359619 (7.0,5.0) (0,0) 1e-07 -0.04605601393187858 (7.0,1.0) (0,0) 1e-07 -0.04605601393187858 
7.0 (10.657052040100098,3.0417864322662354) (0.9641910195350647,0.09409494698047638) 0.5 -0.04605601393187858 (10.0,3.3628988307614076) 3.0 0.09728148185571722 (10.146224975585938,0.5) (-9.13567390625758e-08,0.0) 0.5 0.20422306327128625 (11.56151294708252,1.0348849296569824) (-0.19562357664108276,-0.05220472067594528) 0.5 0.39095177975513584 (10.485323905944824,4.1321120262146) (-0.08509644865989685,0.03851093724370003) 0.5 -0.25430127179547224 (11.586347579956055,5.5) (8.229260828329643e-09,0.0) 0.5 0.0010278666443359619 (7.0,5.0) (0,0) 1e-07 -0.04605601393187858 (7.0,1.0) (0,0) 1e-07 -0.04605601393187858 
