[[(7.0, 6.0), (0, 6.0), (0, 5.0), (7.0, 5.0)], [(7.0, 1.0), (0, 1.0), (0, 0), (7.0, 0)]]
timestamp position0 velocity0 radius0 heading0 goal pref_speed theta position1 velocity1 radius1 heading1 position2 velocity2 radius2 heading2 position3 velocity3 radius3 heading3 position4 velocity4 radius4 heading4 position5 velocity5 radius5 heading5 position6 velocity6 radius6 heading6 
0.0 (6.0,2.884596109390259) (0.0,0.0) 0.5 -0.362386606662788 (10.0,3.421132756017375) 3.0 0.0 (7.482076644897461,1.5) (0.0,0.0) 0.5 -0.1882313479373288 (8.43804931640625,2.5) (0.0,0.0) 0.5 0.29260568317164926 (7.057352066040039,3.5) (0.0,0.0) 0.5 -0.2386818267196473 (8.359400749206543,4.5) (0.0,0.0) 0.5 0.19311180067181766 (6.0,5.0) (0,0) 1e-07 -0.362386606662788 (6.0,1.0) (0,0) 1e-07 -0.362386606662788 
1.0 (6.212349891662598,2.741807460784912) (0.2123500555753708,-0.14278863370418549) 0.5 -0.362386606662788 (10.0,3.421132756017375) 3.0 -0.5919757898376445 (8.1011962890625,1.1733644008636475) (0.6191197037696838,-0.32663559913635254) 0.5 -0.1882313479373288 (9.060470581054688,2.179701328277588) (0.6224216818809509,-0.32029879093170166) 0.5 0.29260568317164926 (7.477651596069336,3.479541540145874) (0.4202997088432312,-0.02045847475528717) 0.5 -0.2386818267196473 (9.022485733032227,4.72431755065918) (0.6630849838256836,0.22431735694408417) 0.5 0.19311180067181766 (6.212349891662598,5.0) (0,0) 1e-07 -0.362386606662788 (6.212349891662598,1.0) (0,0) 1e-07 -0.362386606662788 
2.0 (6.768908977508545,2.709500312805176) (0.5565590262413025,-0.03230709582567215) 0.5 -0.362386606662788 (10.0,3.421132756017375) 3.0 -0.05798285640141092 (8.7770414352417,0.9910631775856018) (0.6758448481559753,-0.18230123817920685) 0.5 -0.1882313479373288 (9.682891845703125,1.8594025373458862) (0.6224216222763062,-0.3202987611293793) 0.5 0.29260568317164926 (8.16183090209961,3.6275248527526855) (0.6841790676116943,0.14798331260681152) 0.5 -0.2386818267196473 (9.68557071685791,4.948634624481201) (0.6630849838256836,0.2243172824382782) 0.5 0.19311180067181766 (6.768908977508545,5.0) (0,0) 1e-07 -0.362386606662788 (6.768908977508545,1.0) (0,0) 1e-07 -0.362386606662788 
3.0 (7.423068523406982,2.7550578117370605) (0.654159426689148,0.04555753991007805) 0.5 -0.362386606662788 (10.0,3.421132756017375) 3.0 0.06953060420922354 (9.452886581420898,0.8087618947029114) (0.6758448481559753,-0.18230126798152924) 0.5 -0.1882313479373288 (10.305313110351562,1.5391038656234741) (0.6224216818809509,-0.3202987015247345) 0.5 0.29260568317164926 (8.846010208129883,3.775508165359497) (0.6841790080070496,0.14798331260681152) 0.5 -0.2386818267196473 (10.348655700683594,5.172952175140381) (0.6630849838256836,0.22431738674640656) 0.5 0.19311180067181766 (7.0,5.0) (0,0) 1e-07 -0.362386606662788 (7.0,1.0) (0,0) 1e-07 -0.362386606662788 
4.0 (8.033992767333984,2.7901864051818848) (0.6109241843223572,0.03512847423553467) 0.5 -0.362386606662788 (10.0,3.421132756017375) 3.0 0.05743729994087044 (10.127832412719727,0.6231603026390076) (0.6749459505081177,-0.185601606965065) 0.5 -0.1882313479373288 (10.92910099029541,1.2214746475219727) (0.6237881779670715,-0.3176291584968567) 0.5 0.29260568317164926 (9.530189514160156,3.9234914779663086) (0.6841790080070496,0.1479833424091339) 0.5 -0.2386818267196473 (11.011740684509277,5.397269248962402) (0.6630851030349731,0.2243172824382782) 0.5 0.19311180067181766 (7.0,5.0) (0,0) 1e-07 -0.362386606662788 (7.0,1.0) (0,0) 1e-07 -0.362386606662788 
5.0 (8.672399520874023,2.826404333114624) (0.6384070515632629,0.036217838525772095) 0.5 -0.362386606662788 (10.0,3.421132756017375) 3.0 0.056670830834832625 (10.59755802154541,0.5) (0.46972572803497314,-0.12316030263900757) 0.5 -0.1882313479373288 (11.484037399291992,1.0972139835357666) (0.5549360513687134,-0.12426060438156128) 0.5 0.29260568317164926 (9.883914947509766,4.0) (0.3537253141403198,0.0765085220336914) 0.5 -0.2386818267196473 (11.315413475036621,5.5) (0.30367302894592285,0.10273075103759766) 0.5 0.19311180067181766 (7.0,5.0) (0,0) 1e-07 -0.362386606662788 (7.0,1.0) (0,0) 1e-07 -0.362386606662788 
6.0 (9.386693954467773,2.8717095851898193) (0.7142940163612366,0.04530522972345352) 0.5 -0.362386606662788 (10.0,3.421132756017375) 3.0 0.06334173551864705 (10.59755802154541,0.5) (1.2244977654063405e-07,0.0) 0.5 -0.1882313479373288 (11.779667854309082,1.2617965936660767) (0.29563066363334656,0.16458261013031006) 0.5 0.29260568317164926 (9.891098976135254,4.009408950805664) (0.007183864712715149,0.009408935904502869) 0.5 -0.2386818267196473 (11.315413475036621,5.5) (2.332367898816301e-07,0.0) 0.5 0.19311180067181766 (7.0,5.0) (0,0) 1e-07 -0.362386606662788 (7.0,1.0) (0,0) 1e-07 -0.362386606662788 
7.0 (10.142662048339844,2.928453207015991) (0.7559681534767151,0.05674367398023605) 0.5 -0.362386606662788 (10.0,3.421132756017375) 3.0 0.07492043837052828 (10.59755802154541,0.5) (1.2244977654063405e-07,0.0) 0.5 -0.1882313479373288 (11.748156547546387,1.247763991355896) (-0.031511079519987106,-0.014032654464244843) 0.5 0.29260568317164926 (9.883914947509766,4.0) (-0.0071841576136648655,-0.009408950805664062) 0.5 -0.2386818267196473 (11.315413475036621,5.5) (2.332367898816301e-07,0.0) 0.5 0.19311180067181766 (7.0,5.0) (0,0) 1e-07 -0.362386606662788 (7.0,1.0) (0,0) 1e-07 -0.362386606662788 
