[[(7.0, 6.0), (0, 6.0), (0, 5.0), (7.0, 5.0)], [(7.0, 1.0), (0, 1.0), (0, 0), (7.0, 0)]]
timestamp position0 velocity0 radius0 heading0 goal pref_speed theta position1 velocity1 radius1 heading1 position2 velocity2 radius2 heading2 position3 velocity3 radius3 heading3 position4 velocity4 radius4 heading4 position5 velocity5 radius5 heading5 position6 velocity6 radius6 heading6 
0.0 (6.0,2.532958507537842) (0.0,0.0) 0.5 -0.1512167791174454 (10.0,3.3921859699978105) 3.0 0.0 (7.107107162475586,1.5) (0.0,0.0) 0.5 0.19133596774715678 (8.4700927734375,2.5) (0.0,0.0) 0.5 -0.013070921104786748 (7.251235485076904,3.5) (0.0,0.0) 0.5 0.34946724530589135 (8.443236351013184,4.5) (0.0,0.0) 0.5 -0.14929468883355934 (6.0,5.0) (0,0) 1e-07 -0.1512167791174454 (6.0,1.0) (0,0) 1e-07 -0.1512167791174454 
1.0 (6.3602375984191895,2.5422117710113525) (0.3602375388145447,0.009253278374671936) 0.5 -0.1512167791174454 (10.0,3.3921859699978105) 3.0 0.02568095513117491 (7.617168426513672,1.3884174823760986) (0.5100614428520203,-0.11158256232738495) 0.5 0.19133596774715678 (9.103495597839355,2.202005624771118) (0.6334030032157898,-0.29799431562423706) 0.5 -0.013070921104786748 (7.619150638580322,3.4939210414886475) (0.3679153025150299,-0.006078958511352539) 0.5 0.34946724530589135 (9.105936050415039,4.725451946258545) (0.6627000570297241,0.22545206546783447) 0.5 -0.14929468883355934 (6.3602375984191895,5.0) (0,0) 1e-07 -0.1512167791174454 (6.3602375984191895,1.0) (0,0) 1e-07 -0.1512167791174454 
2.0 (6.968063831329346,2.5716612339019775) (0.6078261733055115,0.02944939211010933) 0.5 -0.1512167791174454 (10.0,3.3921859699978105) 3.0 0.04841249402695216 (8.2816743850708,1.1683440208435059) (0.6645055413246155,-0.2200734168291092) 0.5 0.19133596774715678 (9.736898422241211,1.9040113687515259) (0.6334030628204346,-0.2979942858219147) 0.5 -0.013070921104786748 (8.307787895202637,3.6195366382598877) (0.688636839389801,0.12561558187007904) 0.5 0.34946724530589135 (9.768635749816895,4.95090389251709) (0.6627000570297241,0.22545206546783447) 0.5 -0.14929468883355934 (6.968063831329346,5.0) (0,0) 1e-07 -0.1512167791174454 (6.968063831329346,1.0) (0,0) 1e-07 -0.1512167791174454 
3.0 (7.5089311599731445,2.6047449111938477) (0.5408672094345093,0.03308360278606415) 0.5 -0.1512167791174454 (10.0,3.3921859699978105) 3.0 0.06109158396104748 (8.94618034362793,0.9482705593109131) (0.6645055413246155,-0.22007346153259277) 0.5 0.19133596774715678 (10.370301246643066,1.6060171127319336) (0.633402943611145,-0.2979942858219147) 0.5 -0.013070921104786748 (8.996424674987793,3.745152235031128) (0.688636839389801,0.12561561167240143) 0.5 0.34946724530589135 (10.43133544921875,5.176355838775635) (0.6627000570297241,0.22545208036899567) 0.5 -0.14929468883355934 (7.0,5.0) (0,0) 1e-07 -0.1512167791174454 (7.0,1.0) (0,0) 1e-07 -0.1512167791174454 
4.0 (8.14278793334961,2.6400580406188965) (0.633857250213623,0.03531307727098465) 0.5 -0.1512167791174454 (10.0,3.3921859699978105) 3.0 0.05565387269778689 (9.610686302185059,0.7281970381736755) (0.6645055413246155,-0.22007350623607635) 0.5 0.19133596774715678 (11.003704071044922,1.3080228567123413) (0.6334030628204346,-0.2979942858219147) 0.5 -0.013070921104786748 (9.68506145477295,3.870767831802368) (0.6886368989944458,0.12561562657356262) 0.5 0.34946724530589135 (11.094035148620605,5.40180778503418) (0.6627000570297241,0.22545212507247925) 0.5 -0.14929468883355934 (7.0,5.0) (0,0) 1e-07 -0.1512167791174454 (7.0,1.0) (0,0) 1e-07 -0.1512167791174454 
5.0 (8.87653636932373,2.697012186050415) (0.7337482571601868,0.05695417895913124) 0.5 -0.1512167791174454 (10.0,3.3921859699978105) 3.0 0.07746554374518577 (10.275192260742188,0.5081233978271484) (0.6645055413246155,-0.2200736254453659) 0.5 0.19133596774715678 (11.637106895446777,1.010028600692749) (0.6334030628204346,-0.2979941964149475) 0.5 -0.013070921104786748 (10.373698234558105,3.9963834285736084) (0.6886368989944458,0.12561564147472382) 0.5 0.34946724530589135 (11.38266372680664,5.5) (0.2886287569999695,0.09819221496582031) 0.5 -0.14929468883355934 (7.0,5.0) (0,0) 1e-07 -0.1512167791174454 (7.0,1.0) (0,0) 1e-07 -0.1512167791174454 
6.0 (9.73115062713623,2.8076987266540527) (0.8546144366264343,0.11068654805421829) 0.5 -0.1512167791174454 (10.0,3.3921859699978105) 3.0 0.12879936892505092 (10.29971981048584,0.5) (0.024527987465262413,-0.008123397827148438) 0.5 0.19133596774715678 (11.941819190979004,1.090287208557129) (0.30471208691596985,0.08025860786437988) 0.5 -0.013070921104786748 (10.446629524230957,4.050032138824463) (0.07293090224266052,0.053648486733436584) 0.5 0.34946724530589135 (11.38266372680664,5.5) (1.660284851823235e-07,0.0) 0.5 -0.14929468883355934 (7.0,5.0) (0,0) 1e-07 -0.1512167791174454 (7.0,1.0) (0,0) 1e-07 -0.1512167791174454 
7.0 (10.586713790893555,2.9164650440216064) (0.855562686920166,0.10876636207103729) 0.5 -0.1512167791174454 (10.0,3.3921859699978105) 3.0 0.12645015161969742 (10.29971981048584,0.5) (4.3763918711192673e-07,0.0) 0.5 0.19133596774715678 (11.745224952697754,1.030645728111267) (-0.19659383594989777,-0.0596415214240551) 0.5 -0.013070921104786748 (10.393362045288086,4.0029144287109375) (-0.05326777696609497,-0.04711760953068733) 0.5 0.34946724530589135 (11.38266372680664,5.5) (1.660284851823235e-07,0.0) 0.5 -0.14929468883355934 (7.0,5.0) (0,0) 1e-07 -0.1512167791174454 (7.0,1.0) (0,0) 1e-07 -0.1512167791174454 
