[[(7.0, 6.0), (0, 6.0), (0, 5.0), (7.0, 5.0)], [(7.0, 1.0), (0, 1.0), (0, 0), (7.0, 0)]]
timestamp position0 velocity0 radius0 heading0 goal pref_speed theta position1 velocity1 radius1 heading1 position2 velocity2 radius2 heading2 position3 velocity3 radius3 heading3 position4 velocity4 radius4 heading4 position5 velocity5 radius5 heading5 position6 velocity6 radius6 heading6 
0.0 (6.0,2.8579344749450684) (0.0,0.0) 0.5 -0.3796494710250721 (10.0,2.841501242006358) 3.0 0.0 (7.463517189025879,1.5) (0.0,0.0) 0.5 0.07995753083299884 (8.470128059387207,2.5) (0.0,0.0) 0.5 -0.15932945923025374 (7.10532283782959,3.5) (0.0,0.0) 0.5 0.23766659840895 (8.351080894470215,4.5) (0.0,0.0) 0.5 -0.28136744871317687 (6.0,5.0) (0,0) 1e-07 -0.3796494710250721 (6.0,1.0) (0,0) 1e-07 -0.3796494710250721 
1.0 (6.284969329833984,2.644362211227417) (0.2849695086479187,-0.21357227861881256) 0.5 -0.3796494710250721 (10.0,2.841501242006358) 3.0 -0.643153241092551 (8.082845687866211,1.1737616062164307) (0.6193289756774902,-0.3262384533882141) 0.5 0.07995753083299884 (9.091717720031738,2.1780896186828613) (0.621589720249176,-0.32191038131713867) 0.5 -0.15932945923025374 (7.512358665466309,3.4701528549194336) (0.4070359468460083,-0.029847145080566406) 0.5 0.23766659840895 (9.017777442932129,4.713345050811768) (0.6666961312294006,0.21334511041641235) 0.5 -0.28136744871317687 (6.284969329833984,5.0) (0,0) 1e-07 -0.3796494710250721 (6.284969329833984,1.0) (0,0) 1e-07 -0.3796494710250721 
2.0 (6.956003665924072,2.469251871109009) (0.6710343956947327,-0.1751103401184082) 0.5 -0.3796494710250721 (10.0,2.841501242006358) 3.0 -0.25526316057664605 (8.758354187011719,0.9902167916297913) (0.6755081415176392,-0.1835448294878006) 0.5 0.07995753083299884 (9.71330738067627,1.8561792373657227) (0.6215896606445312,-0.32191038131713867) 0.5 -0.15932945923025374 (8.195989608764648,3.6206464767456055) (0.683631181716919,0.15049372613430023) 0.5 0.23766659840895 (9.684473991394043,4.926690101623535) (0.6666961908340454,0.21334517002105713) 0.5 -0.28136744871317687 (6.956003665924072,5.0) (0,0) 1e-07 -0.3796494710250721 (6.956003665924072,1.0) (0,0) 1e-07 -0.3796494710250721 
3.0 (7.695950508117676,2.5312836170196533) (0.7399470806121826,0.06203177571296692) 0.5 -0.3796494710250721 (10.0,2.841501242006358) 3.0 0.08363715301881136 (9.433862686157227,0.8066719174385071) (0.6755081415176392,-0.18354487419128418) 0.5 0.07995753083299884 (10.3348970413208,1.534268856048584) (0.6215896010398865,-0.3219103217124939) 0.5 -0.15932945923025374 (8.879620552062988,3.7711400985717773) (0.683631181716919,0.15049372613430023) 0.5 0.23766659840895 (10.351170539855957,5.140035152435303) (0.6666961312294006,0.2133452147245407) 0.5 -0.28136744871317687 (7.0,5.0) (0,0) 1e-07 -0.3796494710250721 (7.0,1.0) (0,0) 1e-07 -0.3796494710250721 
4.0 (8.186305046081543,2.518824338912964) (0.4903549551963806,-0.01245928555727005) 0.5 -0.3796494710250721 (10.0,2.841501242006358) 3.0 -0.025403241499121727 (10.109371185302734,0.6231269836425781) (0.6755080819129944,-0.18354491889476776) 0.5 0.07995753083299884 (10.956486701965332,1.2123584747314453) (0.621589720249176,-0.3219103515148163) 0.5 -0.15932945923025374 (9.563251495361328,3.9216339588165283) (0.683631181716919,0.1504938006401062) 0.5 0.23766659840895 (11.017867088317871,5.3533806800842285) (0.6666961312294006,0.21334539353847504) 0.5 -0.28136744871317687 (7.0,5.0) (0,0) 1e-07 -0.3796494710250721 (7.0,1.0) (0,0) 1e-07 -0.3796494710250721 
5.0 (8.664021492004395,2.4990808963775635) (0.47771599888801575,-0.01974347233772278) 0.5 -0.3796494710250721 (10.0,2.841501242006358) 3.0 -0.04130538387866031 (10.562520027160645,0.5) (0.45314911007881165,-0.12312698364257812) 0.5 0.07995753083299884 (11.517440795898438,1.085775375366211) (0.5609539747238159,-0.12658314406871796) 0.5 -0.15932945923025374 (9.91923713684082,4.0) (0.35598519444465637,0.07836604118347168) 0.5 0.23766659840895 (11.476046562194824,5.5) (0.45817968249320984,0.14661931991577148) 0.5 -0.28136744871317687 (7.0,5.0) (0,0) 1e-07 -0.3796494710250721 (7.0,1.0) (0,0) 1e-07 -0.3796494710250721 
6.0 (9.184318542480469,2.4855785369873047) (0.5202973484992981,-0.013502418994903564) 0.5 -0.3796494710250721 (10.0,2.841501242006358) 3.0 -0.025945527280361026 (10.562520027160645,0.5) (2.6150038934247277e-07,0.0) 0.5 0.07995753083299884 (11.803942680358887,1.2396754026412964) (0.28650230169296265,0.15389998257160187) 0.5 -0.15932945923025374 (9.91923713684082,4.0) (-4.520036895883095e-07,0.0) 0.5 0.23766659840895 (11.476046562194824,5.5) (2.1005627104386804e-07,0.0) 0.5 -0.28136744871317687 (7.0,5.0) (0,0) 1e-07 -0.3796494710250721 (7.0,1.0) (0,0) 1e-07 -0.3796494710250721 
7.0 (9.943297386169434,2.524440288543701) (0.7589784860610962,0.038861747831106186) 0.5 -0.3796494710250721 (10.0,2.841501242006358) 3.0 0.05115802407000694 (10.562520027160645,0.5) (2.6150038934247277e-07,0.0) 0.5 0.07995753083299884 (11.745110511779785,1.2214000225067139) (-0.05883229896426201,-0.01827533356845379) 0.5 -0.15932945923025374 (9.91923713684082,4.0) (-4.520036895883095e-07,0.0) 0.5 0.23766659840895 (11.476046562194824,5.5) (2.1005627104386804e-07,0.0) 0.5 -0.28136744871317687 (7.0,5.0) (0,0) 1e-07 -0.3796494710250721 (7.0,1.0) (0,0) 1e-07 -0.3796494710250721 
