[[(7.0, 6.0), (0, 6.0), (0, 5.0), (7.0, 5.0)], [(7.0, 1.0), (0, 1.0), (0, 0), (7.0, 0)]]
timestamp position0 velocity0 radius0 heading0 goal pref_speed theta position1 velocity1 radius1 heading1 position2 velocity2 radius2 heading2 position3 velocity3 radius3 heading3 position4 velocity4 radius4 heading4 position5 velocity5 radius5 heading5 position6 velocity6 radius6 heading6 
0.0 (6.0,3.4075310230255127) (0.0,0.0) 0.5 -0.37161631315059646 (10.0,2.626335437864654) 3.0 0.0 (7.332597732543945,1.5) (0.0,0.0) 0.5 0.11263829011723214 (8.316141128540039,2.5) (0.0,0.0) 0.5 0.16430786292502975 (7.447176456451416,3.5) (0.0,0.0) 0.5 0.01252481258454452 (8.112099647521973,4.5) (0.0,0.0) 0.5 0.3740313674467135 (6.0,5.0) (0,0) 1e-07 -0.37161631315059646 (6.0,1.0) (0,0) 1e-07 -0.37161631315059646 
1.0 (6.029778957366943,3.2098405361175537) (0.029779136180877686,-0.19769057631492615) 0.5 -0.37161631315059646 (10.0,2.626335437864654) 3.0 -1.4212853300006154 (7.951742172241211,1.1734108924865723) (0.6191442012786865,-0.32658904790878296) 0.5 0.11263829011723214 (8.936966896057129,2.1766185760498047) (0.6208255887031555,-0.3233815133571625) 0.5 0.16430786292502975 (7.66607666015625,3.475067615509033) (0.2189001441001892,-0.024932436645030975) 0.5 0.01252481258454452 (8.778178215026855,4.715265274047852) (0.6660787463188171,0.2152651697397232) 0.5 0.3740313674467135 (6.029778957366943,5.0) (0,0) 1e-07 -0.37161631315059646 (6.029778957366943,1.0) (0,0) 1e-07 -0.37161631315059646 
2.0 (6.483371257781982,3.0123162269592285) (0.45359236001968384,-0.19752442836761475) 0.5 -0.37161631315059646 (10.0,2.626335437864654) 3.0 -0.4107026409191417 (8.622583389282227,0.9734814763069153) (0.67084139585495,-0.19992941617965698) 0.5 0.11263829011723214 (9.557792663574219,1.8532370328903198) (0.6208255290985107,-0.32338157296180725) 0.5 0.16430786292502975 (8.352921485900879,3.6101396083831787) (0.6868445873260498,0.13507197797298431) 0.5 0.01252481258454452 (9.444256782531738,4.930530548095703) (0.6660786867141724,0.21526511013507843) 0.5 0.3740313674467135 (6.483371257781982,5.0) (0,0) 1e-07 -0.37161631315059646 (6.483371257781982,1.0) (0,0) 1e-07 -0.37161631315059646 
3.0 (7.453878402709961,3.013361930847168) (0.9705072641372681,0.0010455995798110962) 0.5 -0.37161631315059646 (10.0,2.626335437864654) 3.0 0.0010773738784799894 (9.293424606323242,0.7735520601272583) (0.6708414554595947,-0.19992941617965698) 0.5 0.11263829011723214 (10.178618431091309,1.529855489730835) (0.6208255290985107,-0.32338160276412964) 0.5 0.16430786292502975 (9.039766311645508,3.745211601257324) (0.6868445873260498,0.1350719928741455) 0.5 0.01252481258454452 (10.110335350036621,5.145795822143555) (0.6660787463188171,0.21526503562927246) 0.5 0.3740313674467135 (7.0,5.0) (0,0) 1e-07 -0.37161631315059646 (7.0,1.0) (0,0) 1e-07 -0.37161631315059646 
4.0 (8.195428848266602,3.0043652057647705) (0.7415499687194824,-0.008996635675430298) 0.5 -0.37161631315059646 (10.0,2.626335437864654) 3.0 -0.01213160904567165 (9.964265823364258,0.5736227035522461) (0.6708415150642395,-0.199929341673851) 0.5 0.11263829011723214 (10.799444198608398,1.2064738273620605) (0.620825469493866,-0.3233817219734192) 0.5 0.16430786292502975 (9.726611137390137,3.8802835941314697) (0.6868445873260498,0.1350720077753067) 0.5 0.01252481258454452 (10.776413917541504,5.361060619354248) (0.6660788655281067,0.21526490151882172) 0.5 0.3740313674467135 (7.0,5.0) (0,0) 1e-07 -0.37161631315059646 (7.0,1.0) (0,0) 1e-07 -0.37161631315059646 
5.0 (8.671245574951172,2.9282584190368652) (0.4758167862892151,-0.07610681653022766) 0.5 -0.37161631315059646 (10.0,2.626335437864654) 3.0 -0.1586063491217997 (10.211298942565918,0.5) (0.24703334271907806,-0.0736227035522461) 0.5 0.11263829011723214 (11.327279090881348,1.085281252861023) (0.5278347134590149,-0.12119260430335999) 0.5 0.16430786292502975 (10.335371971130371,4.0) (0.6087605953216553,0.11971640586853027) 0.5 0.01252481258454452 (11.206323623657227,5.5) (0.42991015315055847,0.13893938064575195) 0.5 0.3740313674467135 (7.0,5.0) (0,0) 1e-07 -0.37161631315059646 (7.0,1.0) (0,0) 1e-07 -0.37161631315059646 
6.0 (9.26976490020752,2.8542230129241943) (0.5985189080238342,-0.07403531670570374) 0.5 -0.37161631315059646 (10.0,2.626335437864654) 3.0 -0.12307236771733837 (10.211298942565918,0.5) (2.2051116843613272e-07,0.0) 0.5 0.11263829011723214 (11.52620792388916,1.127183437347412) (0.1989283710718155,0.04190213978290558) 0.5 0.16430786292502975 (10.335371971130371,4.0) (-2.6282862108928384e-07,0.0) 0.5 0.01252481258454452 (11.206323623657227,5.5) (4.368518489172857e-07,0.0) 0.5 0.3740313674467135 (7.0,5.0) (0,0) 1e-07 -0.37161631315059646 (7.0,1.0) (0,0) 1e-07 -0.37161631315059646 
7.0 (10.133084297180176,2.842721939086914) (0.8633197546005249,-0.01150115579366684) 0.5 -0.37161631315059646 (10.0,2.626335437864654) 3.0 -0.013321223581192006 (10.211298942565918,0.5) (2.2051116843613272e-07,0.0) 0.5 0.11263829011723214 (11.401559829711914,1.090928316116333) (-0.12464791536331177,-0.03625516965985298) 0.5 0.16430786292502975 (10.335371971130371,4.0) (-2.6282862108928384e-07,0.0) 0.5 0.01252481258454452 (11.206323623657227,5.5) (4.368518489172857e-07,0.0) 0.5 0.3740313674467135 (7.0,5.0) (0,0) 1e-07 -0.37161631315059646 (7.0,1.0) (0,0) 1e-07 -0.37161631315059646 
