[[(7.0, 6.0), (0, 6.0), (0, 5.0), (7.0, 5.0)], [(7.0, 1.0), (0, 1.0), (0, 0), (7.0, 0)]]
timestamp position0 velocity0 radius0 heading0 goal pref_speed theta position1 velocity1 radius1 heading1 position2 velocity2 radius2 heading2 position3 velocity3 radius3 heading3 position4 velocity4 radius4 heading4 position5 velocity5 radius5 heading5 position6 velocity6 radius6 heading6 
0.0 (6.0,2.6249070167541504) (0.0,0.0) 0.5 -0.01925372779887402 (10.0,3.4995786676202347) 3.0 0.0 (7.245604515075684,1.5) (0.0,0.0) 0.5 0.38647484216518113 (8.042062759399414,2.5) (0.0,0.0) 0.5 -0.29491315052612077 (7.340874671936035,3.5) (0.0,0.0) 0.5 -0.13354688191905373 (8.371977806091309,4.5) (0.0,0.0) 0.5 0.021040359477139003 (6.0,5.0) (0,0) 1e-07 -0.01925372779887402 (6.0,1.0) (0,0) 1e-07 -0.01925372779887402 
1.0 (6.383406639099121,2.5874059200286865) (0.3834066390991211,-0.037501126527786255) 0.5 -0.01925372779887402 (10.0,3.4995786676202347) 3.0 -0.09750018697319375 (7.868947505950928,1.181498408317566) (0.6233431100845337,-0.3185015916824341) 0.5 0.38647484216518113 (8.674098014831543,2.1991147994995117) (0.6320348381996155,-0.30088528990745544) 0.5 -0.29491315052612077 (7.599816799163818,3.546403408050537) (0.25894203782081604,0.04640333354473114) 0.5 -0.13354688191905373 (9.036052703857422,4.721368789672852) (0.6640753149986267,0.22136856615543365) 0.5 0.021040359477139003 (6.383406639099121,5.0) (0,0) 1e-07 -0.01925372779887402 (6.383406639099121,1.0) (0,0) 1e-07 -0.01925372779887402 
2.0 (6.961315155029297,2.6130926609039307) (0.5779082775115967,0.025686755776405334) 0.5 -0.01925372779887402 (10.0,3.4995786676202347) 3.0 0.04441857150777769 (8.545455932617188,1.0016738176345825) (0.6765079498291016,-0.1798246055841446) 0.5 0.38647484216518113 (9.306133270263672,1.8982293605804443) (0.6320347785949707,-0.3008853793144226) 0.5 -0.29491315052612077 (8.290502548217773,3.6602134704589844) (0.690686047077179,0.11381006240844727) 0.5 -0.13354688191905373 (9.700127601623535,4.942737102508545) (0.6640752553939819,0.2213684618473053) 0.5 0.021040359477139003 (6.961315155029297,5.0) (0,0) 1e-07 -0.01925372779887402 (6.961315155029297,1.0) (0,0) 1e-07 -0.01925372779887402 
3.0 (7.4944281578063965,2.6442134380340576) (0.5331130027770996,0.031120695173740387) 0.5 -0.01925372779887402 (10.0,3.4995786676202347) 3.0 0.058309246301342446 (9.221963882446289,0.8218491673469543) (0.6765080094337463,-0.17982466518878937) 0.5 0.38647484216518113 (9.938167572021484,1.597343921661377) (0.6320347785949707,-0.3008854389190674) 0.5 -0.29491315052612077 (8.981188774108887,3.7740235328674316) (0.690686047077179,0.11381005495786667) 0.5 -0.13354688191905373 (10.364202499389648,5.164105415344238) (0.6640752553939819,0.2213684618473053) 0.5 0.021040359477139003 (7.0,5.0) (0,0) 1e-07 -0.01925372779887402 (7.0,1.0) (0,0) 1e-07 -0.01925372779887402 
4.0 (8.223531723022461,2.7025489807128906) (0.7291039824485779,0.05833554267883301) 0.5 -0.01925372779887402 (10.0,3.4995786676202347) 3.0 0.07983983086101118 (9.888427734375,0.6077806353569031) (0.6664642691612244,-0.21406853199005127) 0.5 0.38647484216518113 (10.583855628967285,1.3269975185394287) (0.6456878781318665,-0.27034634351730347) 0.5 -0.29491315052612077 (9.671875,3.887833595275879) (0.690686047077179,0.11381007730960846) 0.5 -0.13354688191905373 (11.028277397155762,5.385473728179932) (0.6640753149986267,0.22136852145195007) 0.5 0.021040359477139003 (7.0,5.0) (0,0) 1e-07 -0.01925372779887402 (7.0,1.0) (0,0) 1e-07 -0.01925372779887402 
5.0 (9.011475563049316,2.7841265201568604) (0.7879437208175659,0.08157746493816376) 0.5 -0.01925372779887402 (10.0,3.4995786676202347) 3.0 0.1031645404314126 (10.422456741333008,0.48986172676086426) (0.5340288877487183,-0.11791889369487762) 0.5 0.38647484216518113 (11.24040699005127,1.0842212438583374) (0.6565513610839844,-0.24277622997760773) 0.5 -0.29491315052612077 (10.352585792541504,4.0) (0.6807107925415039,0.1121664047241211) 0.5 -0.13354688191905373 (11.371840476989746,5.5) (0.3435629904270172,0.11452627182006836) 0.5 0.021040359477139003 (7.0,5.0) (0,0) 1e-07 -0.01925372779887402 (7.0,1.0) (0,0) 1e-07 -0.01925372779887402 
6.0 (9.873161315917969,2.9017245769500732) (0.861686110496521,0.11759795993566513) 0.5 -0.01925372779887402 (10.0,3.4995786676202347) 3.0 0.1356363001695888 (10.43277359008789,0.5) (0.010317280888557434,0.010138273239135742) 0.5 0.38647484216518113 (11.659186363220215,1.2428109645843506) (0.4187796711921692,0.1585896611213684) 0.5 -0.29491315052612077 (10.48038387298584,4.129101753234863) (0.12779822945594788,0.1291016936302185) 0.5 -0.13354688191905373 (11.371840476989746,5.5) (-7.635951249085338e-08,0.0) 0.5 0.021040359477139003 (7.0,5.0) (0,0) 1e-07 -0.01925372779887402 (7.0,1.0) (0,0) 1e-07 -0.01925372779887402 
7.0 (10.805890083312988,3.0537285804748535) (0.9327290058135986,0.15200401842594147) 0.5 -0.01925372779887402 (10.0,3.4995786676202347) 3.0 0.16154682563510273 (10.43277359008789,0.5) (4.321975097809627e-07,0.0) 0.5 0.38647484216518113 (11.665457725524902,1.2575968503952026) (0.006271440535783768,0.01478584110736847) 0.5 -0.29491315052612077 (10.341580390930176,4.107636451721191) (-0.13880306482315063,-0.02146521396934986) 0.5 -0.13354688191905373 (11.371840476989746,5.5) (-7.635951249085338e-08,0.0) 0.5 0.021040359477139003 (7.0,5.0) (0,0) 1e-07 -0.01925372779887402 (7.0,1.0) (0,0) 1e-07 -0.01925372779887402 
