[[(7.0, 6.0), (0, 6.0), (0, 5.0), (7.0, 5.0)], [(7.0, 1.0), (0, 1.0), (0, 0), (7.0, 0)]]
timestamp position0 velocity0 radius0 heading0 goal pref_speed theta position1 velocity1 radius1 heading1 position2 velocity2 radius2 heading2 position3 velocity3 radius3 heading3 position4 velocity4 radius4 heading4 position5 velocity5 radius5 heading5 position6 velocity6 radius6 heading6 
0.0 (6.0,2.5620195865631104) (0.0,0.0) 0.5 0.10280316341652568 (10.0,3.319823821874728) 3.0 0.0 (7.405271530151367,1.5) (0.0,0.0) 0.5 -0.11966109298390376 (8.435766220092773,2.5) (0.0,0.0) 0.5 0.2216078152395079 (7.081281661987305,3.5) (0.0,0.0) 0.5 0.18942626574454846 (8.203363418579102,4.5) (0.0,0.0) 0.5 -0.12053123762460999 (6.0,5.0) (0,0) 1e-07 0.10280316341652568 (6.0,1.0) (0,0) 1e-07 0.10280316341652568 
1.0 (6.364485263824463,2.4710419178009033) (0.36448541283607483,-0.09097757935523987) 0.5 0.10280316341652568 (10.0,3.319823821874728) 3.0 -0.2446073749555442 (8.024946212768555,1.1744188070297241) (0.619674801826477,-0.3255811929702759) 0.5 -0.11966109298390376 (9.058286666870117,2.1798930168151855) (0.6225202679634094,-0.3201069235801697) 0.5 0.2216078152395079 (7.466298580169678,3.4460034370422363) (0.38501712679862976,-0.05399668216705322) 0.5 0.18942626574454846 (8.864760398864746,4.729245662689209) (0.6613972783088684,0.22924570739269257) 0.5 -0.12053123762460999 (6.364485263824463,5.0) (0,0) 1e-07 0.10280316341652568 (6.364485263824463,1.0) (0,0) 1e-07 0.10280316341652568 
2.0 (6.979282855987549,2.4841339588165283) (0.6147977709770203,0.013092145323753357) 0.5 0.10280316341652568 (10.0,3.319823821874728) 3.0 0.021291825501310545 (8.697808265686035,0.9813997149467468) (0.6728622317314148,-0.1930190771818161) 0.5 -0.11966109298390376 (9.680807113647461,1.859786033630371) (0.6225202679634094,-0.32010695338249207) 0.5 0.2216078152395079 (8.151952743530273,3.586993455886841) (0.6856542229652405,0.14099007844924927) 0.5 0.18942626574454846 (9.52615737915039,4.958491325378418) (0.6613972783088684,0.22924569249153137) 0.5 -0.12053123762460999 (6.979282855987549,5.0) (0,0) 1e-07 0.10280316341652568 (6.979282855987549,1.0) (0,0) 1e-07 0.10280316341652568 
3.0 (7.568824768066406,2.5165839195251465) (0.5895419716835022,0.032450027763843536) 0.5 0.10280316341652568 (10.0,3.319823821874728) 3.0 0.05498729081538125 (9.370670318603516,0.7883806824684143) (0.6728622913360596,-0.19301903247833252) 0.5 -0.11966109298390376 (10.303327560424805,1.5396790504455566) (0.6225202679634094,-0.32010698318481445) 0.5 0.2216078152395079 (8.837607383728027,3.7279834747314453) (0.6856542229652405,0.14099007844924927) 0.5 0.18942626574454846 (10.187554359436035,5.187736988067627) (0.6613972783088684,0.2292456477880478) 0.5 -0.12053123762460999 (7.0,5.0) (0,0) 1e-07 0.10280316341652568 (7.0,1.0) (0,0) 1e-07 0.10280316341652568 
4.0 (8.159502983093262,2.544886827468872) (0.5906784534454346,0.028302833437919617) 0.5 0.10280316341652568 (10.0,3.319823821874728) 3.0 0.047879184816005435 (10.043532371520996,0.5953616499900818) (0.6728622913360596,-0.19301901757717133) 0.5 -0.11966109298390376 (10.925848007202148,1.2195720672607422) (0.6225202679634094,-0.32010698318481445) 0.5 0.2216078152395079 (9.523262023925781,3.868973731994629) (0.6856542229652405,0.14099013805389404) 0.5 0.18942626574454846 (10.84895133972168,5.416982650756836) (0.6613973379135132,0.22924555838108063) 0.5 -0.12053123762460999 (7.0,5.0) (0,0) 1e-07 0.10280316341652568 (7.0,1.0) (0,0) 1e-07 0.10280316341652568 
5.0 (8.767717361450195,2.574439764022827) (0.6082146763801575,0.02955286018550396) 0.5 0.10280316341652568 (10.0,3.319823821874728) 3.0 0.04855133671844533 (10.375962257385254,0.5) (0.332429975271225,-0.09536164999008179) 0.5 -0.11966109298390376 (11.465889930725098,1.0675410032272339) (0.5400423407554626,-0.1520310938358307) 0.5 0.2216078152395079 (10.160460472106934,4.0) (0.6371987462043762,0.1310262680053711) 0.5 0.18942626574454846 (11.088465690612793,5.5) (0.23951438069343567,0.08301734924316406) 0.5 -0.12053123762460999 (7.0,5.0) (0,0) 1e-07 0.10280316341652568 (7.0,1.0) (0,0) 1e-07 0.10280316341652568 
6.0 (9.391059875488281,2.6065242290496826) (0.6233423948287964,0.03208451718091965) 0.5 0.10280316341652568 (10.0,3.319823821874728) 3.0 0.05142635594469142 (10.375962257385254,0.5) (7.81535547389467e-08,0.0) 0.5 -0.11966109298390376 (11.705948829650879,1.1390210390090942) (0.24005863070487976,0.07148008048534393) 0.5 0.2216078152395079 (10.160460472106934,4.0) (2.8379770355968503e-07,0.0) 0.5 0.18942626574454846 (11.088465690612793,5.5) (2.5972319406264432e-08,0.0) 0.5 -0.12053123762460999 (7.0,5.0) (0,0) 1e-07 0.10280316341652568 (7.0,1.0) (0,0) 1e-07 0.10280316341652568 
7.0 (10.210859298706055,2.684262275695801) (0.8197996616363525,0.07773806154727936) 0.5 0.10280316341652568 (10.0,3.319823821874728) 3.0 0.09454298373433088 (10.375962257385254,0.5) (7.81535547389467e-08,0.0) 0.5 -0.11966109298390376 (11.594756126403809,1.1094688177108765) (-0.11119247227907181,-0.02955218032002449) 0.5 0.2216078152395079 (10.160460472106934,4.0) (2.8379770355968503e-07,0.0) 0.5 0.18942626574454846 (11.088465690612793,5.5) (2.5972319406264432e-08,0.0) 0.5 -0.12053123762460999 (7.0,5.0) (0,0) 1e-07 0.10280316341652568 (7.0,1.0) (0,0) 1e-07 0.10280316341652568 
