[[(7.0, 6.0), (0, 6.0), (0, 5.0), (7.0, 5.0)], [(7.0, 1.0), (0, 1.0), (0, 0), (7.0, 0)]]
timestamp position0 velocity0 radius0 heading0 goal pref_speed theta position1 velocity1 radius1 heading1 position2 velocity2 radius2 heading2 position3 velocity3 radius3 heading3 position4 velocity4 radius4 heading4 position5 velocity5 radius5 heading5 position6 velocity6 radius6 heading6 
0.0 (6.0,2.652869939804077) (0.0,0.0) 0.5 -0.34473919888364113 (10.0,2.5578491560673435) 3.0 0.0 (7.133787631988525,1.5) (0.0,0.0) 0.5 -0.031243261030668323 (8.131579399108887,2.5) (0.0,0.0) 0.5 0.16136199074396207 (7.2205810546875,3.5) (0.0,0.0) 0.5 -0.08459826620353206 (8.041420936584473,4.5) (0.0,0.0) 0.5 0.23642823588532624 (6.0,5.0) (0,0) 1e-07 -0.34473919888364113 (6.0,1.0) (0,0) 1e-07 -0.34473919888364113 
1.0 (6.354179382324219,2.5685205459594727) (0.354179322719574,-0.08434940874576569) 0.5 -0.34473919888364113 (10.0,2.5578491560673435) 3.0 -0.23379928740791966 (7.537927150726318,1.3882205486297607) (0.4041396677494049,-0.11177951097488403) 0.5 -0.031243261030668323 (8.757058143615723,2.185713529586792) (0.6254790425300598,-0.31428641080856323) 0.5 0.16136199074396207 (7.46806526184082,3.4868712425231934) (0.24748432636260986,-0.013128861784934998) 0.5 -0.08459826620353206 (8.707572937011719,4.715039253234863) (0.6661516427993774,0.21503934264183044) 0.5 0.23642823588532624 (6.354179382324219,5.0) (0,0) 1e-07 -0.34473919888364113 (6.354179382324219,1.0) (0,0) 1e-07 -0.34473919888364113 
2.0 (6.9558329582214355,2.4605190753936768) (0.6016535758972168,-0.10800138115882874) 0.5 -0.34473919888364113 (10.0,2.5578491560673435) 3.0 -0.17761593706243456 (8.203556060791016,1.1715677976608276) (0.6656286716461182,-0.2166527807712555) 0.5 -0.031243261030668323 (9.382536888122559,1.8714271783828735) (0.6254791021347046,-0.31428638100624084) 0.5 0.16136199074396207 (8.155404090881348,3.6194043159484863) (0.6873390674591064,0.13253308832645416) 0.5 -0.08459826620353206 (9.373724937438965,4.930078506469727) (0.6661517024040222,0.21503940224647522) 0.5 0.23642823588532624 (6.9558329582214355,5.0) (0,0) 1e-07 -0.34473919888364113 (6.9558329582214355,1.0) (0,0) 1e-07 -0.34473919888364113 
3.0 (7.7516703605651855,2.5018723011016846) (0.79583740234375,0.04135322570800781) 0.5 -0.34473919888364113 (10.0,2.5578491560673435) 3.0 0.051915211976298205 (8.869184494018555,0.9549149870872498) (0.6656286120414734,-0.2166527956724167) 0.5 -0.031243261030668323 (10.008015632629395,1.557140827178955) (0.6254790425300598,-0.31428632140159607) 0.5 0.16136199074396207 (8.842742919921875,3.7519373893737793) (0.6873390078544617,0.13253305852413177) 0.5 -0.08459826620353206 (10.039876937866211,5.14511775970459) (0.6661515831947327,0.2150394469499588) 0.5 0.23642823588532624 (7.0,5.0) (0,0) 1e-07 -0.34473919888364113 (7.0,1.0) (0,0) 1e-07 -0.34473919888364113 
4.0 (8.402420043945312,2.496882677078247) (0.6507492661476135,-0.004989653825759888) 0.5 -0.34473919888364113 (10.0,2.5578491560673435) 3.0 -0.007667401725879764 (9.534812927246094,0.7382621765136719) (0.6656286716461182,-0.2166527956724167) 0.5 -0.031243261030668323 (10.63349437713623,1.2428545951843262) (0.6254791021347046,-0.3142862319946289) 0.5 0.16136199074396207 (9.530081748962402,3.8844704627990723) (0.6873390078544617,0.13253304362297058) 0.5 -0.08459826620353206 (10.706028938293457,5.360157489776611) (0.6661515831947327,0.21503965556621552) 0.5 0.23642823588532624 (7.0,5.0) (0,0) 1e-07 -0.34473919888364113 (7.0,1.0) (0,0) 1e-07 -0.34473919888364113 
5.0 (8.977203369140625,2.4770805835723877) (0.574783444404602,-0.019801989197731018) 0.5 -0.34473919888364113 (10.0,2.5578491560673435) 3.0 -0.03443759685108158 (10.200441360473633,0.5216094255447388) (0.6656287312507629,-0.2166527360677719) 0.5 -0.031243261030668323 (11.154172897338867,1.0143630504608154) (0.5206785798072815,-0.22849157452583313) 0.5 0.16136199074396207 (10.12923812866211,4.0) (0.5991564393043518,0.11552953720092773) 0.5 -0.08459826620353206 (11.13923454284668,5.5) (0.43320512771606445,0.13984251022338867) 0.5 0.23642823588532624 (7.0,5.0) (0,0) 1e-07 -0.34473919888364113 (7.0,1.0) (0,0) 1e-07 -0.34473919888364113 
6.0 (9.509114265441895,2.449415683746338) (0.5319111943244934,-0.027664951980113983) 0.5 -0.34473919888364113 (10.0,2.5578491560673435) 3.0 -0.05196364975510714 (10.266833305358887,0.5) (0.06639164686203003,-0.02160942554473877) 0.5 -0.031243261030668323 (11.460392951965332,1.2042977809906006) (0.3062196671962738,0.18993477523326874) 0.5 0.16136199074396207 (10.12923812866211,4.0) (4.020011346028696e-08,0.0) 0.5 -0.08459826620353206 (11.139233589172363,5.5) (-4.773653472511796e-07,0.0) 0.5 0.23642823588532624 (7.0,5.0) (0,0) 1e-07 -0.34473919888364113 (7.0,1.0) (0,0) 1e-07 -0.34473919888364113 
7.0 (9.93839168548584,2.4044344425201416) (0.42927753925323486,-0.04498113691806793) 0.5 -0.34473919888364113 (10.0,2.5578491560673435) 3.0 -0.10440236135974137 (10.266833305358887,0.5) (-3.0063367262300744e-07,0.0) 0.5 -0.031243261030668323 (11.461753845214844,1.2203947305679321) (0.0013612136244773865,0.016096914187073708) 0.5 0.16136199074396207 (10.12923812866211,4.0) (4.020011346028696e-08,0.0) 0.5 -0.08459826620353206 (11.139233589172363,5.5) (4.7630896915507037e-07,0.0) 0.5 0.23642823588532624 (7.0,5.0) (0,0) 1e-07 -0.34473919888364113 (7.0,1.0) (0,0) 1e-07 -0.34473919888364113 
