[[(7.0, 6.0), (0, 6.0), (0, 5.0), (7.0, 5.0)], [(7.0, 1.0), (0, 1.0), (0, 0), (7.0, 0)]]
timestamp position0 velocity0 radius0 heading0 goal pref_speed theta position1 velocity1 radius1 heading1 position2 velocity2 radius2 heading2 position3 velocity3 radius3 heading3 position4 velocity4 radius4 heading4 position5 velocity5 radius5 heading5 position6 velocity6 radius6 heading6 
0.0 (6.0,2.6185359954833984) (0.0,0.0) 0.5 -0.09830370698090235 (10.0,3.4812826836220605) 3.0 0.0 (7.472228527069092,1.5) (0.0,0.0) 0.5 -0.22574410078273563 (8.336894989013672,2.5) (0.0,0.0) 0.5 0.25227414117287117 (7.421901226043701,3.5) (0.0,0.0) 0.5 -0.15947955246556325 (8.407696723937988,4.5) (0.0,0.0) 0.5 -0.2867410134790347 (6.0,5.0) (0,0) 1e-07 -0.09830370698090235 (6.0,1.0) (0,0) 1e-07 -0.09830370698090235 
1.0 (6.408964157104492,2.5974414348602295) (0.4089643359184265,-0.02109445631504059) 0.5 -0.09830370698090235 (10.0,3.4812826836220605) 3.0 -0.05153451510038125 (8.092840194702148,1.17620849609375) (0.620611846446991,-0.3237914443016052) 0.5 -0.22574410078273563 (8.96502685546875,2.1910500526428223) (0.6281320452690125,-0.30894991755485535) 0.5 0.25227414117287117 (7.697934627532959,3.511681318283081) (0.27603334188461304,0.01168125867843628) 0.5 -0.15947955246556325 (9.068427085876465,4.731161594390869) (0.6607301235198975,0.23116156458854675) 0.5 -0.2867410134790347 (6.408964157104492,5.0) (0,0) 1e-07 -0.09830370698090235 (6.408964157104492,1.0) (0,0) 1e-07 -0.09830370698090235 
2.0 (6.974788188934326,2.6236019134521484) (0.5658238530158997,0.02616056799888611) 0.5 -0.09830370698090235 (10.0,3.4812826836220605) 3.0 0.04620157178375027 (8.768552780151367,0.9934161901473999) (0.6757121682167053,-0.18279233574867249) 0.5 -0.22574410078273563 (9.593158721923828,1.8821001052856445) (0.6281321048736572,-0.30894991755485535) 0.5 0.25227414117287117 (8.386836051940918,3.635836362838745) (0.6889016628265381,0.12415504455566406) 0.5 -0.15947955246556325 (9.729157447814941,4.962323188781738) (0.6607301235198975,0.23116156458854675) 0.5 -0.2867410134790347 (6.974788188934326,5.0) (0,0) 1e-07 -0.09830370698090235 (6.974788188934326,1.0) (0,0) 1e-07 -0.09830370698090235 
3.0 (7.530483722686768,2.6548545360565186) (0.5556954145431519,0.03125258907675743) 0.5 -0.09830370698090235 (10.0,3.4812826836220605) 3.0 0.05618131816040466 (9.444265365600586,0.8106237649917603) (0.6757121682167053,-0.18279239535331726) 0.5 -0.22574410078273563 (10.221290588378906,1.5731502771377563) (0.6281321048736572,-0.30894985795021057) 0.5 0.25227414117287117 (9.075737953186035,3.759991407394409) (0.6889016628265381,0.12415501475334167) 0.5 -0.15947955246556325 (10.389887809753418,5.193484783172607) (0.6607300639152527,0.23116157948970795) 0.5 -0.2867410134790347 (7.0,5.0) (0,0) 1e-07 -0.09830370698090235 (7.0,1.0) (0,0) 1e-07 -0.09830370698090235 
4.0 (8.192158699035645,2.6966331005096436) (0.6616749167442322,0.041778627783060074) 0.5 -0.09830370698090235 (10.0,3.4812826836220605) 3.0 0.06305700706364642 (10.11474895477295,0.6094983816146851) (0.6704838275909424,-0.2011253535747528) 0.5 -0.22574410078273563 (10.856919288635254,1.2799334526062012) (0.6356287002563477,-0.29321688413619995) 0.5 0.25227414117287117 (9.764639854431152,3.8841464519500732) (0.6889016628265381,0.12415501475334167) 0.5 -0.15947955246556325 (11.050618171691895,5.424646377563477) (0.6607300639152527,0.23116162419319153) 0.5 -0.2867410134790347 (7.0,5.0) (0,0) 1e-07 -0.09830370698090235 (7.0,1.0) (0,0) 1e-07 -0.09830370698090235 
5.0 (8.956433296203613,2.7656233310699463) (0.7642742395401001,0.06899018585681915) 0.5 -0.09830370698090235 (10.0,3.4812826836220605) 3.0 0.09002489545221445 (10.592519760131836,0.5) (0.47777098417282104,-0.10949838161468506) 0.5 -0.22574410078273563 (11.472877502441406,1.0752882957458496) (0.6159577965736389,-0.2046450972557068) 0.5 0.25227414117287117 (10.407479286193848,4.0) (0.6428390145301819,0.11585354804992676) 0.5 -0.15947955246556325 (11.26600170135498,5.5) (0.21538308262825012,0.07535362243652344) 0.5 -0.2867410134790347 (7.0,5.0) (0,0) 1e-07 -0.09830370698090235 (7.0,1.0) (0,0) 1e-07 -0.09830370698090235 
6.0 (9.758030891418457,2.8506710529327393) (0.8015974760055542,0.08504781872034073) 0.5 -0.09830370698090235 (10.0,3.4812826836220605) 3.0 0.10570247322443319 (10.592519760131836,0.5) (1.7471647595357354e-07,0.0) 0.5 -0.22574410078273563 (11.854257583618164,1.2204657793045044) (0.38137972354888916,0.1451774537563324) 0.5 0.25227414117287117 (10.493927955627441,4.083303928375244) (0.08644846081733704,0.08330386877059937) 0.5 -0.15947955246556325 (11.26600170135498,5.5) (-4.440860266186064e-07,0.0) 0.5 -0.2867410134790347 (7.0,5.0) (0,0) 1e-07 -0.09830370698090235 (7.0,1.0) (0,0) 1e-07 -0.09830370698090235 
7.0 (10.562141418457031,2.9334723949432373) (0.8041107654571533,0.08280137926340103) 0.5 -0.09830370698090235 (10.0,3.4812826836220605) 3.0 0.10261095010923943 (10.592519760131836,0.5) (1.7471647595357354e-07,0.0) 0.5 -0.22574410078273563 (11.822766304016113,1.2297989130020142) (-0.03149170055985451,0.009333103895187378) 0.5 0.25227414117287117 (10.408388137817383,4.053958415985107) (-0.08553954213857651,-0.029345408082008362) 0.5 -0.15947955246556325 (11.26600170135498,5.5) (-4.440860266186064e-07,0.0) 0.5 -0.2867410134790347 (7.0,5.0) (0,0) 1e-07 -0.09830370698090235 (7.0,1.0) (0,0) 1e-07 -0.09830370698090235 
