[[(7.0, 6.0), (0, 6.0), (0, 5.0), (7.0, 5.0)], [(7.0, 1.0), (0, 1.0), (0, 0), (7.0, 0)]]
timestamp position0 velocity0 radius0 heading0 goal pref_speed theta position1 velocity1 radius1 heading1 position2 velocity2 radius2 heading2 position3 velocity3 radius3 heading3 position4 velocity4 radius4 heading4 position5 velocity5 radius5 heading5 position6 velocity6 radius6 heading6 
0.0 (6.0,3.099191904067993) (0.0,0.0) 0.5 0.0197069181335906 (10.0,2.7574841442738274) 3.0 0.0 (7.314288139343262,1.5) (0.0,0.0) 0.5 0.005961784604557041 (8.495731353759766,2.5) (0.0,0.0) 0.5 -0.3273568802398357 (7.044117450714111,3.5) (0.0,0.0) 0.5 0.31448131740385377 (8.050745964050293,4.5) (0.0,0.0) 0.5 0.12692762201529817 (6.0,5.0) (0,0) 1e-07 0.0197069181335906 (6.0,1.0) (0,0) 1e-07 0.0197069181335906 
1.0 (6.174107551574707,2.810832977294922) (0.1741074025630951,-0.2883589267730713) 0.5 0.0197069181335906 (10.0,2.7574841442738274) 3.0 -1.0275968399600806 (7.939547061920166,1.1852761507034302) (0.6252590417861938,-0.3147238492965698) 0.5 0.005961784604557041 (9.113459587097168,2.170741081237793) (0.617728590965271,-0.32925885915756226) 0.5 -0.3273568802398357 (7.438475608825684,3.400224208831787) (0.3943580389022827,-0.09977571666240692) 0.5 0.31448131740385377 (8.71391773223877,4.724060535430908) (0.6631718873977661,0.22406040132045746) 0.5 0.12692762201529817 (6.174107551574707,5.0) (0,0) 1e-07 0.0197069181335906 (6.174107551574707,1.0) (0,0) 1e-07 0.0197069181335906 
2.0 (6.708616733551025,2.563035011291504) (0.5345092415809631,-0.24779808521270752) 0.5 0.0197069181335906 (10.0,2.7574841442738274) 3.0 -0.4341053393893596 (8.611010551452637,0.9874464273452759) (0.6714636087417603,-0.1978296935558319) 0.5 0.005961784604557041 (9.73118782043457,1.8414822816848755) (0.617728590965271,-0.32925882935523987) 0.5 -0.3273568802398357 (8.121575355529785,3.5531110763549805) (0.6830999255180359,0.1528869867324829) 0.5 0.31448131740385377 (9.377089500427246,4.948121070861816) (0.6631718277931213,0.22406034171581268) 0.5 0.12692762201529817 (6.708616733551025,5.0) (0,0) 1e-07 0.0197069181335906 (6.708616733551025,1.0) (0,0) 1e-07 0.0197069181335906 
3.0 (7.252242565155029,2.583704710006714) (0.5436258316040039,0.020669713616371155) 0.5 0.0197069181335906 (10.0,2.7574841442738274) 3.0 0.03800364244577117 (9.282474517822266,0.7896167635917664) (0.6714636087417603,-0.19782966375350952) 0.5 0.005961784604557041 (10.348916053771973,1.512223482131958) (0.6177286505699158,-0.3292587697505951) 0.5 -0.3273568802398357 (8.804675102233887,3.705998182296753) (0.6830998659133911,0.1528870314359665) 0.5 0.31448131740385377 (10.040261268615723,5.172181129455566) (0.6631719470024109,0.2240602821111679) 0.5 0.12692762201529817 (7.0,5.0) (0,0) 1e-07 0.0197069181335906 (7.0,1.0) (0,0) 1e-07 0.0197069181335906 
4.0 (7.906990051269531,2.58303165435791) (0.654747724533081,-0.0006729885935783386) 0.5 0.0197069181335906 (10.0,2.7574841442738274) 3.0 -0.001027859023191576 (9.953938484191895,0.5917870402336121) (0.6714636087417603,-0.1978297084569931) 0.5 0.005961784604557041 (10.966644287109375,1.18296480178833) (0.6177286505699158,-0.32925868034362793) 0.5 -0.3273568802398357 (9.487774848937988,3.8588850498199463) (0.6830999255180359,0.15288697183132172) 0.5 0.31448131740385377 (10.7034330368042,5.396241664886475) (0.6631717681884766,0.22406038641929626) 0.5 0.12692762201529817 (7.0,5.0) (0,0) 1e-07 0.0197069181335906 (7.0,1.0) (0,0) 1e-07 0.0197069181335906 
5.0 (8.661133766174316,2.6107938289642334) (0.7541440725326538,0.027762223035097122) 0.5 0.0197069181335906 (10.0,2.7574841442738274) 3.0 0.036796274365100176 (10.265477180480957,0.5) (0.31153857707977295,-0.09178704023361206) 0.5 0.005961784604557041 (11.447428703308105,1.0659297704696655) (0.4807843863964081,-0.11703504621982574) 0.5 -0.3273568802398357 (10.118276596069336,4.0) (0.6305021047592163,0.1411149501800537) 0.5 0.31448131740385377 (11.010536193847656,5.5) (0.3071034848690033,0.10375833511352539) 0.5 0.12692762201529817 (7.0,5.0) (0,0) 1e-07 0.0197069181335906 (7.0,1.0) (0,0) 1e-07 0.0197069181335906 
6.0 (9.443828582763672,2.6399810314178467) (0.782694399356842,0.029187245294451714) 0.5 0.0197069181335906 (10.0,2.7574841442738274) 3.0 0.03727345864330517 (10.265477180480957,0.5) (-1.0883619694368463e-07,0.0) 0.5 0.005961784604557041 (11.613862991333008,1.1216273307800293) (0.1664341390132904,0.05569757521152496) 0.5 -0.3273568802398357 (10.13127326965332,4.014643669128418) (0.012996196746826172,0.014643460512161255) 0.5 0.31448131740385377 (11.010536193847656,5.5) (3.238449153286638e-07,0.0) 0.5 0.12692762201529817 (7.0,5.0) (0,0) 1e-07 0.0197069181335906 (7.0,1.0) (0,0) 1e-07 0.0197069181335906 
7.0 (10.429433822631836,2.673532485961914) (0.9856050610542297,0.0335514098405838) 0.5 0.0197069181335906 (10.0,2.7574841442738274) 3.0 0.03402829405298621 (10.265477180480957,0.5) (-1.0883619694368463e-07,0.0) 0.5 0.005961784604557041 (11.467039108276367,1.0702581405639648) (-0.14682385325431824,-0.05136920511722565) 0.5 -0.3273568802398357 (10.118276596069336,4.0) (-0.012996307574212551,-0.014643669128417969) 0.5 0.31448131740385377 (11.010536193847656,5.5) (3.238449153286638e-07,0.0) 0.5 0.12692762201529817 (7.0,5.0) (0,0) 1e-07 0.0197069181335906 (7.0,1.0) (0,0) 1e-07 0.0197069181335906 
