[[(7.0, 6.0), (0, 6.0), (0, 5.0), (7.0, 5.0)], [(7.0, 1.0), (0, 1.0), (0, 0), (7.0, 0)]]
timestamp position0 velocity0 radius0 heading0 goal pref_speed theta position1 velocity1 radius1 heading1 position2 velocity2 radius2 heading2 position3 velocity3 radius3 heading3 position4 velocity4 radius4 heading4 position5 velocity5 radius5 heading5 position6 velocity6 radius6 heading6 
0.0 (6.0,2.5436887741088867) (0.0,0.0) 0.5 -0.2021438842844771 (10.0,3.3233511996847915) 3.0 0.0 (7.4582438468933105,1.5) (0.0,0.0) 0.5 -0.27524466803644954 (8.214728355407715,2.5) (0.0,0.0) 0.5 0.013116874751889496 (7.114495754241943,3.5) (0.0,0.0) 0.5 -0.28108646468440657 (8.182245254516602,4.5) (0.0,0.0) 0.5 0.10589786693229375 (6.0,5.0) (0,0) 1e-07 -0.2021438842844771 (6.0,1.0) (0,0) 1e-07 -0.2021438842844771 
1.0 (6.369479179382324,2.472852945327759) (0.3694794178009033,-0.07083575427532196) 0.5 -0.2021438842844771 (10.0,3.3233511996847915) 3.0 -0.18941930086901565 (8.083833694458008,1.1859344244003296) (0.6255900859832764,-0.3140655755996704) 0.5 -0.27524466803644954 (8.832533836364746,2.1708850860595703) (0.6178051829338074,-0.32911503314971924) 0.5 0.013116874751889496 (7.437588214874268,3.4936106204986572) (0.3230924904346466,-0.0063894689083099365) 0.5 -0.28108646468440657 (8.844531059265137,4.726665496826172) (0.6622859835624695,0.22666537761688232) 0.5 0.10589786693229375 (6.369479179382324,5.0) (0,0) 1e-07 -0.2021438842844771 (6.369479179382324,1.0) (0,0) 1e-07 -0.2021438842844771 
2.0 (7.008682727813721,2.4849140644073486) (0.6392034292221069,0.012061059474945068) 0.5 -0.2021438842844771 (10.0,3.3233511996847915) 3.0 0.018866651589736914 (8.752215385437012,0.9779292941093445) (0.6683815121650696,-0.2080051302909851) 0.5 -0.27524466803644954 (9.450339317321777,1.8417699337005615) (0.6178051829338074,-0.3291151225566864) 0.5 0.013116874751889496 (8.124053955078125,3.6305930614471436) (0.6864661574363708,0.1369825154542923) 0.5 -0.28108646468440657 (9.506816864013672,4.953330993652344) (0.6622859835624695,0.22666531801223755) 0.5 0.10589786693229375 (7.0,5.0) (0,0) 1e-07 -0.2021438842844771 (7.0,1.0) (0,0) 1e-07 -0.2021438842844771 
3.0 (7.562273025512695,2.52329421043396) (0.5535901188850403,0.038380078971385956) 0.5 -0.2021438842844771 (10.0,3.3233511996847915) 3.0 0.06921865518787283 (9.418185234069824,0.7623264789581299) (0.6659695506095886,-0.2156027853488922) 0.5 -0.27524466803644954 (10.07164192199707,1.5193060636520386) (0.6213027238845825,-0.32246387004852295) 0.5 0.013116874751889496 (8.81052017211914,3.76757550239563) (0.6864661574363708,0.1369825154542923) 0.5 -0.28108646468440657 (10.169102668762207,5.179996490478516) (0.662286102771759,0.22666525840759277) 0.5 0.10589786693229375 (7.0,5.0) (0,0) 1e-07 -0.2021438842844771 (7.0,1.0) (0,0) 1e-07 -0.2021438842844771 
4.0 (8.034043312072754,2.543412685394287) (0.47177043557167053,0.02011852338910103) 0.5 -0.2021438842844771 (10.0,3.3233511996847915) 3.0 0.04261890846605703 (10.063727378845215,0.49163174629211426) (0.6455419063568115,-0.2706947326660156) 0.5 -0.27524466803644954 (10.717184066772461,1.248611330986023) (0.6455419063568115,-0.27069470286369324) 0.5 0.013116874751889496 (9.496986389160156,3.9045581817626953) (0.6864660978317261,0.13698257505893707) 0.5 -0.28108646468440657 (10.831388473510742,5.406661510467529) (0.6622861623764038,0.22666501998901367) 0.5 0.10589786693229375 (7.0,5.0) (0,0) 1e-07 -0.2021438842844771 (7.0,1.0) (0,0) 1e-07 -0.2021438842844771 
5.0 (8.502555847167969,2.558441162109375) (0.4685123860836029,0.015028588473796844) 0.5 -0.2021438842844771 (10.0,3.3233511996847915) 3.0 0.03206625383892443 (10.349801063537598,0.5) (0.28607386350631714,0.008368253707885742) 0.5 -0.27524466803644954 (11.161422729492188,1.151681900024414) (0.44423907995224,-0.09692943096160889) 0.5 0.013116874751889496 (9.9752779006958,4.0) (0.478291779756546,0.09544181823730469) 0.5 -0.28108646468440657 (11.104111671447754,5.5) (0.27272340655326843,0.0933384895324707) 0.5 0.10589786693229375 (7.0,5.0) (0,0) 1e-07 -0.2021438842844771 (7.0,1.0) (0,0) 1e-07 -0.2021438842844771 
6.0 (9.020040512084961,2.5770256519317627) (0.517484188079834,0.018584419041872025) 0.5 -0.2021438842844771 (10.0,3.3233511996847915) 3.0 0.03589759054900821 (10.349801063537598,0.5) (1.7456348189170967e-07,0.0) 0.5 -0.27524466803644954 (11.441216468811035,1.231408953666687) (0.2797940969467163,0.07972709089517593) 0.5 0.013116874751889496 (9.9752779006958,4.0) (2.637620752921066e-07,0.0) 0.5 -0.28108646468440657 (11.104111671447754,5.5) (2.1336890654310992e-07,0.0) 0.5 0.10589786693229375 (7.0,5.0) (0,0) 1e-07 -0.2021438842844771 (7.0,1.0) (0,0) 1e-07 -0.2021438842844771 
7.0 (9.728072166442871,2.6278767585754395) (0.7080315947532654,0.05085109919309616) 0.5 -0.2021438842844771 (10.0,3.3233511996847915) 3.0 0.07169727502046125 (10.349801063537598,0.5) (1.7456348189170967e-07,0.0) 0.5 -0.27524466803644954 (11.423091888427734,1.2322460412979126) (-0.01812412589788437,0.0008371099829673767) 0.5 0.013116874751889496 (9.9752779006958,4.0) (2.637620752921066e-07,0.0) 0.5 -0.28108646468440657 (11.104111671447754,5.5) (2.1336890654310992e-07,0.0) 0.5 0.10589786693229375 (7.0,5.0) (0,0) 1e-07 -0.2021438842844771 (7.0,1.0) (0,0) 1e-07 -0.2021438842844771 
8.0 (10.53484058380127,2.717247247695923) (0.8067687749862671,0.08937041461467743) 0.5 -0.2021438842844771 (10.0,3.3233511996847915) 3.0 0.11032593580048304 (10.349801063537598,0.5) (1.7456348189170967e-07,0.0) 0.5 -0.27524466803644954 (11.275315284729004,1.1700973510742188) (-0.14777658879756927,-0.06214871257543564) 0.5 0.013116874751889496 (9.9752779006958,4.0) (2.637620752921066e-07,0.0) 0.5 -0.28108646468440657 (11.104111671447754,5.5) (2.1336890654310992e-07,0.0) 0.5 0.10589786693229375 (7.0,5.0) (0,0) 1e-07 -0.2021438842844771 (7.0,1.0) (0,0) 1e-07 -0.2021438842844771 
