[[(7.0, 6.0), (0, 6.0), (0, 5.0), (7.0, 5.0)], [(7.0, 1.0), (0, 1.0), (0, 0), (7.0, 0)]]
timestamp position0 velocity0 radius0 heading0 goal pref_speed theta position1 velocity1 radius1 heading1 position2 velocity2 radius2 heading2 position3 velocity3 radius3 heading3 position4 velocity4 radius4 heading4 position5 velocity5 radius5 heading5 position6 velocity6 radius6 heading6 
0.0 (6.0,2.948500394821167) (0.0,0.0) 0.5 0.37596272231490047 (10.0,3.4659314713595486) 3.0 0.0 (7.269569396972656,1.5) (0.0,0.0) 0.5 0.23018438222135096 (8.140534400939941,2.5) (0.0,0.0) 0.5 0.30916938449528675 (7.153031826019287,3.5) (0.0,0.0) 0.5 0.11352865514626709 (8.214248657226562,4.5) (0.0,0.0) 0.5 -0.24086356655649585 (6.0,5.0) (0,0) 1e-07 0.37596272231490047 (6.0,1.0) (0,0) 1e-07 0.37596272231490047 
1.0 (6.212858200073242,2.8257734775543213) (0.21285828948020935,-0.12272686511278152) 0.5 0.37596272231490047 (10.0,3.4659314713595486) 3.0 -0.5230104183101838 (7.8899993896484375,1.1758599281311035) (0.6204299330711365,-0.3241400420665741) 0.5 0.23018438222135096 (8.765260696411133,2.1842200756073) (0.624726414680481,-0.3157798647880554) 0.5 0.30916938449528675 (7.455121994018555,3.5134360790252686) (0.3020899295806885,0.013436093926429749) 0.5 0.11352865514626709 (8.879436492919922,4.718003273010254) (0.665187656879425,0.21800319850444794) 0.5 -0.24086356655649585 (6.212858200073242,5.0) (0,0) 1e-07 0.37596272231490047 (6.212858200073242,1.0) (0,0) 1e-07 0.37596272231490047 
2.0 (6.725202560424805,2.7566323280334473) (0.5123445987701416,-0.06914105266332626) 0.5 0.37596272231490047 (10.0,3.4659314713595486) 3.0 -0.13413990829865882 (8.566755294799805,0.9969698786735535) (0.6767557859420776,-0.17889004945755005) 0.5 0.23018438222135096 (9.389986991882324,1.8684401512145996) (0.624726414680481,-0.3157798647880554) 0.5 0.30916938449528675 (8.142779350280762,3.64430570602417) (0.6876577138900757,0.13086974620819092) 0.5 0.11352865514626709 (9.544624328613281,4.936006546020508) (0.6651875972747803,0.21800316870212555) 0.5 -0.24086356655649585 (6.725202560424805,5.0) (0,0) 1e-07 0.37596272231490047 (6.725202560424805,1.0) (0,0) 1e-07 0.37596272231490047 
3.0 (7.385968208312988,2.7895116806030273) (0.6607654094696045,0.03287925198674202) 0.5 0.37596272231490047 (10.0,3.4659314713595486) 3.0 0.04971833498248367 (9.243511199951172,0.8180798292160034) (0.6767557859420776,-0.17889006435871124) 0.5 0.23018438222135096 (10.014713287353516,1.552660346031189) (0.624726414680481,-0.31577980518341064) 0.5 0.30916938449528675 (8.830436706542969,3.7751755714416504) (0.6876576542854309,0.1308697760105133) 0.5 0.11352865514626709 (10.20981216430664,5.154009819030762) (0.665187656879425,0.21800319850444794) 0.5 -0.24086356655649585 (7.0,5.0) (0,0) 1e-07 0.37596272231490047 (7.0,1.0) (0,0) 1e-07 0.37596272231490047 
4.0 (8.079397201538086,2.8246896266937256) (0.6934294700622559,0.03517800569534302) 0.5 0.37596272231490047 (10.0,3.4659314713595486) 3.0 0.05068702140700541 (9.909232139587402,0.6017110347747803) (0.6657209992408752,-0.21636882424354553) 0.5 0.23018438222135096 (10.654755592346191,1.2692077159881592) (0.6400426626205444,-0.28345268964767456) 0.5 0.30916938449528675 (9.518094062805176,3.9060451984405518) (0.6876577138900757,0.13086970150470734) 0.5 0.11352865514626709 (10.875,5.372013092041016) (0.6651875972747803,0.21800315380096436) 0.5 -0.24086356655649585 (7.0,5.0) (0,0) 1e-07 0.37596272231490047 (7.0,1.0) (0,0) 1e-07 0.37596272231490047 
5.0 (8.792430877685547,2.8628182411193848) (0.71303391456604,0.03812866657972336) 0.5 0.37596272231490047 (10.0,3.4659314713595486) 3.0 0.05342296580550691 (10.44194507598877,0.4959227740764618) (0.5327126979827881,-0.10578826069831848) 0.5 0.23018438222135096 (11.2352294921875,1.106058120727539) (0.5804741382598877,-0.1631496250629425) 0.5 0.30916938449528675 (10.011781692504883,4.0) (0.49368754029273987,0.09395480155944824) 0.5 0.11352865514626709 (11.265522956848145,5.5) (0.39052337408065796,0.12798690795898438) 0.5 -0.24086356655649585 (7.0,5.0) (0,0) 1e-07 0.37596272231490047 (7.0,1.0) (0,0) 1e-07 0.37596272231490047 
6.0 (9.58488655090332,2.911731719970703) (0.7924557328224182,0.04891341179609299) 0.5 0.37596272231490047 (10.0,3.4659314713595486) 3.0 0.061645634043965315 (10.446832656860352,0.5) (0.004887992050498724,0.004077225923538208) 0.5 0.23018438222135096 (11.550116539001465,1.3129736185073853) (0.3148868978023529,0.2069154977798462) 0.5 0.30916938449528675 (10.08296012878418,4.084916114807129) (0.07117827236652374,0.08491593599319458) 0.5 0.11352865514626709 (11.265522956848145,5.5) (4.270158910912869e-07,0.0) 0.5 -0.24086356655649585 (7.0,5.0) (0,0) 1e-07 0.37596272231490047 (7.0,1.0) (0,0) 1e-07 0.37596272231490047 
7.0 (10.424577713012695,2.974613666534424) (0.8396914601325989,0.06288203597068787) 0.5 0.37596272231490047 (10.0,3.4659314713595486) 3.0 0.0747475517799656 (10.446832656860352,0.5) (4.111396947337198e-07,0.0) 0.5 0.23018438222135096 (11.55291748046875,1.319735050201416) (0.0028005745261907578,0.006761424243450165) 0.5 0.30916938449528675 (10.006996154785156,4.025924205780029) (-0.07596385478973389,-0.05899208411574364) 0.5 0.11352865514626709 (11.265522956848145,5.5) (4.270158910912869e-07,0.0) 0.5 -0.24086356655649585 (7.0,5.0) (0,0) 1e-07 0.37596272231490047 (7.0,1.0) (0,0) 1e-07 0.37596272231490047 
