[[(7.0, 6.0), (0, 6.0), (0, 5.0), (7.0, 5.0)], [(7.0, 1.0), (0, 1.0), (0, 0), (7.0, 0)]]
timestamp position0 velocity0 radius0 heading0 goal pref_speed theta position1 velocity1 radius1 heading1 position2 velocity2 radius2 heading2 position3 velocity3 radius3 heading3 position4 velocity4 radius4 heading4 position5 velocity5 radius5 heading5 position6 velocity6 radius6 heading6 
0.0 (6.0,2.691291093826294) (0.0,0.0) 0.5 0.1029333879225377 (10.0,3.1374221978748764) 3.0 0.0 (7.073485374450684,1.5) (0.0,0.0) 0.5 0.30556561782676106 (8.16679859161377,2.5) (0.0,0.0) 0.5 -0.33770109672659165 (7.136999130249023,3.5) (0.0,0.0) 0.5 -0.09075090395956287 (8.162023544311523,4.5) (0.0,0.0) 0.5 -0.17116546797329904 (6.0,5.0) (0,0) 1e-07 0.1029333879225377 (6.0,1.0) (0,0) 1e-07 0.1029333879225377 
1.0 (6.323892593383789,2.576896905899048) (0.3238924741744995,-0.11439429968595505) 0.5 0.1029333879225377 (10.0,3.1374221978748764) 3.0 -0.339510336109304 (7.451699256896973,1.443327784538269) (0.3782138228416443,-0.056672170758247375) 0.5 0.30556561782676106 (8.79653263092041,2.194329261779785) (0.6297343969345093,-0.30567073822021484) 0.5 -0.33770109672659165 (7.439629554748535,3.4991250038146973) (0.3026304244995117,-0.0008749812841415405) 0.5 -0.09075090395956287 (8.827463150024414,4.717232704162598) (0.6654397249221802,0.2172325700521469) 0.5 -0.17116546797329904 (6.323892593383789,5.0) (0,0) 1e-07 0.1029333879225377 (6.323892593383789,1.0) (0,0) 1e-07 0.1029333879225377 
2.0 (6.931729793548584,2.531167984008789) (0.6078372597694397,-0.045728884637355804) 0.5 0.1029333879225377 (10.0,3.1374221978748764) 3.0 -0.07509066365403809 (8.106857299804688,1.1968164443969727) (0.6551581025123596,-0.24651135504245758) 0.5 0.30556561782676106 (9.42626667022705,1.8886585235595703) (0.629734456539154,-0.30567067861557007) 0.5 -0.33770109672659165 (8.129239082336426,3.6192872524261475) (0.6896092891693115,0.12016215175390244) 0.5 -0.09075090395956287 (9.492902755737305,4.934465408325195) (0.6654397249221802,0.21723249554634094) 0.5 -0.17116546797329904 (6.931729793548584,5.0) (0,0) 1e-07 0.1029333879225377 (6.931729793548584,1.0) (0,0) 1e-07 0.1029333879225377 
3.0 (7.475162506103516,2.558006525039673) (0.5434327721595764,0.026838548481464386) 0.5 0.1029333879225377 (10.0,3.1374221978748764) 3.0 0.04934696849292282 (8.762015342712402,0.9503051042556763) (0.6551581621170044,-0.24651136994361877) 0.5 0.30556561782676106 (10.056000709533691,1.582987904548645) (0.629734456539154,-0.3056706190109253) 0.5 -0.33770109672659165 (8.818848609924316,3.7394492626190186) (0.6896092891693115,0.12016211450099945) 0.5 -0.09075090395956287 (10.158342361450195,5.151697635650635) (0.6654397249221802,0.21723242104053497) 0.5 -0.17116546797329904 (7.0,5.0) (0,0) 1e-07 0.1029333879225377 (7.0,1.0) (0,0) 1e-07 0.1029333879225377 
4.0 (8.045377731323242,2.5686702728271484) (0.5702149868011475,0.010663673281669617) 0.5 0.1029333879225377 (10.0,3.1374221978748764) 3.0 0.01869896555459786 (9.417173385620117,0.7037937641143799) (0.6551581621170044,-0.24651136994361877) 0.5 0.30556561782676106 (10.685735702514648,1.2773174047470093) (0.6297345161437988,-0.30567049980163574) 0.5 -0.33770109672659165 (9.508458137512207,3.8596115112304688) (0.6896093487739563,0.12016220390796661) 0.5 -0.09075090395956287 (10.823781967163086,5.368930339813232) (0.6654397249221802,0.21723252534866333) 0.5 -0.17116546797329904 (7.0,5.0) (0,0) 1e-07 0.1029333879225377 (7.0,1.0) (0,0) 1e-07 0.1029333879225377 
5.0 (8.634686470031738,2.5875046253204346) (0.5893088579177856,0.018834397196769714) 0.5 0.1029333879225377 (10.0,3.1374221978748764) 3.0 0.031949270856739674 (9.958800315856934,0.5) (0.5416266918182373,-0.20379376411437988) 0.5 0.30556561782676106 (11.257057189941406,1.0) (0.5713215470314026,-0.2773174047470093) 0.5 -0.33770109672659165 (10.198067665100098,3.979773759841919) (0.6896092891693115,0.12016216665506363) 0.5 -0.09075090395956287 (11.2252836227417,5.5) (0.40150123834609985,0.13106966018676758) 0.5 -0.17116546797329904 (7.0,5.0) (0,0) 1e-07 0.1029333879225377 (7.0,1.0) (0,0) 1e-07 0.1029333879225377 
6.0 (9.275140762329102,2.607823610305786) (0.6404538154602051,0.020319081842899323) 0.5 0.1029333879225377 (10.0,3.1374221978748764) 3.0 0.031715430715811836 (9.958800315856934,0.5) (-2.2526802467837115e-07,0.0) 0.5 0.30556561782676106 (11.506304740905762,1.080046534538269) (0.24924710392951965,0.08004650473594666) 0.5 -0.33770109672659165 (10.314146041870117,4.0) (0.11607834696769714,0.020226240158081055) 0.5 -0.09075090395956287 (11.2252836227417,5.5) (-4.215263516016421e-07,0.0) 0.5 -0.17116546797329904 (7.0,5.0) (0,0) 1e-07 0.1029333879225377 (7.0,1.0) (0,0) 1e-07 0.1029333879225377 
7.0 (10.202469825744629,2.695298910140991) (0.9273287057876587,0.0874752402305603) 0.5 0.1029333879225377 (10.0,3.1374221978748764) 3.0 0.09405204254596743 (9.958800315856934,0.5) (-2.2526802467837115e-07,0.0) 0.5 0.30556561782676106 (11.319046020507812,1.0227736234664917) (-0.1872584968805313,-0.05727294087409973) 0.5 -0.33770109672659165 (10.314146041870117,4.0) (-2.7280199432766494e-08,0.0) 0.5 -0.09075090395956287 (11.2252836227417,5.5) (-4.215263516016421e-07,0.0) 0.5 -0.17116546797329904 (7.0,5.0) (0,0) 1e-07 0.1029333879225377 (7.0,1.0) (0,0) 1e-07 0.1029333879225377 
