[[(7.0, 6.0), (0, 6.0), (0, 5.0), (7.0, 5.0)], [(7.0, 1.0), (0, 1.0), (0, 0), (7.0, 0)]]
timestamp position0 velocity0 radius0 heading0 goal pref_speed theta position1 velocity1 radius1 heading1 position2 velocity2 radius2 heading2 position3 velocity3 radius3 heading3 position4 velocity4 radius4 heading4 position5 velocity5 radius5 heading5 position6 velocity6 radius6 heading6 
0.0 (6.0,2.6531546115875244) (0.0,0.0) 0.5 -0.35545396063675017 (10.0,3.2969528178757876) 3.0 0.0 (7.333241939544678,1.5) (0.0,0.0) 0.5 -0.10792372723802957 (8.34223461151123,2.5) (0.0,0.0) 0.5 0.148003388547561 (7.308788299560547,3.5) (0.0,0.0) 0.5 0.09692280973923434 (8.27016830444336,4.5) (0.0,0.0) 0.5 0.2786450753619254 (6.0,5.0) (0,0) 1e-07 -0.35545396063675017 (6.0,1.0) (0,0) 1e-07 -0.35545396063675017 
1.0 (6.368301868438721,2.5983312129974365) (0.3683019280433655,-0.05482342839241028) 0.5 -0.35545396063675017 (10.0,3.2969528178757876) 3.0 -0.14776954354066796 (7.952598571777344,1.1738137006759644) (0.6193564534187317,-0.32618629932403564) 0.5 -0.10792372723802957 (8.972926139831543,2.1963090896606445) (0.6306915283203125,-0.30369091033935547) 0.5 0.148003388547561 (7.601302623748779,3.487321376800537) (0.2925143241882324,-0.012678667902946472) 0.5 0.09692280973923434 (8.934165954589844,4.72160005569458) (0.6639980673789978,0.22159995138645172) 0.5 0.2786450753619254 (6.368301868438721,5.0) (0,0) 1e-07 -0.35545396063675017 (6.368301868438721,1.0) (0,0) 1e-07 -0.35545396063675017 
2.0 (6.931473731994629,2.6146843433380127) (0.5631717443466187,0.016353100538253784) 0.5 -0.35545396063675017 (10.0,3.2969528178757876) 3.0 0.029029344676447643 (8.62440013885498,0.9771357774734497) (0.6718018651008606,-0.19667795300483704) 0.5 -0.10792372723802957 (9.603617668151855,1.892618179321289) (0.6306914687156677,-0.3036908507347107) 0.5 0.148003388547561 (8.287337303161621,3.626450538635254) (0.6860343217849731,0.13912923634052277) 0.5 0.09692280973923434 (9.598163604736328,4.94320011138916) (0.6639981269836426,0.22159990668296814) 0.5 0.2786450753619254 (6.931473731994629,5.0) (0,0) 1e-07 -0.35545396063675017 (6.931473731994629,1.0) (0,0) 1e-07 -0.35545396063675017 
3.0 (7.484614849090576,2.6468849182128906) (0.5531409382820129,0.03220060095191002) 0.5 -0.35545396063675017 (10.0,3.2969528178757876) 3.0 0.05814847146204483 (9.296201705932617,0.7804578542709351) (0.6718018651008606,-0.19667793810367584) 0.5 -0.10792372723802957 (10.234309196472168,1.5889272689819336) (0.6306915283203125,-0.3036908805370331) 0.5 0.148003388547561 (8.973371505737305,3.7655797004699707) (0.6860343217849731,0.13912928104400635) 0.5 0.09692280973923434 (10.262161254882812,5.164799690246582) (0.6639981269836426,0.2215997725725174) 0.5 0.2786450753619254 (7.0,5.0) (0,0) 1e-07 -0.35545396063675017 (7.0,1.0) (0,0) 1e-07 -0.35545396063675017 
4.0 (8.09537124633789,2.6723074913024902) (0.6107568144798279,0.025422677397727966) 0.5 -0.35545396063675017 (10.0,3.2969528178757876) 3.0 0.04160086197821888 (9.968003273010254,0.5837799310684204) (0.6718018651008606,-0.19667792320251465) 0.5 -0.10792372723802957 (10.86500072479248,1.2852363586425781) (0.6306915879249573,-0.3036908805370331) 0.5 0.148003388547561 (9.659405708312988,3.9047091007232666) (0.6860343217849731,0.13912935554981232) 0.5 0.09692280973923434 (10.926158905029297,5.386399269104004) (0.6639981269836426,0.22159981727600098) 0.5 0.2786450753619254 (7.0,5.0) (0,0) 1e-07 -0.35545396063675017 (7.0,1.0) (0,0) 1e-07 -0.35545396063675017 
5.0 (8.835563659667969,2.7246367931365967) (0.7401919960975647,0.05232926458120346) 0.5 -0.35545396063675017 (10.0,3.2969528178757876) 3.0 0.0705794496060239 (10.25417423248291,0.5) (0.2861713767051697,-0.08377993106842041) 0.5 -0.10792372723802957 (11.457366943359375,1.0) (0.5923662185668945,-0.2852363586425781) 0.5 0.148003388547561 (10.129277229309082,4.0) (0.4698711633682251,0.0952908992767334) 0.5 0.09692280973923434 (11.266550064086914,5.5) (0.3403911292552948,0.1136007308959961) 0.5 0.2786450753619254 (7.0,5.0) (0,0) 1e-07 -0.35545396063675017 (7.0,1.0) (0,0) 1e-07 -0.35545396063675017 
6.0 (9.595653533935547,2.786085844039917) (0.7600901126861572,0.0614490769803524) 0.5 -0.35545396063675017 (10.0,3.2969528178757876) 3.0 0.0806690219841707 (10.25417423248291,0.5) (4.2789221765815455e-07,0.0) 0.5 -0.10792372723802957 (11.708942413330078,1.0497592687606812) (0.2515751123428345,0.04975929856300354) 0.5 0.148003388547561 (10.147021293640137,4.022858142852783) (0.017744004726409912,0.022858113050460815) 0.5 0.09692280973923434 (11.266550064086914,5.5) (-3.493272515697754e-08,0.0) 0.5 0.2786450753619254 (7.0,5.0) (0,0) 1e-07 -0.35545396063675017 (7.0,1.0) (0,0) 1e-07 -0.35545396063675017 
7.0 (10.318946838378906,2.844356060028076) (0.723293125629425,0.05827030539512634) 0.5 -0.35545396063675017 (10.0,3.2969528178757876) 3.0 0.08038888762526819 (10.25417423248291,0.5) (4.2789221765815455e-07,0.0) 0.5 -0.10792372723802957 (11.554913520812988,1.0342727899551392) (-0.15402859449386597,-0.015486478805541992) 0.5 0.148003388547561 (10.129277229309082,4.0) (-0.017744427546858788,-0.022858142852783203) 0.5 0.09692280973923434 (11.266550064086914,5.5) (-3.493272515697754e-08,0.0) 0.5 0.2786450753619254 (7.0,5.0) (0,0) 1e-07 -0.35545396063675017 (7.0,1.0) (0,0) 1e-07 -0.35545396063675017 
