[[(7.0, 6.0), (0, 6.0), (0, 5.0), (7.0, 5.0)], [(7.0, 1.0), (0, 1.0), (0, 0), (7.0, 0)]]
timestamp position0 velocity0 radius0 heading0 goal pref_speed theta position1 velocity1 radius1 heading1 position2 velocity2 radius2 heading2 position3 velocity3 radius3 heading3 position4 velocity4 radius4 heading4 position5 velocity5 radius5 heading5 position6 velocity6 radius6 heading6 
0.0 (6.0,2.7860820293426514) (0.0,0.0) 0.5 0.014682197877068925 (10.0,3.3473319306916034) 3.0 0.0 (7.161121845245361,1.5) (0.0,0.0) 0.5 -0.0909605708489542 (8.163018226623535,2.5) (0.0,0.0) 0.5 0.29387703700950185 (7.144184589385986,3.5) (0.0,0.0) 0.5 -0.08854553386785474 (8.261205673217773,4.5) (0.0,0.0) 0.5 -0.1911744235573558 (6.0,5.0) (0,0) 1e-07 0.014682197877068925 (6.0,1.0) (0,0) 1e-07 0.014682197877068925 
1.0 (6.2812066078186035,2.6647024154663086) (0.2812066376209259,-0.1213795617222786) 0.5 0.014682197877068925 (10.0,3.3473319306916034) 3.0 -0.4074799043298409 (7.601701259613037,1.3527058362960815) (0.44057926535606384,-0.14729416370391846) 0.5 -0.0909605708489542 (8.781111717224121,2.171427011489868) (0.6180935502052307,-0.3285730481147766) 0.5 0.29387703700950185 (7.462305545806885,3.518897771835327) (0.3181208372116089,0.01889777183532715) 0.5 -0.08854553386785474 (8.928346633911133,4.711950302124023) (0.6671410202980042,0.21195021271705627) 0.5 -0.1911744235573558 (6.2812066078186035,5.0) (0,0) 1e-07 0.014682197877068925 (6.2812066078186035,1.0) (0,0) 1e-07 0.014682197877068925 
2.0 (6.856607913970947,2.6355512142181396) (0.5754014253616333,-0.029151231050491333) 0.5 0.014682197877068925 (10.0,3.3473319306916034) 3.0 -0.05061914598428736 (8.265717506408691,1.1311601400375366) (0.6640161871910095,-0.22154568135738373) 0.5 -0.0909605708489542 (9.399205207824707,1.8428539037704468) (0.6180936098098755,-0.3285731077194214) 0.5 0.29387703700950185 (8.150127410888672,3.6489017009735107) (0.6878219246864319,0.13000398874282837) 0.5 -0.08854553386785474 (9.595487594604492,4.923900604248047) (0.6671410202980042,0.21195019781589508) 0.5 -0.1911744235573558 (6.856607913970947,5.0) (0,0) 1e-07 0.014682197877068925 (6.856607913970947,1.0) (0,0) 1e-07 0.014682197877068925 
3.0 (7.4405741691589355,2.665281057357788) (0.5839664340019226,0.029729820787906647) 0.5 0.014682197877068925 (10.0,3.3473319306916034) 3.0 0.050866238042068565 (8.929733276367188,0.9096144437789917) (0.6640162467956543,-0.22154571115970612) 0.5 -0.0909605708489542 (10.017298698425293,1.5142807960510254) (0.6180936098098755,-0.328573077917099) 0.5 0.29387703700950185 (8.837949752807617,3.7789056301116943) (0.6878218650817871,0.13000400364398956) 0.5 -0.08854553386785474 (10.262628555297852,5.13585090637207) (0.6671410799026489,0.2119501531124115) 0.5 -0.1911744235573558 (7.0,5.0) (0,0) 1e-07 0.014682197877068925 (7.0,1.0) (0,0) 1e-07 0.014682197877068925 
4.0 (8.18437385559082,2.7113356590270996) (0.743800163269043,0.04605468735098839) 0.5 0.014682197877068925 (10.0,3.3473319306916034) 3.0 0.06183914584630809 (9.593749046325684,0.6880688667297363) (0.6640161871910095,-0.22154560685157776) 0.5 -0.0909605708489542 (10.635392189025879,1.1857078075408936) (0.6180936098098755,-0.3285730183124542) 0.5 0.29387703700950185 (9.525772094726562,3.908909797668457) (0.6878218650817871,0.13000410795211792) 0.5 -0.08854553386785474 (10.929769515991211,5.3478007316589355) (0.6671410202980042,0.21195004880428314) 0.5 -0.1911744235573558 (7.0,5.0) (0,0) 1e-07 0.014682197877068925 (7.0,1.0) (0,0) 1e-07 0.014682197877068925 
5.0 (8.900691986083984,2.7635340690612793) (0.7163176536560059,0.05219848081469536) 0.5 0.014682197877068925 (10.0,3.3473319306916034) 3.0 0.07274200264703327 (10.157428741455078,0.5) (0.5636800527572632,-0.18806886672973633) 0.5 -0.0909605708489542 (11.136678695678711,1.0596057176589966) (0.5012862086296082,-0.12610211968421936) 0.5 0.29387703700950185 (10.007709503173828,4.0) (0.4819371998310089,0.09109020233154297) 0.5 -0.08854553386785474 (11.408836364746094,5.5) (0.4790669083595276,0.15219926834106445) 0.5 -0.1911744235573558 (7.0,5.0) (0,0) 1e-07 0.014682197877068925 (7.0,1.0) (0,0) 1e-07 0.014682197877068925 
6.0 (9.623048782348633,2.8032517433166504) (0.7223572731018066,0.03971763700246811) 0.5 0.014682197877068925 (10.0,3.3473319306916034) 3.0 0.05492806194642022 (10.157428741455078,0.5) (3.746602601495397e-07,0.0) 0.5 -0.0909605708489542 (11.356821060180664,1.2522512674331665) (0.22014237940311432,0.19264556467533112) 0.5 0.29387703700950185 (10.049869537353516,4.061617851257324) (0.0421605110168457,0.061617836356163025) 0.5 -0.08854553386785474 (11.408836364746094,5.5) (4.584894242043447e-08,0.0) 0.5 -0.1911744235573558 (7.0,5.0) (0,0) 1e-07 0.014682197877068925 (7.0,1.0) (0,0) 1e-07 0.014682197877068925 
7.0 (10.483407974243164,2.8780336380004883) (0.8603594303131104,0.07478196173906326) 0.5 0.014682197877068925 (10.0,3.3473319306916034) 3.0 0.08670153724888736 (10.157428741455078,0.5) (3.746602601495397e-07,0.0) 0.5 -0.0909605708489542 (11.306798934936523,1.214377760887146) (-0.05002202093601227,-0.03787348046898842) 0.5 0.29387703700950185 (10.007709503173828,4.0) (-0.04216023162007332,-0.06161785125732422) 0.5 -0.08854553386785474 (11.408836364746094,5.5) (4.584894242043447e-08,0.0) 0.5 -0.1911744235573558 (7.0,5.0) (0,0) 1e-07 0.014682197877068925 (7.0,1.0) (0,0) 1e-07 0.014682197877068925 
