[[(7.0, 6.0), (0, 6.0), (0, 5.0), (7.0, 5.0)], [(7.0, 1.0), (0, 1.0), (0, 0), (7.0, 0)]]
timestamp position0 velocity0 radius0 heading0 goal pref_speed theta position1 velocity1 radius1 heading1 position2 velocity2 radius2 heading2 position3 velocity3 radius3 heading3 position4 velocity4 radius4 heading4 position5 velocity5 radius5 heading5 position6 velocity6 radius6 heading6 
0.0 (6.0,3.107154369354248) (0.0,0.0) 0.5 0.0016581849029199125 (10.0,3.4665258566317863) 3.0 0.0 (7.229766845703125,1.5) (0.0,0.0) 0.5 -0.07403150804252018 (8.147541046142578,2.5) (0.0,0.0) 0.5 0.3230394215949204 (7.027304649353027,3.5) (0.0,0.0) 0.5 0.39035403294868454 (8.388143539428711,4.5) (0.0,0.0) 0.5 0.020438131038425955 (6.0,5.0) (0,0) 1e-07 0.0016581849029199125 (6.0,1.0) (0,0) 1e-07 0.0016581849029199125 
1.0 (6.107362747192383,2.9661803245544434) (0.10736298561096191,-0.14097416400909424) 0.5 0.0016581849029199125 (10.0,3.4665258566317863) 3.0 -0.9199256488852701 (7.7831010818481445,1.2346603870391846) (0.5533340573310852,-0.26533955335617065) 0.5 -0.07403150804252018 (8.777419090270996,2.1946263313293457) (0.6298784613609314,-0.30537375807762146) 0.5 0.3230394215949204 (7.413511753082275,3.555999755859375) (0.38620710372924805,0.05599968135356903) 0.5 0.39035403294868454 (9.053118705749512,4.718649864196777) (0.6649753451347351,0.21864990890026093) 0.5 0.020438131038425955 (6.107362747192383,5.0) (0,0) 1e-07 0.0016581849029199125 (6.107362747192383,1.0) (0,0) 1e-07 0.0016581849029199125 
2.0 (6.610076427459717,2.894129991531372) (0.502713680267334,-0.07205032557249069) 0.5 0.0016581849029199125 (10.0,3.4665258566317863) 3.0 -0.14235335580066086 (8.453289985656738,1.0325549840927124) (0.6701890826225281,-0.20210538804531097) 0.5 -0.07403150804252018 (9.407297134399414,1.8892525434494019) (0.6298784613609314,-0.30537375807762146) 0.5 0.3230394215949204 (8.10401725769043,3.67090106010437) (0.6905053853988647,0.11490121483802795) 0.5 0.39035403294868454 (9.718093872070312,4.937299728393555) (0.6649753451347351,0.21864990890026093) 0.5 0.020438131038425955 (6.610076427459717,5.0) (0,0) 1e-07 0.0016581849029199125 (6.610076427459717,1.0) (0,0) 1e-07 0.0016581849029199125 
3.0 (7.295482635498047,2.931035280227661) (0.6854061484336853,0.036905210465192795) 0.5 0.0016581849029199125 (10.0,3.4665258566317863) 3.0 0.05379234949611003 (9.123478889465332,0.8304495811462402) (0.6701890826225281,-0.20210538804531097) 0.5 -0.07403150804252018 (10.037175178527832,1.5838788747787476) (0.6298784613609314,-0.3053736388683319) 0.5 0.3230394215949204 (8.794522285461426,3.7858023643493652) (0.6905053853988647,0.11490119993686676) 0.5 0.39035403294868454 (10.383069038391113,5.155949592590332) (0.6649752855300903,0.21864987909793854) 0.5 0.020438131038425955 (7.0,5.0) (0,0) 1e-07 0.0016581849029199125 (7.0,1.0) (0,0) 1e-07 0.0016581849029199125 
4.0 (7.9966230392456055,2.9706432819366455) (0.7011405229568481,0.03960798680782318) 0.5 0.0016581849029199125 (10.0,3.4665258566317863) 3.0 0.056430820258672666 (9.793667793273926,0.6283442974090576) (0.6701890826225281,-0.202105313539505) 0.5 -0.07403150804252018 (10.667054176330566,1.2785053253173828) (0.629878580570221,-0.3053736090660095) 0.5 0.3230394215949204 (9.485027313232422,3.9007034301757812) (0.6905053853988647,0.11490112543106079) 0.5 0.39035403294868454 (11.048044204711914,5.374599456787109) (0.6649753451347351,0.21864990890026093) 0.5 0.020438131038425955 (7.0,5.0) (0,0) 1e-07 0.0016581849029199125 (7.0,1.0) (0,0) 1e-07 0.0016581849029199125 
5.0 (8.729633331298828,3.0127205848693848) (0.7330106496810913,0.04207722097635269) 0.5 0.0016581849029199125 (10.0,3.4665258566317863) 3.0 0.05734036117059716 (10.21926212310791,0.5) (0.4255947172641754,-0.12834429740905762) 0.5 -0.07403150804252018 (11.26935863494873,1.0182803869247437) (0.6023045182228088,-0.2602249085903168) 0.5 0.3230394215949204 (10.081756591796875,4.0) (0.5967289209365845,0.09929656982421875) 0.5 0.39035403294868454 (11.429422378540039,5.5) (0.3813782036304474,0.12540054321289062) 0.5 0.020438131038425955 (7.0,5.0) (0,0) 1e-07 0.0016581849029199125 (7.0,1.0) (0,0) 1e-07 0.0016581849029199125 
6.0 (9.55392837524414,3.0683274269104004) (0.8242945671081543,0.05560695379972458) 0.5 0.0016581849029199125 (10.0,3.4665258566317863) 3.0 0.06735799612190775 (10.21926212310791,0.5) (3.8219229736569105e-07,0.0) 0.5 -0.07403150804252018 (11.608966827392578,1.1157350540161133) (0.33960849046707153,0.09745460748672485) 0.5 0.3230394215949204 (10.245523452758789,4.140687942504883) (0.1637665331363678,0.1406879425048828) 0.5 0.39035403294868454 (11.429422378540039,5.5) (3.7637036598425766e-08,0.0) 0.5 0.020438131038425955 (7.0,5.0) (0,0) 1e-07 0.0016581849029199125 (7.0,1.0) (0,0) 1e-07 0.0016581849029199125 
7.0 (10.52476692199707,3.1678996086120605) (0.9708389043807983,0.09957219660282135) 0.5 0.0016581849029199125 (10.0,3.4665258566317863) 3.0 0.10220567396290718 (10.21926212310791,0.5) (3.8219229736569105e-07,0.0) 0.5 -0.07403150804252018 (11.518515586853027,1.1142393350601196) (-0.09045158326625824,-0.0014956966042518616) 0.5 0.3230394215949204 (10.087421417236328,4.211057662963867) (-0.15810221433639526,0.0703696459531784) 0.5 0.39035403294868454 (11.429422378540039,5.5) (3.7637036598425766e-08,0.0) 0.5 0.020438131038425955 (7.0,5.0) (0,0) 1e-07 0.0016581849029199125 (7.0,1.0) (0,0) 1e-07 0.0016581849029199125 
