[[(7.0, 6.0), (0, 6.0), (0, 5.0), (7.0, 5.0)], [(7.0, 1.0), (0, 1.0), (0, 0), (7.0, 0)]]
timestamp position0 velocity0 radius0 heading0 goal pref_speed theta position1 velocity1 radius1 heading1 position2 velocity2 radius2 heading2 position3 velocity3 radius3 heading3 position4 velocity4 radius4 heading4 position5 velocity5 radius5 heading5 position6 velocity6 radius6 heading6 
0.0 (6.0,2.6427817344665527) (0.0,0.0) 0.5 -0.2744320845674219 (10.0,3.3323408179032157) 3.0 0.0 (7.062636852264404,1.5) (0.0,0.0) 0.5 -0.052073243666398816 (8.041398048400879,2.5) (0.0,0.0) 0.5 -0.2895909555165456 (7.25543737411499,3.5) (0.0,0.0) 0.5 -0.014175865873705173 (8.464371681213379,4.5) (0.0,0.0) 0.5 0.3101542530421234 (6.0,5.0) (0,0) 1e-07 -0.2744320845674219 (6.0,1.0) (0,0) 1e-07 -0.2744320845674219 
1.0 (6.3524556159973145,2.5878336429595947) (0.35245540738105774,-0.054948002099990845) 0.5 -0.2744320845674219 (10.0,3.3323408179032157) 3.0 -0.15465563028463886 (7.390862464904785,1.4580942392349243) (0.32822558283805847,-0.041905760765075684) 0.5 -0.052073243666398816 (8.658642768859863,2.169835329055786) (0.6172448992729187,-0.33016470074653625) 0.5 -0.2895909555165456 (7.565837383270264,3.5710458755493164) (0.31039994955062866,0.07104595750570297) 0.5 -0.014175865873705173 (9.126530647277832,4.727035045623779) (0.6621593236923218,0.227035254240036) 0.5 0.3101542530421234 (6.3524556159973145,5.0) (0,0) 1e-07 -0.2744320845674219 (6.3524556159973145,1.0) (0,0) 1e-07 -0.2744320845674219 
2.0 (6.975239276885986,2.6117560863494873) (0.6227835416793823,0.023922517895698547) 0.5 -0.2744320845674219 (10.0,3.3323408179032157) 3.0 0.0383933755483269 (8.05013370513916,1.2228038311004639) (0.6592710614204407,-0.23529034852981567) 0.5 -0.052073243666398816 (9.275887489318848,1.8396706581115723) (0.6172448992729187,-0.33016470074653625) 0.5 -0.2895909555165456 (8.257834434509277,3.6765944957733154) (0.691996693611145,0.10554869472980499) 0.5 -0.014175865873705173 (9.788689613342285,4.954070091247559) (0.6621593236923218,0.2270352691411972) 0.5 0.3101542530421234 (6.975239276885986,5.0) (0,0) 1e-07 -0.2744320845674219 (6.975239276885986,1.0) (0,0) 1e-07 -0.2744320845674219 
3.0 (7.526648998260498,2.6481778621673584) (0.5514095425605774,0.036421775817871094) 0.5 -0.2744320845674219 (10.0,3.3323408179032157) 3.0 0.06595632327734671 (8.709404945373535,0.9875134229660034) (0.6592711806297302,-0.23529039323329926) 0.5 -0.052073243666398816 (9.893132209777832,1.5095059871673584) (0.6172448992729187,-0.3301646411418915) 0.5 -0.2895909555165456 (8.949831008911133,3.7821433544158936) (0.691996693611145,0.10554874688386917) 0.5 -0.014175865873705173 (10.450848579406738,5.181105613708496) (0.662159264087677,0.2270353138446808) 0.5 0.3101542530421234 (7.0,5.0) (0,0) 1e-07 -0.2744320845674219 (7.0,1.0) (0,0) 1e-07 -0.2744320845674219 
4.0 (8.206070899963379,2.6896822452545166) (0.6794219017028809,0.04150436073541641) 0.5 -0.2744320845674219 (10.0,3.3323408179032157) 3.0 0.061011940370406345 (9.36867618560791,0.7522230744361877) (0.6592711806297302,-0.23529036343097687) 0.5 -0.052073243666398816 (10.510376930236816,1.179341435432434) (0.6172448992729187,-0.3301645517349243) 0.5 -0.2895909555165456 (9.641827583312988,3.8876919746398926) (0.691996693611145,0.1055486723780632) 0.5 -0.014175865873705173 (11.113008499145508,5.408140659332275) (0.6621594429016113,0.22703513503074646) 0.5 0.3101542530421234 (7.0,5.0) (0,0) 1e-07 -0.2744320845674219 (7.0,1.0) (0,0) 1e-07 -0.2744320845674219 
5.0 (8.998968124389648,2.7621607780456543) (0.7928969860076904,0.07247862964868546) 0.5 -0.2744320845674219 (10.0,3.3323408179032157) 3.0 0.09115656313651894 (10.027947425842285,0.5169326663017273) (0.6592710614204407,-0.23529039323329926) 0.5 -0.052073243666398816 (10.991074562072754,1.0439348220825195) (0.4806974530220032,-0.13540656864643097) 0.5 -0.2895909555165456 (10.333824157714844,3.9932405948638916) (0.691996693611145,0.10554871708154678) 0.5 -0.014175865873705173 (11.38092041015625,5.5) (0.2679116129875183,0.09185934066772461) 0.5 0.3101542530421234 (7.0,5.0) (0,0) 1e-07 -0.2744320845674219 (7.0,1.0) (0,0) 1e-07 -0.2744320845674219 
6.0 (9.809321403503418,2.840646266937256) (0.8103532791137695,0.07848545163869858) 0.5 -0.2744320845674219 (10.0,3.3323408179032157) 3.0 0.09655222333871702 (10.07539176940918,0.5) (0.04744436964392662,-0.016932666301727295) 0.5 -0.052073243666398816 (11.181527137756348,1.2683717012405396) (0.1904522180557251,0.22443687915802002) 0.5 -0.2895909555165456 (10.475810050964355,4.100059986114502) (0.141985684633255,0.10681957006454468) 0.5 -0.014175865873705173 (11.38092041015625,5.5) (-3.1117190246732207e-07,0.0) 0.5 0.3101542530421234 (7.0,5.0) (0,0) 1e-07 -0.2744320845674219 (7.0,1.0) (0,0) 1e-07 -0.2744320845674219 
7.0 (10.602226257324219,2.9273195266723633) (0.792905330657959,0.08667323738336563) 0.5 -0.2744320845674219 (10.0,3.3323408179032157) 3.0 0.10887866674439718 (10.07539176940918,0.5) (2.787216857313979e-08,0.0) 0.5 -0.052073243666398816 (11.169184684753418,1.2615222930908203) (-0.012342721223831177,-0.006849374622106552) 0.5 -0.2895909555165456 (10.378047943115234,4.062654972076416) (-0.09776188433170319,-0.03740505129098892) 0.5 -0.014175865873705173 (11.38092041015625,5.5) (-3.1117190246732207e-07,0.0) 0.5 0.3101542530421234 (7.0,5.0) (0,0) 1e-07 -0.2744320845674219 (7.0,1.0) (0,0) 1e-07 -0.2744320845674219 
