[[(7.0, 6.0), (0, 6.0), (0, 5.0), (7.0, 5.0)], [(7.0, 1.0), (0, 1.0), (0, 0), (7.0, 0)]]
timestamp position0 velocity0 radius0 heading0 goal pref_speed theta position1 velocity1 radius1 heading1 position2 velocity2 radius2 heading2 position3 velocity3 radius3 heading3 position4 velocity4 radius4 heading4 position5 velocity5 radius5 heading5 position6 velocity6 radius6 heading6 
0.0 (6.0,2.5746281147003174) (0.0,0.0) 0.5 -0.3835651780702807 (10.0,3.2963544715026343) 3.0 0.0 (7.497829914093018,1.5) (0.0,0.0) 0.5 0.19365389193144122 (8.365797996520996,2.5) (0.0,0.0) 0.5 -0.17527852083320816 (7.447751045227051,3.5) (0.0,0.0) 0.5 -0.3453765692513396 (8.037358283996582,4.5) (0.0,0.0) 0.5 0.16393362440851145 (6.0,5.0) (0,0) 1e-07 -0.3835651780702807 (6.0,1.0) (0,0) 1e-07 -0.3835651780702807 
1.0 (6.429860591888428,2.568905830383301) (0.4298604428768158,-0.005722180008888245) 0.5 -0.3835651780702807 (10.0,3.2963544715026343) 3.0 -0.01331092950316977 (8.118345260620117,1.176023006439209) (0.620514988899231,-0.323976993560791) 0.5 0.19365389193144122 (8.998379707336426,2.200266122817993) (0.6325816512107849,-0.29973387718200684) 0.5 -0.17527852083320816 (7.670636177062988,3.4619648456573486) (0.22288528084754944,-0.03803517669439316) 0.5 -0.3453765692513396 (8.704011917114258,4.713477611541748) (0.6666537523269653,0.21347759664058685) 0.5 0.16393362440851145 (6.429860591888428,5.0) (0,0) 1e-07 -0.3835651780702807 (6.429860591888428,1.0) (0,0) 1e-07 -0.3835651780702807 
2.0 (7.0106987953186035,2.5906765460968018) (0.580838143825531,0.021770723164081573) 0.5 -0.3835651780702807 (10.0,3.2963544715026343) 3.0 0.03746402846387527 (8.793145179748535,0.9898914694786072) (0.6747999787330627,-0.186131551861763) 0.5 0.19365389193144122 (9.630961418151855,1.9005322456359863) (0.6325817108154297,-0.29973387718200684) 0.5 -0.17527852083320816 (8.358755111694336,3.5903894901275635) (0.6881185173988342,0.12842456996440887) 0.5 -0.3453765692513396 (9.370665550231934,4.926955223083496) (0.6666537523269653,0.21347759664058685) 0.5 0.16393362440851145 (7.0,5.0) (0,0) 1e-07 -0.3835651780702807 (7.0,1.0) (0,0) 1e-07 -0.3835651780702807 
3.0 (7.549453258514404,2.6262948513031006) (0.5387543439865112,0.035618193447589874) 0.5 -0.3835651780702807 (10.0,3.2963544715026343) 3.0 0.06601605356100745 (9.467945098876953,0.8037599325180054) (0.6747999787330627,-0.186131551861763) 0.5 0.19365389193144122 (10.263543128967285,1.6007983684539795) (0.6325817108154297,-0.29973387718200684) 0.5 -0.17527852083320816 (9.046874046325684,3.7188141345977783) (0.6881185173988342,0.12842456996440887) 0.5 -0.3453765692513396 (10.03731918334961,5.140432834625244) (0.6666538119316101,0.21347758173942566) 0.5 0.16393362440851145 (7.0,5.0) (0,0) 1e-07 -0.3835651780702807 (7.0,1.0) (0,0) 1e-07 -0.3835651780702807 
4.0 (8.178057670593262,2.6571319103240967) (0.6286046504974365,0.030837059020996094) 0.5 -0.3835651780702807 (10.0,3.2963544715026343) 3.0 0.04901706965661204 (10.142745018005371,0.6176283955574036) (0.674799919128418,-0.186131551861763) 0.5 0.19365389193144122 (10.896124839782715,1.3010644912719727) (0.6325817108154297,-0.2997339069843292) 0.5 -0.17527852083320816 (9.734992980957031,3.847238779067993) (0.6881185173988342,0.12842456996440887) 0.5 -0.3453765692513396 (10.703972816467285,5.353910446166992) (0.6666538715362549,0.2134775072336197) 0.5 0.16393362440851145 (7.0,5.0) (0,0) 1e-07 -0.3835651780702807 (7.0,1.0) (0,0) 1e-07 -0.3835651780702807 
5.0 (8.91321849822998,2.714451313018799) (0.7351605296134949,0.05731946974992752) 0.5 -0.3835651780702807 (10.0,3.2963544715026343) 3.0 0.07781122465853284 (10.569193840026855,0.5) (0.42644912004470825,-0.11762839555740356) 0.5 0.19365389193144122 (11.548572540283203,1.0474662780761719) (0.6524476408958435,-0.253598153591156) 0.5 -0.17527852083320816 (10.423111915588379,3.975663423538208) (0.6881185173988342,0.12842456996440887) 0.5 -0.3453765692513396 (11.160185813903809,5.5) (0.45621320605278015,0.1460895538330078) 0.5 0.16393362440851145 (7.0,5.0) (0,0) 1e-07 -0.3835651780702807 (7.0,1.0) (0,0) 1e-07 -0.3835651780702807 
6.0 (9.650262832641602,2.771399736404419) (0.7370440363883972,0.056948356330394745) 0.5 -0.3835651780702807 (10.0,3.2963544715026343) 3.0 0.07711266926234887 (10.569193840026855,0.5) (2.944742050203786e-07,0.0) 0.5 0.19365389193144122 (11.938611030578613,1.1389762163162231) (0.3900384306907654,0.09150990843772888) 0.5 -0.17527852083320816 (10.553510665893555,4.0) (0.13039909303188324,0.024336576461791992) 0.5 -0.3453765692513396 (11.160185813903809,5.5) (2.0694679392363469e-07,0.0) 0.5 0.16393362440851145 (7.0,5.0) (0,0) 1e-07 -0.3835651780702807 (7.0,1.0) (0,0) 1e-07 -0.3835651780702807 
7.0 (10.357879638671875,2.8362698554992676) (0.7076169848442078,0.06487016379833221) 0.5 -0.3835651780702807 (10.0,3.2963544715026343) 3.0 0.0914185922629056 (10.569193840026855,0.5) (2.944742050203786e-07,0.0) 0.5 0.19365389193144122 (11.875125885009766,1.1426594257354736) (-0.06348555535078049,0.003683246672153473) 0.5 -0.17527852083320816 (10.553510665893555,4.0) (3.491403788302705e-07,0.0) 0.5 -0.3453765692513396 (11.160185813903809,5.5) (2.0694679392363469e-07,0.0) 0.5 0.16393362440851145 (7.0,5.0) (0,0) 1e-07 -0.3835651780702807 (7.0,1.0) (0,0) 1e-07 -0.3835651780702807 
