[[(7.0, 6.0), (0, 6.0), (0, 5.0), (7.0, 5.0)], [(7.0, 1.0), (0, 1.0), (0, 0), (7.0, 0)]]
timestamp position0 velocity0 radius0 heading0 goal pref_speed theta position1 velocity1 radius1 heading1 position2 velocity2 radius2 heading2 position3 velocity3 radius3 heading3 position4 velocity4 radius4 heading4 position5 velocity5 radius5 heading5 position6 velocity6 radius6 heading6 
0.0 (6.0,2.79038143157959) (0.0,0.0) 0.5 -0.3278875448548996 (10.0,2.7618761542117047) 3.0 0.0 (7.27521276473999,1.5) (0.0,0.0) 0.5 0.23205692734471206 (8.032692909240723,2.5) (0.0,0.0) 0.5 -0.35671789240424817 (7.035079002380371,3.5) (0.0,0.0) 0.5 0.06620055037539463 (8.141386032104492,4.5) (0.0,0.0) 0.5 0.3916401593280606 (6.0,5.0) (0,0) 1e-07 -0.3278875448548996 (6.0,1.0) (0,0) 1e-07 -0.3278875448548996 
1.0 (6.305737495422363,2.569878101348877) (0.30573737621307373,-0.22050341963768005) 0.5 -0.3278875448548996 (10.0,2.7618761542117047) 3.0 -0.6248250095193699 (7.900741100311279,1.1858116388320923) (0.6255282759666443,-0.3141883313655853) 0.5 0.23205692734471206 (8.660776138305664,2.190950632095337) (0.6280831694602966,-0.3090493083000183) 0.5 -0.35671789240424817 (7.347671985626221,3.520493984222412) (0.31259292364120483,0.020493999123573303) 0.5 0.06620055037539463 (8.80362606048584,4.726799964904785) (0.6622399687767029,0.22679995000362396) 0.5 0.3916401593280606 (6.305737495422363,5.0) (0,0) 1e-07 -0.3278875448548996 (6.305737495422363,1.0) (0,0) 1e-07 -0.3278875448548996 
2.0 (6.991121292114258,2.4065005779266357) (0.6853837966918945,-0.1633775681257248) 0.5 -0.3278875448548996 (10.0,2.7618761542117047) 3.0 -0.23400682063945835 (8.57222843170166,0.9880619645118713) (0.6714872121810913,-0.19774965941905975) 0.5 0.23205692734471206 (9.288859367370605,1.8819013833999634) (0.6280831694602966,-0.3090492784976959) 0.5 -0.35671789240424817 (8.036971092224121,3.642422914505005) (0.6892991662025452,0.12192901223897934) 0.5 0.06620055037539463 (9.465866088867188,4.95359992980957) (0.6622399091720581,0.22679995000362396) 0.5 0.3916401593280606 (6.991121292114258,5.0) (0,0) 1e-07 -0.3278875448548996 (6.991121292114258,1.0) (0,0) 1e-07 -0.3278875448548996 
3.0 (7.637797832489014,2.4546022415161133) (0.6466764211654663,0.0481017529964447) 0.5 -0.3278875448548996 (10.0,2.7618761542117047) 3.0 0.07424630269258306 (9.243715286254883,0.7903122901916504) (0.6714872121810913,-0.19774965941905975) 0.5 0.23205692734471206 (9.916942596435547,1.5728520154953003) (0.6280831694602966,-0.3090493381023407) 0.5 -0.35671789240424817 (8.72627067565918,3.7643518447875977) (0.6892991065979004,0.12192904204130173) 0.5 0.06620055037539463 (10.128106117248535,5.1803998947143555) (0.6622399687767029,0.22679997980594635) 0.5 0.3916401593280606 (7.0,5.0) (0,0) 1e-07 -0.3278875448548996 (7.0,1.0) (0,0) 1e-07 -0.3278875448548996 
4.0 (8.124271392822266,2.4355835914611816) (0.48647385835647583,-0.019018694758415222) 0.5 -0.3278875448548996 (10.0,2.7618761542117047) 3.0 -0.03907509889193334 (9.901495933532715,0.550885796546936) (0.6577802896499634,-0.23942646384239197) 0.5 0.23205692734471206 (10.562424659729004,1.3020150661468506) (0.6454823017120361,-0.2708369195461273) 0.5 -0.35671789240424817 (9.415569305419922,3.8862810134887695) (0.6892990469932556,0.12192913889884949) 0.5 0.06620055037539463 (10.790346145629883,5.407199859619141) (0.6622399687767029,0.22679999470710754) 0.5 0.3916401593280606 (7.0,5.0) (0,0) 1e-07 -0.3278875448548996 (7.0,1.0) (0,0) 1e-07 -0.3278875448548996 
5.0 (8.662688255310059,2.431706190109253) (0.5384170413017273,-0.003877416253089905) 0.5 -0.3278875448548996 (10.0,2.7618761542117047) 3.0 -0.007201386523582478 (10.229512214660645,0.5) (0.3280165493488312,-0.050885796546936035) 0.5 0.23205692734471206 (11.163887023925781,1.091800570487976) (0.6014624834060669,-0.21021445095539093) 0.5 -0.35671789240424817 (10.058454513549805,4.0) (0.6428854465484619,0.11371898651123047) 0.5 0.06620055037539463 (11.061315536499023,5.5) (0.2709696888923645,0.09280014038085938) 0.5 0.3916401593280606 (7.0,5.0) (0,0) 1e-07 -0.3278875448548996 (7.0,1.0) (0,0) 1e-07 -0.3278875448548996 
6.0 (9.211503982543945,2.4239299297332764) (0.5488156080245972,-0.007776275277137756) 0.5 -0.3278875448548996 (10.0,2.7618761542117047) 3.0 -0.01416824671531719 (10.229512214660645,0.5) (2.765484055089473e-07,0.0) 0.5 0.23205692734471206 (11.516841888427734,1.1560022830963135) (0.3529547452926636,0.06420174241065979) 0.5 -0.35671789240424817 (10.058454513549805,4.0) (2.416391566839593e-07,0.0) 0.5 0.06620055037539463 (11.061315536499023,5.5) (2.9729318384852377e-07,0.0) 0.5 0.3916401593280606 (7.0,5.0) (0,0) 1e-07 -0.3278875448548996 (7.0,1.0) (0,0) 1e-07 -0.3278875448548996 
7.0 (9.68449592590332,2.4205102920532227) (0.4729924201965332,-0.0034195855259895325) 0.5 -0.3278875448548996 (10.0,2.7618761542117047) 3.0 -0.007229557606374535 (10.229512214660645,0.5) (2.765484055089473e-07,0.0) 0.5 0.23205692734471206 (11.46106243133545,1.1668072938919067) (-0.055779825896024704,0.010805010795593262) 0.5 -0.35671789240424817 (10.058454513549805,4.0) (2.416391566839593e-07,0.0) 0.5 0.06620055037539463 (11.061315536499023,5.5) (2.9729318384852377e-07,0.0) 0.5 0.3916401593280606 (7.0,5.0) (0,0) 1e-07 -0.3278875448548996 (7.0,1.0) (0,0) 1e-07 -0.3278875448548996 
