[[(7.0, 6.0), (0, 6.0), (0, 5.0), (7.0, 5.0)], [(7.0, 1.0), (0, 1.0), (0, 0), (7.0, 0)]]
timestamp position0 velocity0 radius0 heading0 goal pref_speed theta position1 velocity1 radius1 heading1 position2 velocity2 radius2 heading2 position3 velocity3 radius3 heading3 position4 velocity4 radius4 heading4 position5 velocity5 radius5 heading5 position6 velocity6 radius6 heading6 
0.0 (6.0,2.7789664268493652) (0.0,0.0) 0.5 0.38948329377656943 (10.0,3.332457167097267) 3.0 0.0 (7.059744834899902,1.5) (0.0,0.0) 0.5 0.23488449753202234 (8.091297149658203,2.5) (0.0,0.0) 0.5 0.37280032745436176 (7.0117034912109375,3.5) (0.0,0.0) 0.5 0.29012401551172873 (8.052291870117188,4.5) (0.0,0.0) 0.5 0.05239937093108865 (6.0,5.0) (0,0) 1e-07 0.38948329377656943 (6.0,1.0) (0,0) 1e-07 0.38948329377656943 
1.0 (6.262372016906738,2.619610548019409) (0.2623719573020935,-0.15935584902763367) 0.5 0.38948329377656943 (10.0,3.332457167097267) 3.0 -0.5458181995180913 (7.404477596282959,1.4580916166305542) (0.3447325825691223,-0.041908398270606995) 0.5 0.23488449753202234 (8.720867156982422,2.1939918994903564) (0.629570484161377,-0.30600813031196594) 0.5 0.37280032745436176 (7.326199054718018,3.4925520420074463) (0.31449559330940247,-0.007448062300682068) 0.5 0.29012401551172873 (8.715826034545898,4.722986698150635) (0.6635336875915527,0.22298654913902283) 0.5 0.05239937093108865 (6.262372016906738,5.0) (0,0) 1e-07 0.38948329377656943 (6.262372016906738,1.0) (0,0) 1e-07 0.38948329377656943 
2.0 (6.795548439025879,2.5461742877960205) (0.5331762433052063,-0.07343622297048569) 0.5 0.38948329377656943 (10.0,3.332457167097267) 3.0 -0.13687230943552728 (8.066827774047852,1.2316124439239502) (0.6623497009277344,-0.22647923231124878) 0.5 0.23488449753202234 (9.350438117980957,1.887983798980713) (0.6295705437660217,-0.30600810050964355) 0.5 0.37280032745436176 (8.014228820800781,3.6214516162872314) (0.6880296468734741,0.1288996785879135) 0.5 0.29012401551172873 (9.37936019897461,4.9459733963012695) (0.6635336875915527,0.22298657894134521) 0.5 0.05239937093108865 (6.795548439025879,5.0) (0,0) 1e-07 0.38948329377656943 (6.795548439025879,1.0) (0,0) 1e-07 0.38948329377656943 
3.0 (7.371622562408447,2.575009346008301) (0.5760740041732788,0.028835013508796692) 0.5 0.38948329377656943 (10.0,3.332457167097267) 3.0 0.050012616407420454 (8.729177474975586,1.0051331520080566) (0.6623497009277344,-0.22647927701473236) 0.5 0.23488449753202234 (9.980009078979492,1.5819756984710693) (0.6295705437660217,-0.30600816011428833) 0.5 0.37280032745436176 (8.702258110046387,3.7503514289855957) (0.6880296468734741,0.1288997232913971) 0.5 0.29012401551172873 (10.04289436340332,5.168960094451904) (0.6635336875915527,0.22298657894134521) 0.5 0.05239937093108865 (7.0,5.0) (0,0) 1e-07 0.38948329377656943 (7.0,1.0) (0,0) 1e-07 0.38948329377656943 
4.0 (7.978753566741943,2.599783182144165) (0.6071310639381409,0.02477392554283142) 0.5 0.38948329377656943 (10.0,3.332457167097267) 3.0 0.04078228058524593 (9.39152717590332,0.7786538600921631) (0.6623497009277344,-0.22647927701473236) 0.5 0.23488449753202234 (10.609579086303711,1.2759673595428467) (0.6295704245567322,-0.3060082793235779) 0.5 0.37280032745436176 (9.390287399291992,3.879251003265381) (0.6880296468734741,0.12889964878559113) 0.5 0.29012401551172873 (10.706428527832031,5.391946792602539) (0.6635336875915527,0.2229865938425064) 0.5 0.05239937093108865 (7.0,5.0) (0,0) 1e-07 0.38948329377656943 (7.0,1.0) (0,0) 1e-07 0.38948329377656943 
5.0 (8.846156120300293,2.6745872497558594) (0.8674027323722839,0.07480398565530777) 0.5 0.38948329377656943 (10.0,3.332457167097267) 3.0 0.0860262051312504 (10.053876876831055,0.5521745681762695) (0.6623497009277344,-0.22647927701473236) 0.5 0.23488449753202234 (11.177345275878906,1.0) (0.5677658915519714,-0.2759673595428467) 0.5 0.37280032745436176 (10.034811019897461,4.0) (0.6445237994194031,0.12074899673461914) 0.5 0.29012401551172873 (11.027958869934082,5.5) (0.32153013348579407,0.10805320739746094) 0.5 0.05239937093108865 (7.0,5.0) (0,0) 1e-07 0.38948329377656943 (7.0,1.0) (0,0) 1e-07 0.38948329377656943 
6.0 (9.694854736328125,2.7554407119750977) (0.8486989140510559,0.08085355162620544) 0.5 0.38948329377656943 (10.0,3.332457167097267) 3.0 0.09498099597754804 (10.206463813781738,0.5) (0.1525871455669403,-0.05217456817626953) 0.5 0.23488449753202234 (11.530019760131836,1.1365396976470947) (0.35267481207847595,0.13653972744941711) 0.5 0.37280032745436176 (10.110345840454102,4.107254981994629) (0.07553443312644958,0.10725510120391846) 0.5 0.29012401551172873 (11.027958869934082,5.5) (-2.1484436274477048e-07,0.0) 0.5 0.05239937093108865 (7.0,5.0) (0,0) 1e-07 0.38948329377656943 (7.0,1.0) (0,0) 1e-07 0.38948329377656943 
7.0 (10.571727752685547,2.8446645736694336) (0.8768733739852905,0.0892239362001419) 0.5 0.38948329377656943 (10.0,3.332457167097267) 3.0 0.10140336078001401 (10.206463813781738,0.5) (2.0209151330163877e-07,0.0) 0.5 0.23488449753202234 (11.51489543914795,1.1828279495239258) (-0.015124727040529251,0.04628819227218628) 0.5 0.37280032745436176 (10.034811019897461,4.0) (-0.07553465664386749,-0.1072549819946289) 0.5 0.29012401551172873 (11.027958869934082,5.5) (-2.1484436274477048e-07,0.0) 0.5 0.05239937093108865 (7.0,5.0) (0,0) 1e-07 0.38948329377656943 (7.0,1.0) (0,0) 1e-07 0.38948329377656943 
