[[(7.0, 6.0), (0, 6.0), (0, 5.0), (7.0, 5.0)], [(7.0, 1.0), (0, 1.0), (0, 0), (7.0, 0)]]
timestamp position0 velocity0 radius0 heading0 goal pref_speed theta position1 velocity1 radius1 heading1 position2 velocity2 radius2 heading2 position3 velocity3 radius3 heading3 position4 velocity4 radius4 heading4 position5 velocity5 radius5 heading5 position6 velocity6 radius6 heading6 
0.0 (6.0,2.664513111114502) (0.0,0.0) 0.5 0.0978753779507438 (10.0,3.2169526627873264) 3.0 0.0 (7.121377944946289,1.5) (0.0,0.0) 0.5 0.1202493823725842 (8.246947288513184,2.5) (0.0,0.0) 0.5 -0.16562880829211438 (7.0433759689331055,3.5) (0.0,0.0) 0.5 -0.1131106367945584 (8.230167388916016,4.5) (0.0,0.0) 0.5 -0.13084057443579938 (6.0,5.0) (0,0) 1e-07 0.0978753779507438 (6.0,1.0) (0,0) 1e-07 0.0978753779507438 
1.0 (6.31528902053833,2.540081024169922) (0.315289169549942,-0.12443216145038605) 0.5 0.0978753779507438 (10.0,3.2169526627873264) 3.0 -0.3758948473496112 (7.555931091308594,1.3915209770202637) (0.43455326557159424,-0.1084790825843811) 0.5 0.1202493823725842 (8.877681732177734,2.1963980197906494) (0.630734384059906,-0.3036019504070282) 0.5 -0.16562880829211438 (7.407407760620117,3.496243953704834) (0.36403197050094604,-0.0037559717893600464) 0.5 -0.1131106367945584 (8.89313793182373,4.724656581878662) (0.6629701256752014,0.22465673089027405) 0.5 -0.13084057443579938 (6.31528902053833,5.0) (0,0) 1e-07 0.0978753779507438 (6.31528902053833,1.0) (0,0) 1e-07 0.0978753779507438 
2.0 (6.944000244140625,2.497927188873291) (0.6287111043930054,-0.042153872549533844) 0.5 0.0978753779507438 (10.0,3.2169526627873264) 3.0 -0.06694788000717217 (8.215980529785156,1.1584233045578003) (0.6600496172904968,-0.23309765756130219) 0.5 0.1202493823725842 (9.508416175842285,1.8927960395812988) (0.6307343244552612,-0.3036019504070282) 0.5 -0.16562880829211438 (8.09375286102295,3.633833646774292) (0.6863447427749634,0.1375897377729416) 0.5 -0.1131106367945584 (9.556108474731445,4.949313163757324) (0.6629700660705566,0.22465680539608002) 0.5 -0.13084057443579938 (6.944000244140625,5.0) (0,0) 1e-07 0.0978753779507438 (6.944000244140625,1.0) (0,0) 1e-07 0.0978753779507438 
3.0 (7.543060779571533,2.530426263809204) (0.5990603566169739,0.032499101012945175) 0.5 0.0978753779507438 (10.0,3.2169526627873264) 3.0 0.054197001003562735 (8.876029968261719,0.9253256916999817) (0.660049557685852,-0.2330976277589798) 0.5 0.1202493823725842 (10.139150619506836,1.5891940593719482) (0.630734384059906,-0.3036019802093506) 0.5 -0.16562880829211438 (8.780097961425781,3.77142333984375) (0.6863447427749634,0.13758979737758636) 0.5 -0.1131106367945584 (10.219078063964844,5.1739702224731445) (0.6629700064659119,0.22465696930885315) 0.5 -0.13084057443579938 (7.0,5.0) (0,0) 1e-07 0.0978753779507438 (7.0,1.0) (0,0) 1e-07 0.0978753779507438 
4.0 (8.113435745239258,2.552926540374756) (0.5703752040863037,0.02250024676322937) 0.5 0.0978753779507438 (10.0,3.2169526627873264) 3.0 0.03942770685899507 (9.536079406738281,0.6922280788421631) (0.660049557685852,-0.2330975979566574) 0.5 0.1202493823725842 (10.769885063171387,1.2855920791625977) (0.6307343244552612,-0.3036019802093506) 0.5 -0.16562880829211438 (9.466443061828613,3.909013271331787) (0.6863446831703186,0.13758990168571472) 0.5 -0.1131106367945584 (10.882047653198242,5.398626804351807) (0.6629700660705566,0.22465680539608002) 0.5 -0.13084057443579938 (7.0,5.0) (0,0) 1e-07 0.0978753779507438 (7.0,1.0) (0,0) 1e-07 0.0978753779507438 
5.0 (8.678773880004883,2.5734214782714844) (0.5653386116027832,0.020495012402534485) 0.5 0.0978753779507438 (10.0,3.2169526627873264) 3.0 0.03623676237502417 (10.080401420593262,0.5) (0.5443217158317566,-0.19222807884216309) 0.5 0.1202493823725842 (11.363204002380371,1.0) (0.5933186411857605,-0.28559207916259766) 0.5 -0.16562880829211438 (9.92031478881836,4.0) (0.45387211441993713,0.09098672866821289) 0.5 -0.1131106367945584 (11.18120288848877,5.5) (0.2991556227207184,0.10137319564819336) 0.5 -0.13084057443579938 (7.0,5.0) (0,0) 1e-07 0.0978753779507438 (7.0,1.0) (0,0) 1e-07 0.0978753779507438 
6.0 (9.542865753173828,2.6531617641448975) (0.8640921711921692,0.07974023371934891) 0.5 0.0978753779507438 (10.0,3.2169526627873264) 3.0 0.09202146533795133 (10.080401420593262,0.5) (-2.775375662622537e-07,0.0) 0.5 0.1202493823725842 (11.638469696044922,1.0840466022491455) (0.2752661108970642,0.08404660224914551) 0.5 -0.16562880829211438 (9.92031478881836,4.0) (3.994145743035915e-07,0.0) 0.5 -0.1131106367945584 (11.18120288848877,5.5) (3.966587485138007e-07,0.0) 0.5 -0.13084057443579938 (7.0,5.0) (0,0) 1e-07 0.0978753779507438 (7.0,1.0) (0,0) 1e-07 0.0978753779507438 
7.0 (10.480916023254395,2.77588152885437) (0.9380505084991455,0.12271986901760101) 0.5 0.0978753779507438 (10.0,3.2169526627873264) 3.0 0.13008559044945822 (10.080401420593262,0.5) (-2.775375662622537e-07,0.0) 0.5 0.1202493823725842 (11.45638370513916,1.0339560508728027) (-0.18208622932434082,-0.050090573728084564) 0.5 -0.16562880829211438 (9.92031478881836,4.0) (3.994145743035915e-07,0.0) 0.5 -0.1131106367945584 (11.18120288848877,5.5) (3.966587485138007e-07,0.0) 0.5 -0.13084057443579938 (7.0,5.0) (0,0) 1e-07 0.0978753779507438 (7.0,1.0) (0,0) 1e-07 0.0978753779507438 
