[[(7.0, 6.0), (0, 6.0), (0, 5.0), (7.0, 5.0)], [(7.0, 1.0), (0, 1.0), (0, 0), (7.0, 0)]]
timestamp position0 velocity0 radius0 heading0 goal pref_speed theta position1 velocity1 radius1 heading1 position2 velocity2 radius2 heading2 position3 velocity3 radius3 heading3 position4 velocity4 radius4 heading4 position5 velocity5 radius5 heading5 position6 velocity6 radius6 heading6 
0.0 (6.0,2.5630710124969482) (0.0,0.0) 0.5 0.18753399272727678 (10.0,3.214047486744383) 3.0 0.0 (7.226838111877441,1.5) (0.0,0.0) 0.5 -0.18421662945204853 (8.38472843170166,2.5) (0.0,0.0) 0.5 -0.3223832903370864 (7.010178565979004,3.5) (0.0,0.0) 0.5 0.21613477399218484 (8.298312187194824,4.5) (0.0,0.0) 0.5 0.2706533480869707 (6.0,5.0) (0,0) 1e-07 0.18753399272727678 (6.0,1.0) (0,0) 1e-07 0.18753399272727678 
1.0 (6.337648391723633,2.476799488067627) (0.33764851093292236,-0.08627162873744965) 0.5 0.18753399272727678 (10.0,3.214047486744383) 3.0 -0.250155164815643 (7.8177924156188965,1.2211257219314575) (0.5909543633460999,-0.2788742482662201) 0.5 -0.18421662945204853 (9.011418342590332,2.1881351470947266) (0.6266899108886719,-0.3118648827075958) 0.5 -0.3223832903370864 (7.426698684692383,3.4777441024780273) (0.41652029752731323,-0.022255852818489075) 0.5 0.21613477399218484 (8.96555233001709,4.711638450622559) (0.6672400236129761,0.2116382122039795) 0.5 0.2706533480869707 (6.337648391723633,5.0) (0,0) 1e-07 0.18753399272727678 (6.337648391723633,1.0) (0,0) 1e-07 0.18753399272727678 
2.0 (6.943037509918213,2.4976108074188232) (0.6053892970085144,0.020811207592487335) 0.5 0.18753399272727678 (10.0,3.214047486744383) 3.0 0.03436303818298364 (8.491758346557617,1.0319972038269043) (0.6739662289619446,-0.18912847340106964) 0.5 -0.18421662945204853 (9.638108253479004,1.8762702941894531) (0.6266899704933167,-0.3118649125099182) 0.5 -0.3223832903370864 (8.113289833068848,3.6140966415405273) (0.6865915656089783,0.13635265827178955) 0.5 0.21613477399218484 (9.632792472839355,4.923276424407959) (0.6672400832176208,0.2116381675004959) 0.5 0.2706533480869707 (6.943037509918213,5.0) (0,0) 1e-07 0.18753399272727678 (6.943037509918213,1.0) (0,0) 1e-07 0.18753399272727678 
3.0 (7.458347320556641,2.518639087677002) (0.5153098106384277,0.02102839946746826) 0.5 0.18753399272727678 (10.0,3.214047486744383) 3.0 0.04078466637137227 (9.165724754333496,0.8428688049316406) (0.6739662289619446,-0.18912842869758606) 0.5 -0.18421662945204853 (10.264798164367676,1.5644054412841797) (0.6266898512840271,-0.3118648827075958) 0.5 -0.3223832903370864 (8.799880981445312,3.7504491806030273) (0.6865915060043335,0.13635265827178955) 0.5 0.21613477399218484 (10.300032615661621,5.134914398193359) (0.6672399640083313,0.2116382122039795) 0.5 0.2706533480869707 (7.0,5.0) (0,0) 1e-07 0.18753399272727678 (7.0,1.0) (0,0) 1e-07 0.18753399272727678 
4.0 (8.015811920166016,2.531545400619507) (0.5574646592140198,0.012906238436698914) 0.5 0.18753399272727678 (10.0,3.214047486744383) 3.0 0.023147535992918092 (9.839691162109375,0.6537403464317322) (0.6739661693572998,-0.18912844359874725) 0.5 -0.18421662945204853 (10.891488075256348,1.2525405883789062) (0.6266899108886719,-0.3118649125099182) 0.5 -0.3223832903370864 (9.486472129821777,3.8868019580841064) (0.6865915656089783,0.13635268807411194) 0.5 0.21613477399218484 (10.967272758483887,5.346552848815918) (0.6672399640083313,0.21163837611675262) 0.5 0.2706533480869707 (7.0,5.0) (0,0) 1e-07 0.18753399272727678 (7.0,1.0) (0,0) 1e-07 0.18753399272727678 
5.0 (8.577326774597168,2.5510895252227783) (0.5615148544311523,0.01954410970211029) 0.5 0.18753399272727678 (10.0,3.214047486744383) 3.0 0.03479199699457581 (10.387550354003906,0.5) (0.547859251499176,-0.15374034643173218) 0.5 -0.18421662945204853 (11.422922134399414,1.0113532543182373) (0.5314341187477112,-0.24118727445602417) 0.5 -0.3223832903370864 (10.056471824645996,4.0) (0.5699993371963501,0.11319804191589355) 0.5 0.21613477399218484 (11.451050758361816,5.5) (0.4837784171104431,0.15344715118408203) 0.5 0.2706533480869707 (7.0,5.0) (0,0) 1e-07 0.18753399272727678 (7.0,1.0) (0,0) 1e-07 0.18753399272727678 
6.0 (9.121362686157227,2.566293954849243) (0.544035792350769,0.015204347670078278) 0.5 0.18753399272727678 (10.0,3.214047486744383) 3.0 0.02794005701370906 (10.387550354003906,0.5) (5.3926548559957155e-08,0.0) 0.5 -0.18421662945204853 (11.743075370788574,1.1431576013565063) (0.3201528787612915,0.13180437684059143) 0.5 -0.3223832903370864 (10.056471824645996,4.0) (-3.61001809778827e-07,0.0) 0.5 0.21613477399218484 (11.451050758361816,5.5) (4.299183729017386e-07,0.0) 0.5 0.2706533480869707 (7.0,5.0) (0,0) 1e-07 0.18753399272727678 (7.0,1.0) (0,0) 1e-07 0.18753399272727678 
7.0 (9.942756652832031,2.62691068649292) (0.8213942050933838,0.06061670184135437) 0.5 0.18753399272727678 (10.0,3.214047486744383) 3.0 0.07366380136100031 (10.387550354003906,0.5) (5.3926548559957155e-08,0.0) 0.5 -0.18421662945204853 (11.666922569274902,1.1239235401153564) (-0.07615301012992859,-0.019234033301472664) 0.5 -0.3223832903370864 (10.056471824645996,4.0) (-3.61001809778827e-07,0.0) 0.5 0.21613477399218484 (11.451050758361816,5.5) (4.299183729017386e-07,0.0) 0.5 0.2706533480869707 (7.0,5.0) (0,0) 1e-07 0.18753399272727678 (7.0,1.0) (0,0) 1e-07 0.18753399272727678 
8.0 (10.883688926696777,2.743955135345459) (0.9409325122833252,0.11704452335834503) 0.5 0.18753399272727678 (10.0,3.214047486744383) 3.0 0.12375635211060639 (10.387550354003906,0.5) (5.3926548559957155e-08,0.0) 0.5 -0.18421662945204853 (11.439244270324707,1.0202420949935913) (-0.22767847776412964,-0.10368142277002335) 0.5 -0.3223832903370864 (10.056471824645996,4.0) (-3.61001809778827e-07,0.0) 0.5 0.21613477399218484 (11.451050758361816,5.5) (4.299183729017386e-07,0.0) 0.5 0.2706533480869707 (7.0,5.0) (0,0) 1e-07 0.18753399272727678 (7.0,1.0) (0,0) 1e-07 0.18753399272727678 
