[[(7.0, 6.0), (0, 6.0), (0, 5.0), (7.0, 5.0)], [(7.0, 1.0), (0, 1.0), (0, 0), (7.0, 0)]]
timestamp position0 velocity0 radius0 heading0 goal pref_speed theta position1 velocity1 radius1 heading1 position2 velocity2 radius2 heading2 position3 velocity3 radius3 heading3 position4 velocity4 radius4 heading4 position5 velocity5 radius5 heading5 position6 velocity6 radius6 heading6 
0.0 (6.0,2.5782387256622314) (0.0,0.0) 0.5 -0.02906162495779796 (10.0,3.0132373132698844) 3.0 0.0 (7.125870227813721,1.5) (0.0,0.0) 0.5 0.3090575311406274 (8.223149299621582,2.5) (0.0,0.0) 0.5 -0.32740731839679293 (7.015195369720459,3.5) (0.0,0.0) 0.5 -0.2445290693398694 (8.136245727539062,4.5) (0.0,0.0) 0.5 -0.23840941790888326 (6.0,5.0) (0,0) 1e-07 -0.02906162495779796 (6.0,1.0) (0,0) 1e-07 -0.02906162495779796 
1.0 (6.317007064819336,2.505220890045166) (0.31700682640075684,-0.07301780581474304) 0.5 -0.02906162495779796 (10.0,3.0132373132698844) 3.0 -0.2263866487656904 (7.555100440979004,1.388728141784668) (0.4292301535606384,-0.1112719178199768) 0.5 0.3090575311406274 (8.85581111907959,2.2004354000091553) (0.6326618790626526,-0.29956454038619995) 0.5 -0.32740731839679293 (7.368455410003662,3.481229782104492) (0.3532600700855255,-0.018770188093185425) 0.5 -0.2445290693398694 (8.803772926330566,4.710730075836182) (0.667527437210083,0.21072989702224731) 0.5 -0.23840941790888326 (6.317007064819336,5.0) (0,0) 1e-07 -0.02906162495779796 (6.317007064819336,1.0) (0,0) 1e-07 -0.02906162495779796 
2.0 (6.9332780838012695,2.478468179702759) (0.6162710189819336,-0.02675279974937439) 0.5 -0.02906162495779796 (10.0,3.0132373132698844) 3.0 -0.04338353213034916 (8.214069366455078,1.152591586112976) (0.6589685678482056,-0.2361365407705307) 0.5 0.3090575311406274 (9.488472938537598,1.9008708000183105) (0.6326619386672974,-0.29956454038619995) 0.5 -0.32740731839679293 (8.055880546569824,3.613313913345337) (0.6874254941940308,0.13208410143852234) 0.5 -0.2445290693398694 (9.47130012512207,4.921459674835205) (0.667527437210083,0.21072982251644135) 0.5 -0.23840941790888326 (6.9332780838012695,5.0) (0,0) 1e-07 -0.02906162495779796 (6.9332780838012695,1.0) (0,0) 1e-07 -0.02906162495779796 
3.0 (7.474908351898193,2.5054988861083984) (0.5416301488876343,0.02703079953789711) 0.5 -0.02906162495779796 (10.0,3.0132373132698844) 3.0 0.049865007846481936 (8.873038291931152,0.9164550304412842) (0.6589685082435608,-0.2361365556716919) 0.5 0.3090575311406274 (10.121134757995605,1.6013063192367554) (0.6326619386672974,-0.2995644807815552) 0.5 -0.32740731839679293 (8.743306159973145,3.7453980445861816) (0.6874254941940308,0.13208408653736115) 0.5 -0.2445290693398694 (10.138827323913574,5.132189750671387) (0.667527437210083,0.21072985231876373) 0.5 -0.23840941790888326 (7.0,5.0) (0,0) 1e-07 -0.02906162495779796 (7.0,1.0) (0,0) 1e-07 -0.02906162495779796 
4.0 (8.023503303527832,2.5098233222961426) (0.5485950112342834,0.004324436187744141) 0.5 -0.02906162495779796 (10.0,3.0132373132698844) 3.0 0.007882584661424042 (9.532007217407227,0.6803184151649475) (0.658968448638916,-0.23613661527633667) 0.5 0.3090575311406274 (10.753796577453613,1.3017418384552002) (0.6326619386672974,-0.2995644807815552) 0.5 -0.32740731839679293 (9.430731773376465,3.8774821758270264) (0.687425434589386,0.13208407163619995) 0.5 -0.2445290693398694 (10.806354522705078,5.34291934967041) (0.6675275564193726,0.21072974801063538) 0.5 -0.23840941790888326 (7.0,5.0) (0,0) 1e-07 -0.02906162495779796 (7.0,1.0) (0,0) 1e-07 -0.02906162495779796 
5.0 (8.604323387145996,2.5253539085388184) (0.5808200836181641,0.015530664473772049) 0.5 -0.02906162495779796 (10.0,3.0132373132698844) 3.0 0.02673283018663556 (10.035207748413086,0.5) (0.503200352191925,-0.1803184151649475) 0.5 0.3090575311406274 (11.386458396911621,1.002177357673645) (0.6326618790626526,-0.2995644807815552) 0.5 -0.32740731839679293 (10.06836986541748,4.0) (0.6376384496688843,0.12251782417297363) 0.5 -0.2445290693398694 (11.303937911987305,5.5) (0.49758344888687134,0.15708065032958984) 0.5 -0.23840941790888326 (7.0,5.0) (0,0) 1e-07 -0.02906162495779796 (7.0,1.0) (0,0) 1e-07 -0.02906162495779796 
6.0 (9.152521133422852,2.534825325012207) (0.5481978058815002,0.009471502155065536) 0.5 -0.02906162495779796 (10.0,3.0132373132698844) 3.0 0.01727580768648545 (10.035207748413086,0.5) (-1.6552073134334933e-07,0.0) 0.5 0.3090575311406274 (11.651379585266113,1.067322850227356) (0.2649211585521698,0.06514546275138855) 0.5 -0.32740731839679293 (10.06836986541748,4.0) (3.6465232255977753e-07,0.0) 0.5 -0.2445290693398694 (11.303937911987305,5.5) (7.074949337493308e-08,0.0) 0.5 -0.23840941790888326 (7.0,5.0) (0,0) 1e-07 -0.02906162495779796 (7.0,1.0) (0,0) 1e-07 -0.02906162495779796 
7.0 (10.023486137390137,2.597327947616577) (0.870965301990509,0.06250271201133728) 0.5 -0.02906162495779796 (10.0,3.0132373132698844) 3.0 0.07163976409903035 (10.035207748413086,0.5) (-1.6552073134334933e-07,0.0) 0.5 0.3090575311406274 (11.436352729797363,1.015229344367981) (-0.21502727270126343,-0.05209348350763321) 0.5 -0.32740731839679293 (10.06836986541748,4.0) (3.6465232255977753e-07,0.0) 0.5 -0.2445290693398694 (11.303937911987305,5.5) (7.074949337493308e-08,0.0) 0.5 -0.23840941790888326 (7.0,5.0) (0,0) 1e-07 -0.02906162495779796 (7.0,1.0) (0,0) 1e-07 -0.02906162495779796 
