[[(7.0, 6.0), (0, 6.0), (0, 5.0), (7.0, 5.0)], [(7.0, 1.0), (0, 1.0), (0, 0), (7.0, 0)]]
timestamp position0 velocity0 radius0 heading0 goal pref_speed theta position1 velocity1 radius1 heading1 position2 velocity2 radius2 heading2 position3 velocity3 radius3 heading3 position4 velocity4 radius4 heading4 position5 velocity5 radius5 heading5 position6 velocity6 radius6 heading6 
0.0 (6.0,2.7875816822052) (0.0,0.0) 0.5 0.25115667161817834 (10.0,2.972803717469711) 3.0 0.0 (7.339159965515137,1.5) (0.0,0.0) 0.5 -0.1195720867993943 (8.110979080200195,2.5) (0.0,0.0) 0.5 -0.34799420057534863 (7.196577072143555,3.5) (0.0,0.0) 0.5 0.11800801931842086 (8.058231353759766,4.5) (0.0,0.0) 0.5 -0.34709812509618626 (6.0,5.0) (0,0) 1e-07 0.25115667161817834 (6.0,1.0) (0,0) 1e-07 0.25115667161817834 
1.0 (6.322745323181152,2.6292171478271484) (0.3227454721927643,-0.15836462378501892) 0.5 0.25115667161817834 (10.0,2.972803717469711) 3.0 -0.45616353781319857 (7.963831901550293,1.184112548828125) (0.6246720552444458,-0.315887451171875) 0.5 -0.1195720867993943 (8.743048667907715,2.1991875171661377) (0.63206946849823,-0.30081257224082947) 0.5 -0.34799420057534863 (7.450938701629639,3.4920430183410645) (0.2543618083000183,-0.007957011461257935) 0.5 0.11800801931842086 (8.718445777893066,4.732629299163818) (0.6602147817611694,0.23262931406497955) 0.5 -0.34709812509618626 (6.322745323181152,5.0) (0,0) 1e-07 0.25115667161817834 (6.322745323181152,1.0) (0,0) 1e-07 0.25115667161817834 
2.0 (6.97849178314209,2.4598827362060547) (0.6557466387748718,-0.16933442652225494) 0.5 0.25115667161817834 (10.0,2.972803717469711) 3.0 -0.2527108103880938 (8.639079093933105,0.9996097683906555) (0.6752471327781677,-0.18450279533863068) 0.5 -0.1195720867993943 (9.375118255615234,1.8983749151229858) (0.63206946849823,-0.30081263184547424) 0.5 -0.34799420057534863 (8.137529373168945,3.628401279449463) (0.6865904927253723,0.13635815680027008) 0.5 0.11800801931842086 (9.378660202026367,4.965258598327637) (0.6602148413658142,0.23262929916381836) 0.5 -0.34709812509618626 (6.97849178314209,5.0) (0,0) 1e-07 0.25115667161817834 (6.97849178314209,1.0) (0,0) 1e-07 0.25115667161817834 
3.0 (7.590707778930664,2.493847370147705) (0.6122161149978638,0.033964674919843674) 0.5 0.25115667161817834 (10.0,2.972803717469711) 3.0 0.05542143109749853 (9.314326286315918,0.815106987953186) (0.675247073173523,-0.18450279533863068) 0.5 -0.1195720867993943 (10.007187843322754,1.597562313079834) (0.6320694088935852,-0.30081263184547424) 0.5 -0.34799420057534863 (8.824119567871094,3.7647593021392822) (0.6865904331207275,0.1363581120967865) 0.5 0.11800801931842086 (10.038874626159668,5.197887897491455) (0.6602148413658142,0.23262925446033478) 0.5 -0.34709812509618626 (7.0,5.0) (0,0) 1e-07 0.25115667161817834 (7.0,1.0) (0,0) 1e-07 0.25115667161817834 
4.0 (8.249622344970703,2.5119223594665527) (0.6589147448539734,0.018075011670589447) 0.5 0.25115667161817834 (10.0,2.972803717469711) 3.0 0.027424610123527003 (9.978206634521484,0.5931532382965088) (0.663879930973053,-0.22195374965667725) 0.5 -0.1195720867993943 (10.654292106628418,1.3306236267089844) (0.6471041440963745,-0.26693862676620483) 0.5 -0.34799420057534863 (9.510709762573242,3.9011175632476807) (0.6865904927253723,0.13635815680027008) 0.5 0.11800801931842086 (10.699089050292969,5.430517196655273) (0.660214900970459,0.23262910544872284) 0.5 -0.34709812509618626 (7.0,5.0) (0,0) 1e-07 0.25115667161817834 (7.0,1.0) (0,0) 1e-07 0.25115667161817834 
5.0 (8.912065505981445,2.5360491275787354) (0.6624433994293213,0.024126701056957245) 0.5 0.25115667161817834 (10.0,2.972803717469711) 3.0 0.036404682658490624 (10.467560768127441,0.5) (0.4893544018268585,-0.09315323829650879) 0.5 -0.1195720867993943 (11.310051918029785,1.0857164859771729) (0.6557594537734985,-0.2449072003364563) 0.5 -0.34799420057534863 (10.0086030960083,4.0) (0.49789366126060486,0.09888243675231934) 0.5 0.11800801931842086 (10.896286010742188,5.5) (0.19719716906547546,0.06948280334472656) 0.5 -0.34709812509618626 (7.0,5.0) (0,0) 1e-07 0.25115667161817834 (7.0,1.0) (0,0) 1e-07 0.25115667161817834 
6.0 (9.630942344665527,2.5643723011016846) (0.7188768982887268,0.02832312136888504) 0.5 0.25115667161817834 (10.0,2.972803717469711) 3.0 0.03937875848765567 (10.467560768127441,0.5) (2.63477687667546e-07,0.0) 0.5 -0.1195720867993943 (11.753129005432129,1.2109129428863525) (0.4430774450302124,0.1251964271068573) 0.5 -0.34799420057534863 (10.0086030960083,4.0) (3.3183454206664464e-07,0.0) 0.5 0.11800801931842086 (10.896286010742188,5.5) (2.1546524919813237e-07,0.0) 0.5 -0.34709812509618626 (7.0,5.0) (0,0) 1e-07 0.25115667161817834 (7.0,1.0) (0,0) 1e-07 0.25115667161817834 
7.0 (10.59565258026123,2.6522529125213623) (0.9647098183631897,0.08788064122200012) 0.5 0.25115667161817834 (10.0,2.972803717469711) 3.0 0.09084468090103268 (10.467560768127441,0.5) (2.63477687667546e-07,0.0) 0.5 -0.1195720867993943 (11.736776351928711,1.2292578220367432) (-0.016352176666259766,0.018344834446907043) 0.5 -0.34799420057534863 (10.0086030960083,4.0) (3.3183454206664464e-07,0.0) 0.5 0.11800801931842086 (10.896286010742188,5.5) (2.1546524919813237e-07,0.0) 0.5 -0.34709812509618626 (7.0,5.0) (0,0) 1e-07 0.25115667161817834 (7.0,1.0) (0,0) 1e-07 0.25115667161817834 
