[[(7.0, 6.0), (0, 6.0), (0, 5.0), (7.0, 5.0)], [(7.0, 1.0), (0, 1.0), (0, 0), (7.0, 0)]]
timestamp position0 velocity0 radius0 heading0 goal pref_speed theta position1 velocity1 radius1 heading1 position2 velocity2 radius2 heading2 position3 velocity3 radius3 heading3 position4 velocity4 radius4 heading4 position5 velocity5 radius5 heading5 position6 velocity6 radius6 heading6 
0.0 (6.0,2.598702907562256) (0.0,0.0) 0.5 -0.24121634296851935 (10.0,3.11242671268668) 3.0 0.0 (7.244749069213867,1.5) (0.0,0.0) 0.5 0.3554103402021964 (8.155664443969727,2.5) (0.0,0.0) 0.5 -0.07145423645703142 (7.131401062011719,3.5) (0.0,0.0) 0.5 -0.37661277259278503 (8.334847450256348,4.5) (0.0,0.0) 0.5 0.22446223043777658 (6.0,5.0) (0,0) 1e-07 -0.24121634296851935 (6.0,1.0) (0,0) 1e-07 -0.24121634296851935 
1.0 (6.354331016540527,2.5122218132019043) (0.354330837726593,-0.08648116886615753) 0.5 -0.24121634296851935 (10.0,3.11242671268668) 3.0 -0.23938879117449297 (7.840743064880371,1.19563889503479) (0.5959941148757935,-0.30436116456985474) 0.5 0.3554103402021964 (8.77612590789795,2.175919532775879) (0.6204610466957092,-0.3240804374217987) 0.5 -0.07145423645703142 (7.468344688415527,3.5362982749938965) (0.3369438648223877,0.03629817068576813) 0.5 -0.37661277259278503 (9.00153923034668,4.713360786437988) (0.6666913032531738,0.21336056292057037) 0.5 0.22446223043777658 (6.354331016540527,5.0) (0,0) 1e-07 -0.24121634296851935 (6.354331016540527,1.0) (0,0) 1e-07 -0.24121634296851935 
2.0 (7.016884803771973,2.5268311500549316) (0.6625540256500244,0.01460934430360794) 0.5 -0.24121634296851935 (10.0,3.11242671268668) 3.0 0.022046469751286508 (8.512726783752441,0.9995843768119812) (0.6719841361045837,-0.19605450332164764) 0.5 0.3554103402021964 (9.396587371826172,1.8518390655517578) (0.6204609870910645,-0.3240804374217987) 0.5 -0.07145423645703142 (8.15873908996582,3.6518642902374268) (0.690394401550293,0.11556607484817505) 0.5 -0.37661277259278503 (9.668230056762695,4.926721572875977) (0.6666913032531738,0.21336054801940918) 0.5 0.22446223043777658 (7.0,5.0) (0,0) 1e-07 -0.24121634296851935 (7.0,1.0) (0,0) 1e-07 -0.24121634296851935 
3.0 (7.619657516479492,2.5669450759887695) (0.6027724742889404,0.04011399298906326) 0.5 -0.24121634296851935 (10.0,3.11242671268668) 3.0 0.06645116152750208 (9.184710502624512,0.8035298585891724) (0.6719841361045837,-0.19605448842048645) 0.5 0.3554103402021964 (10.017047882080078,1.5277585983276367) (0.6204609870910645,-0.3240804970264435) 0.5 -0.07145423645703142 (8.849133491516113,3.767430305480957) (0.6903944611549377,0.11556608974933624) 0.5 -0.37661277259278503 (10.334920883178711,5.140081882476807) (0.6666913032531738,0.21336036920547485) 0.5 0.22446223043777658 (7.0,5.0) (0,0) 1e-07 -0.24121634296851935 (7.0,1.0) (0,0) 1e-07 -0.24121634296851935 
4.0 (8.085562705993652,2.5738532543182373) (0.4659050703048706,0.0069082751870155334) 0.5 -0.24121634296851935 (10.0,3.11242671268668) 3.0 0.014826558910282407 (9.853571891784668,0.5970726609230042) (0.6688612103462219,-0.2064571976661682) 0.5 0.3554103402021964 (10.641958236694336,1.2123433351516724) (0.6249105930328369,-0.31541526317596436) 0.5 -0.07145423645703142 (9.539527893066406,3.8829963207244873) (0.690394401550293,0.11556612700223923) 0.5 -0.37661277259278503 (11.001611709594727,5.353442192077637) (0.6666913032531738,0.21336033940315247) 0.5 0.22446223043777658 (7.0,5.0) (0,0) 1e-07 -0.24121634296851935 (7.0,1.0) (0,0) 1e-07 -0.24121634296851935 
5.0 (8.563885688781738,2.578942060470581) (0.4783233404159546,0.005088832229375839) 0.5 -0.24121634296851935 (10.0,3.11242671268668) 3.0 0.01063849454419971 (10.22507095336914,0.5) (0.3714991807937622,-0.09707266092300415) 0.5 0.3554103402021964 (11.169130325317383,1.1081823110580444) (0.5271716117858887,-0.10416099429130554) 0.5 -0.07145423645703142 (10.2299222946167,3.9985625743865967) (0.690394401550293,0.11556623876094818) 0.5 -0.37661277259278503 (11.459564208984375,5.5) (0.4579525589942932,0.14655780792236328) 0.5 0.22446223043777658 (7.0,5.0) (0,0) 1e-07 -0.24121634296851935 (7.0,1.0) (0,0) 1e-07 -0.24121634296851935 
6.0 (9.08660888671875,2.583160638809204) (0.5227229595184326,0.00421847403049469) 0.5 -0.24121634296851935 (10.0,3.11242671268668) 3.0 0.00807001563070581 (10.22507095336914,0.5) (1.2520472125743254e-07,0.0) 0.5 0.3554103402021964 (11.433012962341309,1.221670150756836) (0.2638830542564392,0.11348786950111389) 0.5 -0.07145423645703142 (10.238509178161621,4.0) (0.008587317541241646,0.0014374256134033203) 0.5 -0.37661277259278503 (11.459564208984375,5.5) (6.496096460750778e-08,0.0) 0.5 0.22446223043777658 (7.0,5.0) (0,0) 1e-07 -0.24121634296851935 (7.0,1.0) (0,0) 1e-07 -0.24121634296851935 
7.0 (9.855829238891602,2.628314971923828) (0.7692201137542725,0.045154329389333725) 0.5 -0.24121634296851935 (10.0,3.11242671268668) 3.0 0.05863415477263757 (10.22507095336914,0.5) (1.2520472125743254e-07,0.0) 0.5 0.3554103402021964 (11.376665115356445,1.1981512308120728) (-0.056348249316215515,-0.023518919944763184) 0.5 -0.07145423645703142 (10.238509178161621,4.0) (4.3424381601653295e-07,0.0) 0.5 -0.37661277259278503 (11.459564208984375,5.5) (6.496096460750778e-08,0.0) 0.5 0.22446223043777658 (7.0,5.0) (0,0) 1e-07 -0.24121634296851935 (7.0,1.0) (0,0) 1e-07 -0.24121634296851935 
8.0 (10.723920822143555,2.7148172855377197) (0.8680918216705322,0.08650237321853638) 0.5 -0.24121634296851935 (10.0,3.11242671268668) 3.0 0.09931871041544416 (10.22507095336914,0.5) (1.2520472125743254e-07,0.0) 0.5 0.3554103402021964 (11.195840835571289,1.103718876838684) (-0.1808239072561264,-0.09443235397338867) 0.5 -0.07145423645703142 (10.238509178161621,4.0) (4.3424381601653295e-07,0.0) 0.5 -0.37661277259278503 (11.459564208984375,5.5) (6.496096460750778e-08,0.0) 0.5 0.22446223043777658 (7.0,5.0) (0,0) 1e-07 -0.24121634296851935 (7.0,1.0) (0,0) 1e-07 -0.24121634296851935 
