[[(7.0, 6.0), (0, 6.0), (0, 5.0), (7.0, 5.0)], [(7.0, 1.0), (0, 1.0), (0, 0), (7.0, 0)]]
timestamp position0 velocity0 radius0 heading0 goal pref_speed theta position1 velocity1 radius1 heading1 position2 velocity2 radius2 heading2 position3 velocity3 radius3 heading3 position4 velocity4 radius4 heading4 position5 velocity5 radius5 heading5 position6 velocity6 radius6 heading6 
0.0 (6.0,2.507878303527832) (0.0,0.0) 0.5 0.1845323970628413 (10.0,3.485135886112035) 3.0 0.0 (7.02618932723999,1.5) (0.0,0.0) 0.5 0.14770677488886308 (8.073712348937988,2.5) (0.0,0.0) 0.5 0.3005916866960868 (7.249532699584961,3.5) (0.0,0.0) 0.5 -0.3754716411237819 (8.36314582824707,4.5) (0.0,0.0) 0.5 -0.016276440727286734 (6.0,5.0) (0,0) 1e-07 0.1845323970628413 (6.0,1.0) (0,0) 1e-07 0.1845323970628413 
1.0 (6.347570896148682,2.548966884613037) (0.3475707471370697,0.04108870029449463) 0.5 0.1845323970628413 (10.0,3.485135886112035) 3.0 0.1176706670758573 (7.35245943069458,1.4827731847763062) (0.32627004384994507,-0.01722685992717743) 0.5 0.14770677488886308 (8.69937801361084,2.1860859394073486) (0.6256660223007202,-0.313914030790329) 0.5 0.3005916866960868 (7.540284156799316,3.547928810119629) (0.29075121879577637,0.047928839921951294) 0.5 -0.3754716411237819 (9.028268814086914,4.718200206756592) (0.6651230454444885,0.21820014715194702) 0.5 -0.016276440727286734 (6.347570896148682,5.0) (0,0) 1e-07 0.1845323970628413 (6.347570896148682,1.0) (0,0) 1e-07 0.1845323970628413 
2.0 (6.891898155212402,2.575798988342285) (0.5443274974822998,0.026832081377506256) 0.5 0.1845323970628413 (10.0,3.485135886112035) 3.0 0.04925413478434909 (8.005877494812012,1.231684923171997) (0.6534176468849182,-0.25108832120895386) 0.5 0.14770677488886308 (9.325043678283691,1.8721718788146973) (0.6256660223007202,-0.3139140009880066) 0.5 0.3005916866960868 (8.229358673095703,3.67111873626709) (0.6890748739242554,0.12319003790616989) 0.5 -0.3754716411237819 (9.693391799926758,4.936400413513184) (0.6651230454444885,0.21820013225078583) 0.5 -0.016276440727286734 (6.891898155212402,5.0) (0,0) 1e-07 0.1845323970628413 (6.891898155212402,1.0) (0,0) 1e-07 0.1845323970628413 
3.0 (7.433681011199951,2.6032874584198) (0.5417828559875488,0.02748853713274002) 0.5 0.1845323970628413 (10.0,3.485135886112035) 3.0 0.05069371544238851 (8.659295082092285,0.9805965423583984) (0.6534176468849182,-0.25108838081359863) 0.5 0.14770677488886308 (9.950709342956543,1.5582579374313354) (0.625666081905365,-0.31391391158103943) 0.5 0.3005916866960868 (8.91843318939209,3.79430890083313) (0.6890749335289001,0.12319006770849228) 0.5 -0.3754716411237819 (10.358514785766602,5.154600620269775) (0.6651230454444885,0.21820005774497986) 0.5 -0.016276440727286734 (7.0,5.0) (0,0) 1e-07 0.1845323970628413 (7.0,1.0) (0,0) 1e-07 0.1845323970628413 
4.0 (8.077546119689941,2.6384191513061523) (0.6438646912574768,0.035131633281707764) 0.5 0.1845323970628413 (10.0,3.485135886112035) 3.0 0.05450963737642046 (9.312712669372559,0.7295081615447998) (0.6534175872802734,-0.25108838081359863) 0.5 0.14770677488886308 (10.576375961303711,1.2443441152572632) (0.6256661415100098,-0.31391385197639465) 0.5 0.3005916866960868 (9.607507705688477,3.917498826980591) (0.6890749335289001,0.12318996340036392) 0.5 -0.3754716411237819 (11.023637771606445,5.372800827026367) (0.6651230454444885,0.2181999832391739) 0.5 -0.016276440727286734 (7.0,5.0) (0,0) 1e-07 0.1845323970628413 (7.0,1.0) (0,0) 1e-07 0.1845323970628413 
5.0 (8.818280220031738,2.6943933963775635) (0.7407339811325073,0.0559743270277977) 0.5 0.1845323970628413 (10.0,3.485135886112035) 3.0 0.07542268883889361 (9.909971237182617,0.5) (0.5972585678100586,-0.2295081615447998) 0.5 0.14770677488886308 (11.06338119506836,1.0) (0.48700517416000366,-0.24434411525726318) 0.5 0.3005916866960868 (10.068985939025879,4.0) (0.46147844195365906,0.08250117301940918) 0.5 -0.3754716411237819 (11.411370277404785,5.5) (0.38773274421691895,0.1271991729736328) 0.5 -0.016276440727286734 (7.0,5.0) (0,0) 1e-07 0.1845323970628413 (7.0,1.0) (0,0) 1e-07 0.1845323970628413 
6.0 (9.616223335266113,2.773944854736328) (0.7979430556297302,0.07955155521631241) 0.5 0.1845323970628413 (10.0,3.485135886112035) 3.0 0.09936743536974407 (9.909971237182617,0.5) (1.7702930676932738e-08,0.0) 0.5 0.14770677488886308 (11.302130699157715,1.1110405921936035) (0.23874957859516144,0.1110406219959259) 0.5 0.3005916866960868 (10.077356338500977,4.011477470397949) (0.00837022066116333,0.011477679014205933) 0.5 -0.3754716411237819 (11.411370277404785,5.5) (2.2377838604370481e-07,0.0) 0.5 -0.016276440727286734 (7.0,5.0) (0,0) 1e-07 0.1845323970628413 (7.0,1.0) (0,0) 1e-07 0.1845323970628413 
7.0 (10.45769214630127,2.8723788261413574) (0.8414687514305115,0.09843407571315765) 0.5 0.1845323970628413 (10.0,3.485135886112035) 3.0 0.11644964086833295 (9.909971237182617,0.5) (1.7702930676932738e-08,0.0) 0.5 0.14770677488886308 (11.186568260192871,1.054540991783142) (-0.11556199193000793,-0.056499581784009933) 0.5 0.3005916866960868 (10.068985939025879,4.0) (-0.008370204828679562,-0.011477470397949219) 0.5 -0.3754716411237819 (11.411370277404785,5.5) (2.2377838604370481e-07,0.0) 0.5 -0.016276440727286734 (7.0,5.0) (0,0) 1e-07 0.1845323970628413 (7.0,1.0) (0,0) 1e-07 0.1845323970628413 
