[[(7.0, 6.0), (0, 6.0), (0, 5.0), (7.0, 5.0)], [(7.0, 1.0), (0, 1.0), (0, 0), (7.0, 0)]]
timestamp position0 velocity0 radius0 heading0 goal pref_speed theta position1 velocity1 radius1 heading1 position2 velocity2 radius2 heading2 position3 velocity3 radius3 heading3 position4 velocity4 radius4 heading4 position5 velocity5 radius5 heading5 position6 velocity6 radius6 heading6 
0.0 (6.0,2.6554675102233887) (0.0,0.0) 0.5 -0.3482009737909801 (10.0,2.7559023706086774) 3.0 0.0 (7.367642879486084,1.5) (0.0,0.0) 0.5 -0.124091034049235 (8.413861274719238,2.5) (0.0,0.0) 0.5 0.31127132161827353 (7.049351215362549,3.5) (0.0,0.0) 0.5 0.016861313395296063 (8.381232261657715,4.5) (0.0,0.0) 0.5 0.06837286471482473 (6.0,5.0) (0,0) 1e-07 -0.3482009737909801 (6.0,1.0) (0,0) 1e-07 -0.3482009737909801 
1.0 (6.362836837768555,2.4813475608825684) (0.3628368079662323,-0.17412006855010986) 0.5 -0.3482009737909801 (10.0,2.7559023706086774) 3.0 -0.4474267898348489 (7.987629413604736,1.1750130653381348) (0.6199866533279419,-0.32498693466186523) 0.5 -0.124091034049235 (9.04398250579834,2.195127487182617) (0.6301211714744568,-0.30487263202667236) 0.5 0.31127132161827353 (7.471874713897705,3.4914495944976807) (0.4225236773490906,-0.008550301194190979) 0.5 0.016861313395296063 (9.048011779785156,4.713086128234863) (0.666779100894928,0.2130861133337021) 0.5 0.06837286471482473 (6.362836837768555,5.0) (0,0) 1e-07 -0.3482009737909801 (6.362836837768555,1.0) (0,0) 1e-07 -0.3482009737909801 
2.0 (7.012761116027832,2.4597814083099365) (0.6499243378639221,-0.021566130220890045) 0.5 -0.3482009737909801 (10.0,2.7559023706086774) 3.0 -0.03317035360227134 (8.66019344329834,0.9809566140174866) (0.6725638508796692,-0.1940564662218094) 0.5 -0.124091034049235 (9.674103736877441,1.8902548551559448) (0.630121111869812,-0.30487263202667236) 0.5 0.31127132161827353 (8.157912254333496,3.6305623054504395) (0.6860376000404358,0.13911274075508118) 0.5 0.016861313395296063 (9.714790344238281,4.926172256469727) (0.6667790412902832,0.2130861133337021) 0.5 0.06837286471482473 (7.0,5.0) (0,0) 1e-07 -0.3482009737909801 (7.0,1.0) (0,0) 1e-07 -0.3482009737909801 
3.0 (7.765478134155273,2.5115761756896973) (0.7527168989181519,0.05179471895098686) 0.5 -0.3482009737909801 (10.0,2.7559023706086774) 3.0 0.06870206245329864 (9.332756996154785,0.7869001626968384) (0.6725637912750244,-0.19405648112297058) 0.5 -0.124091034049235 (10.304224967956543,1.5853822231292725) (0.630121111869812,-0.30487263202667236) 0.5 0.31127132161827353 (8.843950271606445,3.7696750164031982) (0.6860376596450806,0.13911274075508118) 0.5 0.016861313395296063 (10.381568908691406,5.13925838470459) (0.6667790412902832,0.2130860835313797) 0.5 0.06837286471482473 (7.0,5.0) (0,0) 1e-07 -0.3482009737909801 (7.0,1.0) (0,0) 1e-07 -0.3482009737909801 
4.0 (8.301889419555664,2.4963560104370117) (0.5364117622375488,-0.015220105648040771) 0.5 -0.3482009737909801 (10.0,2.7559023706086774) 3.0 -0.02836631152827246 (10.00532054901123,0.5928436517715454) (0.6725637912750244,-0.19405648112297058) 0.5 -0.124091034049235 (10.934346199035645,1.2805094718933105) (0.630121111869812,-0.30487269163131714) 0.5 0.31127132161827353 (9.529988288879395,3.908787727355957) (0.6860376596450806,0.13911280035972595) 0.5 0.016861313395296063 (11.048348426818848,5.352344512939453) (0.666779100894928,0.21308597922325134) 0.5 0.06837286471482473 (7.0,5.0) (0,0) 1e-07 -0.3482009737909801 (7.0,1.0) (0,0) 1e-07 -0.3482009737909801 
5.0 (8.848556518554688,2.483067750930786) (0.5466672778129578,-0.013288155198097229) 0.5 -0.3482009737909801 (10.0,2.7559023706086774) 3.0 -0.024302788051322008 (10.327099800109863,0.5) (0.32177919149398804,-0.09284365177154541) 0.5 -0.124091034049235 (11.51416015625,1.0000311136245728) (0.5798143148422241,-0.2804783582687378) 0.5 0.31127132161827353 (9.979803085327148,4.0) (0.44981440901756287,0.09121227264404297) 0.5 0.016861313395296063 (11.510385513305664,5.5) (0.46203699707984924,0.14765548706054688) 0.5 0.06837286471482473 (7.0,5.0) (0,0) 1e-07 -0.3482009737909801 (7.0,1.0) (0,0) 1e-07 -0.3482009737909801 
6.0 (9.421582221984863,2.4830572605133057) (0.5730257034301758,-1.0594725608825684e-05) 0.5 -0.3482009737909801 (10.0,2.7559023706086774) 3.0 -1.8489093149221035e-05 (10.327099800109863,0.5) (-5.03286798902991e-08,0.0) 0.5 -0.124091034049235 (11.77632999420166,1.0566853284835815) (0.2621695399284363,0.0566541850566864) 0.5 0.31127132161827353 (9.979803085327148,4.0) (-3.941430577469873e-07,0.0) 0.5 0.016861313395296063 (11.510385513305664,5.5) (-8.706902576705033e-08,0.0) 0.5 0.06837286471482473 (7.0,5.0) (0,0) 1e-07 -0.3482009737909801 (7.0,1.0) (0,0) 1e-07 -0.3482009737909801 
7.0 (10.188597679138184,2.518623113632202) (0.7670156359672546,0.03556576371192932) 0.5 -0.3482009737909801 (10.0,2.7559023706086774) 3.0 0.046335830797387914 (10.327099800109863,0.5) (-5.03286798902991e-08,0.0) 0.5 -0.124091034049235 (11.62979507446289,1.0414587259292603) (-0.1465349793434143,-0.015226557850837708) 0.5 0.31127132161827353 (9.979803085327148,4.0) (-3.941430577469873e-07,0.0) 0.5 0.016861313395296063 (11.510385513305664,5.5) (-8.706902576705033e-08,0.0) 0.5 0.06837286471482473 (7.0,5.0) (0,0) 1e-07 -0.3482009737909801 (7.0,1.0) (0,0) 1e-07 -0.3482009737909801 
