[[(7.0, 6.0), (0, 6.0), (0, 5.0), (7.0, 5.0)], [(7.0, 1.0), (0, 1.0), (0, 0), (7.0, 0)]]
timestamp position0 velocity0 radius0 heading0 goal pref_speed theta position1 velocity1 radius1 heading1 position2 velocity2 radius2 heading2 position3 velocity3 radius3 heading3 position4 velocity4 radius4 heading4 position5 velocity5 radius5 heading5 position6 velocity6 radius6 heading6 
0.0 (6.0,2.540908098220825) (0.0,0.0) 0.5 -0.3887097926066572 (10.0,3.2205227493019475) 3.0 0.0 (7.436796188354492,1.5) (0.0,0.0) 0.5 0.34440822930762405 (8.033827781677246,2.5) (0.0,0.0) 0.5 0.3235360100924738 (7.43502140045166,3.5) (0.0,0.0) 0.5 -0.006522509923674313 (8.068331718444824,4.5) (0.0,0.0) 0.5 0.016986739892284053 (6.0,5.0) (0,0) 1e-07 -0.3887097926066572 (6.0,1.0) (0,0) 1e-07 -0.3887097926066572 
1.0 (6.4395294189453125,2.536558151245117) (0.4395293891429901,-0.0043499767780303955) 0.5 -0.3887097926066572 (10.0,3.2205227493019475) 3.0 -0.009896573173889119 (8.075860977172852,1.2143487930297852) (0.6390644311904907,-0.2856512665748596) 0.5 0.34440822930762405 (8.652084350585938,2.171734094619751) (0.6182568669319153,-0.32826587557792664) 0.5 0.3235360100924738 (7.601564407348633,3.5032310485839844) (0.1665431261062622,0.0032309293746948242) 0.5 -0.006522509923674313 (8.736284255981445,4.70937967300415) (0.6679521799087524,0.2093796283006668) 0.5 0.016986739892284053 (6.4395294189453125,5.0) (0,0) 1e-07 -0.3887097926066572 (6.4395294189453125,1.0) (0,0) 1e-07 -0.3887097926066572 
2.0 (6.986029148101807,2.553542375564575) (0.5464996099472046,0.01698426529765129) 0.5 -0.3887097926066572 (10.0,3.2205227493019475) 3.0 0.031068275290670896 (8.728583335876465,0.9614583849906921) (0.6527222990989685,-0.252890408039093) 0.5 0.34440822930762405 (9.270340919494629,1.843468189239502) (0.6182568073272705,-0.32826584577560425) 0.5 0.3235360100924738 (8.292289733886719,3.616802215576172) (0.6907253861427307,0.11357118934392929) 0.5 -0.006522509923674313 (9.404236793518066,4.918759346008301) (0.6679521799087524,0.2093796283006668) 0.5 0.016986739892284053 (6.986029148101807,5.0) (0,0) 1e-07 -0.3887097926066572 (6.986029148101807,1.0) (0,0) 1e-07 -0.3887097926066572 
3.0 (7.540824890136719,2.5856900215148926) (0.5547958612442017,0.03214763104915619) 0.5 -0.3887097926066572 (10.0,3.2205227493019475) 3.0 0.05788025066769539 (9.372284889221191,0.686416506767273) (0.6437017917633057,-0.2750418484210968) 0.5 0.34440822930762405 (9.899333953857422,1.536274790763855) (0.628993034362793,-0.307193398475647) 0.5 0.3235360100924738 (8.983015060424805,3.7303733825683594) (0.6907253861427307,0.11357118934392929) 0.5 -0.006522509923674313 (10.072189331054688,5.128139019012451) (0.6679521799087524,0.209379643201828) 0.5 0.016986739892284053 (7.0,5.0) (0,0) 1e-07 -0.3887097926066572 (7.0,1.0) (0,0) 1e-07 -0.3887097926066572 
4.0 (8.210817337036133,2.622741222381592) (0.6699926853179932,0.0370512530207634) 0.5 -0.3887097926066572 (10.0,3.2205227493019475) 3.0 0.055244710810215154 (10.008825302124023,0.39518359303474426) (0.6365401744842529,-0.2912329137325287) 0.5 0.34440822930762405 (10.535870552062988,1.2450333833694458) (0.6365363001823425,-0.29124143719673157) 0.5 0.3235360100924738 (9.67374038696289,3.843944549560547) (0.6907253265380859,0.1135711818933487) 0.5 -0.006522509923674313 (10.740141868591309,5.337518692016602) (0.6679521799087524,0.20937968790531158) 0.5 0.016986739892284053 (7.0,5.0) (0,0) 1e-07 -0.3887097926066572 (7.0,1.0) (0,0) 1e-07 -0.3887097926066572 
5.0 (9.007437705993652,2.693159580230713) (0.7966201305389404,0.07041846215724945) 0.5 -0.3887097926066572 (10.0,3.2205227493019475) 3.0 0.08816737013242938 (10.308406829833984,0.31292152404785156) (0.2995811104774475,-0.0822620689868927) 0.5 0.34440822930762405 (10.925309181213379,1.107032299041748) (0.3894387483596802,-0.13800112903118134) 0.5 0.3235360100924738 (10.364465713500977,3.9575157165527344) (0.6907253861427307,0.11357119679450989) 0.5 -0.006522509923674313 (11.2584810256958,5.5) (0.5183390378952026,0.16248130798339844) 0.5 0.016986739892284053 (7.0,5.0) (0,0) 1e-07 -0.3887097926066572 (7.0,1.0) (0,0) 1e-07 -0.3887097926066572 
6.0 (9.712924003601074,2.748194694519043) (0.7054859399795532,0.055035222321748734) 0.5 -0.3887097926066572 (10.0,3.2205227493019475) 3.0 0.07785270260696518 (10.385294914245605,0.45911911129951477) (0.0768883228302002,0.1461975872516632) 0.5 0.34440822930762405 (11.053760528564453,1.2035435438156128) (0.12845179438591003,0.09651128947734833) 0.5 0.3235360100924738 (10.622849464416504,4.0) (0.2583838403224945,0.042484283447265625) 0.5 -0.006522509923674313 (11.2584810256958,5.5) (-1.4343348198053718e-07,0.0) 0.5 0.016986739892284053 (7.0,5.0) (0,0) 1e-07 -0.3887097926066572 (7.0,1.0) (0,0) 1e-07 -0.3887097926066572 
7.0 (10.283167839050293,2.7871134281158447) (0.5702440142631531,0.038918741047382355) 0.5 -0.3887097926066572 (10.0,3.2205227493019475) 3.0 0.06814360350337727 (10.424426078796387,0.5) (0.03913089632987976,0.04088088870048523) 0.5 0.34440822930762405 (11.163469314575195,1.3181610107421875) (0.10970838367938995,0.11461750417947769) 0.5 0.3235360100924738 (10.622849464416504,4.0) (1.0348036028062779e-07,0.0) 0.5 -0.006522509923674313 (11.2584810256958,5.5) (-1.4343348198053718e-07,0.0) 0.5 0.016986739892284053 (7.0,5.0) (0,0) 1e-07 -0.3887097926066572 (7.0,1.0) (0,0) 1e-07 -0.3887097926066572 
