[[(7.0, 6.0), (0, 6.0), (0, 5.0), (7.0, 5.0)], [(7.0, 1.0), (0, 1.0), (0, 0), (7.0, 0)]]
timestamp position0 velocity0 radius0 heading0 goal pref_speed theta position1 velocity1 radius1 heading1 position2 velocity2 radius2 heading2 position3 velocity3 radius3 heading3 position4 velocity4 radius4 heading4 position5 velocity5 radius5 heading5 position6 velocity6 radius6 heading6 
0.0 (6.0,2.717386245727539) (0.0,0.0) 0.5 -0.21089979811096432 (10.0,2.851706686674822) 3.0 0.0 (7.31646728515625,1.5) (0.0,0.0) 0.5 -0.29429961369647256 (8.3477783203125,2.5) (0.0,0.0) 0.5 -0.19728316593711034 (7.24452018737793,3.5) (0.0,0.0) 0.5 -0.31146029971080147 (8.417085647583008,4.5) (0.0,0.0) 0.5 -0.32883158691805264 (6.0,5.0) (0,0) 1e-07 -0.21089979811096432 (6.0,1.0) (0,0) 1e-07 -0.21089979811096432 
1.0 (6.363360404968262,2.5811474323272705) (0.36336028575897217,-0.13623885810375214) 0.5 -0.21089979811096432 (10.0,2.851706686674822) 3.0 -0.3587193997599017 (7.936156749725342,1.1744464635849) (0.619689404964447,-0.3255535364151001) 0.5 -0.29429961369647256 (8.977485656738281,2.1942739486694336) (0.6297075152397156,-0.30572593212127686) 0.5 -0.19728316593711034 (7.587691307067871,3.514526844024658) (0.3431713283061981,0.014526963233947754) 0.5 -0.31146029971080147 (9.079665184020996,4.725805282592773) (0.6625798940658569,0.22580508887767792) 0.5 -0.32883158691805264 (6.363360404968262,5.0) (0,0) 1e-07 -0.21089979811096432 (6.363360404968262,1.0) (0,0) 1e-07 -0.21089979811096432 
2.0 (7.097309589385986,2.490450143814087) (0.7339491844177246,-0.09069733321666718) 0.5 -0.21089979811096432 (10.0,2.851706686674822) 3.0 -0.1229510856376134 (8.606559753417969,0.9730519652366638) (0.6704030632972717,-0.20139449834823608) 0.5 -0.29429961369647256 (9.607192993164062,1.8885480165481567) (0.6297075748443604,-0.30572590231895447) 0.5 -0.19728316593711034 (8.277155876159668,3.6355152130126953) (0.6894648671150208,0.12098833173513412) 0.5 -0.31146029971080147 (9.742244720458984,4.951610088348389) (0.6625798940658569,0.22580499947071075) 0.5 -0.32883158691805264 (7.0,5.0) (0,0) 1e-07 -0.21089979811096432 (7.0,1.0) (0,0) 1e-07 -0.21089979811096432 
3.0 (7.850457191467285,2.547893762588501) (0.7531477808952332,0.05744350701570511) 0.5 -0.21089979811096432 (10.0,2.851706686674822) 3.0 0.07612384572934094 (9.276963233947754,0.7716574668884277) (0.6704030632972717,-0.20139449834823608) 0.5 -0.29429961369647256 (10.236900329589844,1.5828222036361694) (0.6297075748443604,-0.3057258427143097) 0.5 -0.19728316593711034 (8.966620445251465,3.7565035820007324) (0.689464807510376,0.12098828703165054) 0.5 -0.31146029971080147 (10.404824256896973,5.177414894104004) (0.6625798940658569,0.22580502927303314) 0.5 -0.32883158691805264 (7.0,5.0) (0,0) 1e-07 -0.21089979811096432 (7.0,1.0) (0,0) 1e-07 -0.21089979811096432 
4.0 (8.405838966369629,2.5459883213043213) (0.5553821921348572,-0.001905541867017746) 0.5 -0.21089979811096432 (10.0,2.851706686674822) 3.0 -0.0034310325693927587 (9.947366714477539,0.5702629089355469) (0.6704030632972717,-0.20139455795288086) 0.5 -0.29429961369647256 (10.866607666015625,1.2770963907241821) (0.6297076344490051,-0.3057258129119873) 0.5 -0.19728316593711034 (9.656085014343262,3.8774917125701904) (0.6894648671150208,0.12098822742700577) 0.5 -0.31146029971080147 (11.067403793334961,5.403220176696777) (0.6625798344612122,0.2258051037788391) 0.5 -0.32883158691805264 (7.0,5.0) (0,0) 1e-07 -0.21089979811096432 (7.0,1.0) (0,0) 1e-07 -0.21089979811096432 
5.0 (8.958141326904297,2.541703701019287) (0.5523027777671814,-0.004284590482711792) 0.5 -0.21089979811096432 (10.0,2.851706686674822) 3.0 -0.007757528491666508 (10.181257247924805,0.5) (0.23389093577861786,-0.07026290893554688) 0.5 -0.29429961369647256 (11.437347412109375,1.0) (0.5707395076751709,-0.27709639072418213) 0.5 -0.19728316593711034 (10.345549583435059,3.9984800815582275) (0.6894648671150208,0.12098827958106995) 0.5 -0.31146029971080147 (11.351386070251465,5.5) (0.2839818298816681,0.09677982330322266) 0.5 -0.32883158691805264 (7.0,5.0) (0,0) 1e-07 -0.21089979811096432 (7.0,1.0) (0,0) 1e-07 -0.21089979811096432 
6.0 (9.560182571411133,2.544705390930176) (0.6020411849021912,0.0030017197132110596) 0.5 -0.21089979811096432 (10.0,2.851706686674822) 3.0 0.004985862953176688 (10.181257247924805,0.5) (3.9559660081067705e-07,0.0) 0.5 -0.29429961369647256 (11.635334014892578,1.0364378690719604) (0.19798681139945984,0.03643783926963806) 0.5 -0.19728316593711034 (10.354211807250977,4.0) (0.008662202395498753,0.001519918441772461) 0.5 -0.31146029971080147 (11.351386070251465,5.5) (-4.6032553768782236e-07,0.0) 0.5 -0.32883158691805264 (7.0,5.0) (0,0) 1e-07 -0.21089979811096432 (7.0,1.0) (0,0) 1e-07 -0.21089979811096432 
7.0 (10.449180603027344,2.604304552078247) (0.8889983296394348,0.05959921330213547) 0.5 -0.21089979811096432 (10.0,2.851706686674822) 3.0 0.06694069295091733 (10.181257247924805,0.5) (3.9559660081067705e-07,0.0) 0.5 -0.29429961369647256 (11.459748268127441,1.007767915725708) (-0.1755858063697815,-0.02867000550031662) 0.5 -0.19728316593711034 (10.354211807250977,4.0) (-2.0960355229249217e-08,0.0) 0.5 -0.31146029971080147 (11.351386070251465,5.5) (-4.6032553768782236e-07,0.0) 0.5 -0.32883158691805264 (7.0,5.0) (0,0) 1e-07 -0.21089979811096432 (7.0,1.0) (0,0) 1e-07 -0.21089979811096432 
