[[(7.0, 6.0), (0, 6.0), (0, 5.0), (7.0, 5.0)], [(7.0, 1.0), (0, 1.0), (0, 0), (7.0, 0)]]
timestamp position0 velocity0 radius0 heading0 goal pref_speed theta position1 velocity1 radius1 heading1 position2 velocity2 radius2 heading2 position3 velocity3 radius3 heading3 position4 velocity4 radius4 heading4 position5 velocity5 radius5 heading5 position6 velocity6 radius6 heading6 
0.0 (6.0,2.6045331954956055) (0.0,0.0) 0.5 0.12422482990885109 (10.0,2.9315071809710833) 3.0 0.0 (7.14576530456543,1.5) (0.0,0.0) 0.5 -0.36862669184855507 (8.478690147399902,2.5) (0.0,0.0) 0.5 -0.3491069452797337 (7.111356735229492,3.5) (0.0,0.0) 0.5 -0.21776959634705936 (8.205090522766113,4.5) (0.0,0.0) 0.5 -0.11752096349758961 (6.0,5.0) (0,0) 1e-07 0.12422482990885109 (6.0,1.0) (0,0) 1e-07 0.12422482990885109 
1.0 (6.336449146270752,2.527432918548584) (0.33644911646842957,-0.07710033655166626) 0.5 0.12422482990885109 (10.0,2.9315071809710833) 3.0 -0.22526947664044789 (7.683035850524902,1.3390331268310547) (0.5372705459594727,-0.1609669178724289) 0.5 -0.36862669184855507 (9.09631633758545,2.170549154281616) (0.6176262497901917,-0.3294507563114166) 0.5 -0.3491069452797337 (7.49531364440918,3.4371917247772217) (0.3839571177959442,-0.06280817091464996) 0.5 -0.21776959634705936 (8.865325927734375,4.732571601867676) (0.6602352261543274,0.23257139325141907) 0.5 -0.11752096349758961 (6.336449146270752,5.0) (0,0) 1e-07 0.12422482990885109 (6.336449146270752,1.0) (0,0) 1e-07 0.12422482990885109 
2.0 (7.0079522132873535,2.4401588439941406) (0.6715031862258911,-0.087273970246315) 0.5 0.12422482990885109 (10.0,2.9315071809710833) 3.0 -0.1292436003714144 (8.3489990234375,1.123409390449524) (0.6659627556800842,-0.21562375128269196) 0.5 -0.36862669184855507 (9.713942527770996,1.841098427772522) (0.6176262497901917,-0.3294507563114166) 0.5 -0.3491069452797337 (8.1792573928833,3.58625864982605) (0.6839436888694763,0.14906686544418335) 0.5 -0.21776959634705936 (9.525561332702637,4.965142726898193) (0.6602352261543274,0.23257134854793549) 0.5 -0.11752096349758961 (7.0,5.0) (0,0) 1e-07 0.12422482990885109 (7.0,1.0) (0,0) 1e-07 0.12422482990885109 
3.0 (7.696138381958008,2.4796996116638184) (0.68818598985672,0.03954078629612923) 0.5 0.12422482990885109 (10.0,2.9315071809710833) 3.0 0.05739343937115572 (9.014962196350098,0.9077855944633484) (0.6659627556800842,-0.21562379598617554) 0.5 -0.36862669184855507 (10.331568717956543,1.5116477012634277) (0.6176262497901917,-0.3294507563114166) 0.5 -0.3491069452797337 (8.863201141357422,3.735325574874878) (0.6839437484741211,0.14906685054302216) 0.5 -0.21776959634705936 (10.185796737670898,5.197714328765869) (0.6602351665496826,0.23257142305374146) 0.5 -0.11752096349758961 (7.0,5.0) (0,0) 1e-07 0.12422482990885109 (7.0,1.0) (0,0) 1e-07 0.12422482990885109 
4.0 (8.336066246032715,2.501063346862793) (0.6399281024932861,0.02136363461613655) 0.5 0.12422482990885109 (10.0,2.9315071809710833) 3.0 0.03337203523719629 (9.680925369262695,0.6921617388725281) (0.6659627556800842,-0.2156238555908203) 0.5 -0.36862669184855507 (10.94919490814209,1.1821969747543335) (0.6176262497901917,-0.32945069670677185) 0.5 -0.3491069452797337 (9.547144889831543,3.884392499923706) (0.6839438080787659,0.14906682074069977) 0.5 -0.21776959634705936 (10.84603214263916,5.430285930633545) (0.6602352857589722,0.23257139325141907) 0.5 -0.11752096349758961 (7.0,5.0) (0,0) 1e-07 0.12422482990885109 (7.0,1.0) (0,0) 1e-07 0.12422482990885109 
5.0 (8.965876579284668,2.519221544265747) (0.6298100352287292,0.018158167600631714) 0.5 0.12422482990885109 (10.0,2.9315071809710833) 3.0 0.028823197227513607 (10.274423599243164,0.5) (0.5934985280036926,-0.19216173887252808) 0.5 -0.36862669184855507 (11.369210243225098,1.0241920948028564) (0.420015424489975,-0.15800486505031586) 0.5 -0.3491069452797337 (10.077571868896484,4.0) (0.5304273366928101,0.11560750007629395) 0.5 -0.21776959634705936 (11.043940544128418,5.5) (0.19790826737880707,0.06971406936645508) 0.5 -0.11752096349758961 (7.0,5.0) (0,0) 1e-07 0.12422482990885109 (7.0,1.0) (0,0) 1e-07 0.12422482990885109 
6.0 (9.641653060913086,2.5396573543548584) (0.6757767200469971,0.02043578028678894) 0.5 0.12422482990885109 (10.0,2.9315071809710833) 3.0 0.030231219425202138 (10.274423599243164,0.5) (3.0082952662269236e-07,0.0) 0.5 -0.36862669184855507 (11.562965393066406,1.1649662256240845) (0.1937546730041504,0.14077416062355042) 0.5 -0.3491069452797337 (10.077571868896484,4.0) (3.501114349546697e-07,0.0) 0.5 -0.21776959634705936 (11.043940544128418,5.5) (-1.273050003192111e-07,0.0) 0.5 -0.11752096349758961 (7.0,5.0) (0,0) 1e-07 0.12422482990885109 (7.0,1.0) (0,0) 1e-07 0.12422482990885109 
7.0 (10.596511840820312,2.620816946029663) (0.9548591375350952,0.08115948736667633) 0.5 0.12422482990885109 (10.0,2.9315071809710833) 3.0 0.08479249446550345 (10.274423599243164,0.5) (3.0082952662269236e-07,0.0) 0.5 -0.36862669184855507 (11.476877212524414,1.1011674404144287) (-0.08608835190534592,-0.06379882991313934) 0.5 -0.3491069452797337 (10.077571868896484,4.0) (3.501114349546697e-07,0.0) 0.5 -0.21776959634705936 (11.043940544128418,5.5) (-1.273050003192111e-07,0.0) 0.5 -0.11752096349758961 (7.0,5.0) (0,0) 1e-07 0.12422482990885109 (7.0,1.0) (0,0) 1e-07 0.12422482990885109 
