[[(7.0, 6.0), (0, 6.0), (0, 5.0), (7.0, 5.0)], [(7.0, 1.0), (0, 1.0), (0, 0), (7.0, 0)]]
timestamp position0 velocity0 radius0 heading0 goal pref_speed theta position1 velocity1 radius1 heading1 position2 velocity2 radius2 heading2 position3 velocity3 radius3 heading3 position4 velocity4 radius4 heading4 position5 velocity5 radius5 heading5 position6 velocity6 radius6 heading6 
0.0 (6.0,2.6809327602386475) (0.0,0.0) 0.5 -0.09055065936571027 (10.0,3.4984504313535396) 3.0 0.0 (7.290577411651611,1.5) (0.0,0.0) 0.5 0.3692509124791822 (8.111706733703613,2.5) (0.0,0.0) 0.5 -0.09244689201898221 (7.010770797729492,3.5) (0.0,0.0) 0.5 -0.01414027878356594 (8.288622856140137,4.5) (0.0,0.0) 0.5 -0.37578350981890934 (6.0,5.0) (0,0) 1e-07 -0.09055065936571027 (6.0,1.0) (0,0) 1e-07 -0.09055065936571027 
1.0 (6.294528961181641,2.556494951248169) (0.29452893137931824,-0.12443786859512329) 0.5 -0.09055065936571027 (10.0,3.4984504313535396) 3.0 -0.3997494779984497 (7.912771701812744,1.179260015487671) (0.6221942901611328,-0.3207400143146515) 0.5 0.3692509124791822 (8.743882179260254,2.199411153793335) (0.632175862789154,-0.30058884620666504) 0.5 -0.09244689201898221 (7.375461578369141,3.539120674133301) (0.3646906018257141,0.039120763540267944) 0.5 -0.01414027878356594 (8.956720352172852,4.708916187286377) (0.6680973768234253,0.2089160978794098) 0.5 -0.37578350981890934 (6.294528961181641,5.0) (0,0) 1e-07 -0.09055065936571027 (6.294528961181641,1.0) (0,0) 1e-07 -0.09055065936571027 
2.0 (6.886980056762695,2.575340509414673) (0.592451274394989,0.01884547621011734) 0.5 -0.09055065936571027 (10.0,3.4984504313535396) 3.0 0.03179860474675877 (8.589637756347656,1.0007888078689575) (0.676866352558136,-0.17847122251987457) 0.5 0.3692509124791822 (9.376057624816895,1.89882230758667) (0.632175862789154,-0.30058884620666504) 0.5 -0.09244689201898221 (8.065566062927246,3.656404972076416) (0.6901045441627502,0.11728426814079285) 0.5 -0.01414027878356594 (9.624817848205566,4.917832374572754) (0.6680973768234253,0.2089160978794098) 0.5 -0.37578350981890934 (6.886980056762695,5.0) (0,0) 1e-07 -0.09055065936571027 (6.886980056762695,1.0) (0,0) 1e-07 -0.09055065936571027 
3.0 (7.4014177322387695,2.605335235595703) (0.5144379138946533,0.02999482862651348) 0.5 -0.09055065936571027 (10.0,3.4984504313535396) 3.0 0.05824008479600195 (9.266504287719727,0.8223176002502441) (0.676866352558136,-0.17847120761871338) 0.5 0.3692509124791822 (10.008233070373535,1.5982334613800049) (0.632175862789154,-0.30058878660202026) 0.5 -0.09244689201898221 (8.755670547485352,3.7736892700195312) (0.6901045441627502,0.11728425323963165) 0.5 -0.01414027878356594 (10.292915344238281,5.126748561859131) (0.6680973768234253,0.2089160829782486) 0.5 -0.37578350981890934 (7.0,5.0) (0,0) 1e-07 -0.09055065936571027 (7.0,1.0) (0,0) 1e-07 -0.09055065936571027 
4.0 (8.080048561096191,2.6549623012542725) (0.6786312460899353,0.04962710291147232) 0.5 -0.09055065936571027 (10.0,3.4984504313535396) 3.0 0.07299829136242325 (9.936317443847656,0.6189703941345215) (0.6698132753372192,-0.20334723591804504) 0.5 0.3692509124791822 (10.65032958984375,1.319463849067688) (0.6420961618423462,-0.2787696123123169) 0.5 -0.09244689201898221 (9.445775032043457,3.8909735679626465) (0.6901046633720398,0.11728423833847046) 0.5 -0.01414027878356594 (10.961012840270996,5.335664749145508) (0.6680973768234253,0.20891603827476501) 0.5 -0.37578350981890934 (7.0,5.0) (0,0) 1e-07 -0.09055065936571027 (7.0,1.0) (0,0) 1e-07 -0.09055065936571027 
5.0 (8.803229331970215,2.7184646129608154) (0.7231804132461548,0.0635022297501564) 0.5 -0.09055065936571027 (10.0,3.4984504313535396) 3.0 0.08758501671968066 (10.482983589172363,0.49443233013153076) (0.5466658473014832,-0.12453804910182953) 0.5 0.3692509124791822 (11.307167053222656,1.0774638652801514) (0.6568378806114197,-0.24199999868869781) 0.5 -0.09244689201898221 (10.08729076385498,4.0) (0.6415159702301025,0.10902643203735352) 0.5 -0.01414027878356594 (11.486544609069824,5.5) (0.5255317687988281,0.1643352508544922) 0.5 -0.37578350981890934 (7.0,5.0) (0,0) 1e-07 -0.09055065936571027 (7.0,1.0) (0,0) 1e-07 -0.09055065936571027 
6.0 (9.608382225036621,2.8167402744293213) (0.8051531910896301,0.09827558696269989) 0.5 -0.09055065936571027 (10.0,3.4984504313535396) 3.0 0.12145745817142028 (10.488919258117676,0.5) (0.005935750436037779,0.005567669868469238) 0.5 0.3692509124791822 (11.729756355285645,1.2400411367416382) (0.42258909344673157,0.1625773012638092) 0.5 -0.09244689201898221 (10.16528034210205,4.086075305938721) (0.0779898464679718,0.08607539534568787) 0.5 -0.01414027878356594 (11.486544609069824,5.5) (2.0297498792842816e-08,0.0) 0.5 -0.37578350981890934 (7.0,5.0) (0,0) 1e-07 -0.09055065936571027 (7.0,1.0) (0,0) 1e-07 -0.09055065936571027 
7.0 (10.44890022277832,2.9294941425323486) (0.8405179381370544,0.11275385320186615) 0.5 -0.09055065936571027 (10.0,3.4984504313535396) 3.0 0.13335194514037726 (10.488919258117676,0.5) (8.16128391534221e-08,0.0) 0.5 0.3692509124791822 (11.73115348815918,1.251532793045044) (0.0013971105217933655,0.011491645127534866) 0.5 -0.09244689201898221 (10.085230827331543,4.015213489532471) (-0.08004976809024811,-0.07086195051670074) 0.5 -0.01414027878356594 (11.486544609069824,5.5) (2.0297498792842816e-08,0.0) 0.5 -0.37578350981890934 (7.0,5.0) (0,0) 1e-07 -0.09055065936571027 (7.0,1.0) (0,0) 1e-07 -0.09055065936571027 
