[[(7.0, 6.0), (0, 6.0), (0, 5.0), (7.0, 5.0)], [(7.0, 1.0), (0, 1.0), (0, 0), (7.0, 0)]]
timestamp position0 velocity0 radius0 heading0 goal pref_speed theta position1 velocity1 radius1 heading1 position2 velocity2 radius2 heading2 position3 velocity3 radius3 heading3 position4 velocity4 radius4 heading4 position5 velocity5 radius5 heading5 position6 velocity6 radius6 heading6 
0.0 (6.0,2.9221606254577637) (0.0,0.0) 0.5 -0.3851172814600892 (10.0,3.496584046697035) 3.0 0.0 (7.497614860534668,1.5) (0.0,0.0) 0.5 0.21495581611317371 (8.02060317993164,2.5) (0.0,0.0) 0.5 -0.008772299142352169 (7.25592565536499,3.5) (0.0,0.0) 0.5 0.08803817475761899 (8.001873970031738,4.5) (0.0,0.0) 0.5 -0.388473297928835 (6.0,5.0) (0,0) 1e-07 -0.3851172814600892 (6.0,1.0) (0,0) 1e-07 -0.3851172814600892 
1.0 (6.25059700012207,2.8350307941436768) (0.2505972385406494,-0.0871298760175705) 0.5 -0.3851172814600892 (10.0,3.496584046697035) 3.0 -0.33461444335376966 (8.145063400268555,1.2338991165161133) (0.6474490165710449,-0.2661009132862091) 0.5 0.21495581611317371 (8.64480209350586,2.1831791400909424) (0.6241990923881531,-0.3168208599090576) 0.5 -0.008772299142352169 (7.4660162925720215,3.497716188430786) (0.21009047329425812,-0.0022837668657302856) 0.5 0.08803817475761899 (8.663220405578613,4.7293925285339355) (0.6613463759422302,0.22939270734786987) 0.5 -0.388473297928835 (6.25059700012207,5.0) (0,0) 1e-07 -0.3851172814600892 (6.25059700012207,1.0) (0,0) 1e-07 -0.3851172814600892 
2.0 (6.717256546020508,2.773956298828125) (0.4666595160961151,-0.06107447296380997) 0.5 -0.3851172814600892 (10.0,3.496584046697035) 3.0 -0.13013622710192002 (8.795727729797363,0.9757596254348755) (0.6506642699241638,-0.2581394910812378) 0.5 0.21495581611317371 (9.269001007080078,1.8663582801818848) (0.6241990923881531,-0.3168208599090576) 0.5 -0.008772299142352169 (8.154824256896973,3.6223912239074707) (0.6888077259063721,0.12467508018016815) 0.5 0.08803817475761899 (9.324566841125488,4.958785057067871) (0.6613463759422302,0.22939276695251465) 0.5 -0.388473297928835 (6.717256546020508,5.0) (0,0) 1e-07 -0.3851172814600892 (6.717256546020508,1.0) (0,0) 1e-07 -0.3851172814600892 
3.0 (7.38787317276001,2.8170392513275146) (0.6706165075302124,0.043083060532808304) 0.5 -0.3851172814600892 (10.0,3.496584046697035) 3.0 0.0641557944869307 (9.435559272766113,0.6918318271636963) (0.6398319602012634,-0.2839278280735016) 0.5 0.21495581611317371 (9.905317306518555,1.5746358633041382) (0.6363159418106079,-0.29172244668006897) 0.5 -0.008772299142352169 (8.843631744384766,3.7470662593841553) (0.6888077855110168,0.12467510998249054) 0.5 0.08803817475761899 (9.985913276672363,5.188178062438965) (0.6613463163375854,0.22939284145832062) 0.5 -0.388473297928835 (7.0,5.0) (0,0) 1e-07 -0.3851172814600892 (7.0,1.0) (0,0) 1e-07 -0.3851172814600892 
4.0 (8.08298397064209,2.867664337158203) (0.6951107978820801,0.05062512308359146) 0.5 -0.3851172814600892 (10.0,3.496584046697035) 3.0 0.07270193121456511 (10.073646545410156,0.4040040373802185) (0.6380870938301086,-0.2878277897834778) 0.5 0.21495581611317371 (10.543401718139648,1.2868010997772217) (0.6380839347839355,-0.2878347635269165) 0.5 -0.008772299142352169 (9.532439231872559,3.87174129486084) (0.6888076663017273,0.12467510998249054) 0.5 0.08803817475761899 (10.647259712219238,5.4175705909729) (0.6613463163375854,0.22939273715019226) 0.5 -0.388473297928835 (7.0,5.0) (0,0) 1e-07 -0.3851172814600892 (7.0,1.0) (0,0) 1e-07 -0.3851172814600892 
5.0 (8.814336776733398,2.9236233234405518) (0.7313528656959534,0.05595903843641281) 0.5 -0.3851172814600892 (10.0,3.496584046697035) 3.0 0.07636562295779471 (10.260940551757812,0.356049120426178) (0.18729373812675476,-0.047954902052879333) 0.5 0.21495581611317371 (11.02083683013916,1.0844552516937256) (0.47743505239486694,-0.2023458033800125) 0.5 -0.008772299142352169 (10.221246719360352,3.9964165687561035) (0.6888077855110168,0.12467516213655472) 0.5 0.08803817475761899 (10.884905815124512,5.5) (0.2376457154750824,0.08242940902709961) 0.5 -0.388473297928835 (7.0,5.0) (0,0) 1e-07 -0.3851172814600892 (7.0,1.0) (0,0) 1e-07 -0.3851172814600892 
6.0 (9.582093238830566,2.9872236251831055) (0.7677567005157471,0.06360037624835968) 0.5 -0.3851172814600892 (10.0,3.496584046697035) 3.0 0.08265051917806512 (10.337539672851562,0.5) (0.07659915834665298,0.14395087957382202) 0.5 0.21495581611317371 (11.242170333862305,1.1455620527267456) (0.221333846449852,0.06110675632953644) 0.5 -0.008772299142352169 (10.395476341247559,4.129205703735352) (0.17422926425933838,0.13278931379318237) 0.5 0.08803817475761899 (10.884905815124512,5.5) (-3.835155553133518e-07,0.0) 0.5 -0.388473297928835 (7.0,5.0) (0,0) 1e-07 -0.3851172814600892 (7.0,1.0) (0,0) 1e-07 -0.3851172814600892 
7.0 (10.333050727844238,3.05682373046875) (0.750957727432251,0.06960012018680573) 0.5 -0.3851172814600892 (10.0,3.496584046697035) 3.0 0.09241779140328636 (10.337539672851562,0.5) (3.7385881057616643e-08,0.0) 0.5 0.21495581611317371 (11.356637001037598,1.2041707038879395) (0.11446666717529297,0.058608654886484146) 0.5 -0.008772299142352169 (10.276945114135742,4.197768688201904) (-0.11853136122226715,0.06856311857700348) 0.5 0.08803817475761899 (10.884905815124512,5.5) (-3.835155553133518e-07,0.0) 0.5 -0.388473297928835 (7.0,5.0) (0,0) 1e-07 -0.3851172814600892 (7.0,1.0) (0,0) 1e-07 -0.3851172814600892 
