[[(7.0, 6.0), (0, 6.0), (0, 5.0), (7.0, 5.0)], [(7.0, 1.0), (0, 1.0), (0, 0), (7.0, 0)]]
timestamp position0 velocity0 radius0 heading0 goal pref_speed theta position1 velocity1 radius1 heading1 position2 velocity2 radius2 heading2 position3 velocity3 radius3 heading3 position4 velocity4 radius4 heading4 position5 velocity5 radius5 heading5 position6 velocity6 radius6 heading6 
0.0 (6.0,2.984375476837158) (0.0,0.0) 0.5 -0.35951163262292113 (10.0,2.9938263736023245) 3.0 0.0 (6.0,5.0) (0,0) 1e-07 -0.35951163262292113 (6.0,1.0) (0,0) 1e-07 -0.35951163262292113 
1.0 (6.104188919067383,2.8643150329589844) (0.10418897867202759,-0.12006045877933502) 0.5 -0.35951163262292113 (10.0,2.9938263736023245) 3.0 -0.8560563478087445 (6.104188919067383,5.0) (0,0) 1e-07 -0.35951163262292113 (6.104188919067383,1.0) (0,0) 1e-07 -0.35951163262292113 
2.0 (6.434676647186279,2.716331958770752) (0.3304876685142517,-0.14798305928707123) 0.5 -0.35951163262292113 (10.0,2.9938263736023245) 3.0 -0.4209994116363032 (6.434676647186279,5.0) (0,0) 1e-07 -0.35951163262292113 (6.434676647186279,1.0) (0,0) 1e-07 -0.35951163262292113 
3.0 (7.194298267364502,2.6908071041107178) (0.7596217393875122,-0.02552494779229164) 0.5 -0.35951163262292113 (10.0,2.9938263736023245) 3.0 -0.033589543553633465 (7.0,5.0) (0,0) 1e-07 -0.35951163262292113 (7.0,1.0) (0,0) 1e-07 -0.35951163262292113 
4.0 (7.960954189300537,2.672713041305542) (0.7666560411453247,-0.018094180151820183) 0.5 -0.35951163262292113 (10.0,2.9938263736023245) 3.0 -0.023597050894901314 (7.0,5.0) (0,0) 1e-07 -0.35951163262292113 (7.0,1.0) (0,0) 1e-07 -0.35951163262292113 
5.0 (8.592414855957031,2.669356107711792) (0.6314611434936523,-0.0033570220693945885) 0.5 -0.35951163262292113 (10.0,2.9938263736023245) 3.0 -0.005316226466573703 (7.0,5.0) (0,0) 1e-07 -0.35951163262292113 (7.0,1.0) (0,0) 1e-07 -0.35951163262292113 
6.0 (9.38019847869873,2.7634363174438477) (0.7877833843231201,0.09408015757799149) 0.5 -0.35951163262292113 (10.0,2.9938263736023245) 3.0 0.11886095727187239 (7.0,5.0) (0,0) 1e-07 -0.35951163262292113 (7.0,1.0) (0,0) 1e-07 -0.35951163262292113 
7.0 (10.035061836242676,2.880659580230713) (0.6548635959625244,0.11722327768802643) 0.5 -0.35951163262292113 (10.0,2.9938263736023245) 3.0 0.17712813893805165 (7.0,5.0) (0,0) 1e-07 -0.35951163262292113 (7.0,1.0) (0,0) 1e-07 -0.35951163262292113 
