[[(7.0, 6.0), (0, 6.0), (0, 5.0), (7.0, 5.0)], [(7.0, 1.0), (0, 1.0), (0, 0), (7.0, 0)]]
timestamp position0 velocity0 radius0 heading0 goal pref_speed theta position1 velocity1 radius1 heading1 position2 velocity2 radius2 heading2 position3 velocity3 radius3 heading3 position4 velocity4 radius4 heading4 position5 velocity5 radius5 heading5 position6 velocity6 radius6 heading6 
0.0 (6.0,3.4544262886047363) (0.0,0.0) 0.5 -0.34522919382581063 (10.0,3.222039590826736) 3.0 0.0 (6.0,5.0) (0,0) 1e-07 -0.34522919382581063 (6.0,1.0) (0,0) 1e-07 -0.34522919382581063 
1.0 (6.0355119705200195,3.239501714706421) (0.03551182523369789,-0.21492454409599304) 0.5 -0.34522919382581063 (10.0,3.222039590826736) 3.0 -1.4070465239655565 (6.0355119705200195,5.0) (0,0) 1e-07 -0.34522919382581063 (6.0355119705200195,1.0) (0,0) 1e-07 -0.34522919382581063 
2.0 (6.2921037673950195,2.9529988765716553) (0.256591796875,-0.2865029275417328) 0.5 -0.34522919382581063 (10.0,3.222039590826736) 3.0 -0.8404179254438155 (6.2921037673950195,5.0) (0,0) 1e-07 -0.34522919382581063 (6.2921037673950195,1.0) (0,0) 1e-07 -0.34522919382581063 
3.0 (7.001237392425537,2.861854314804077) (0.709133505821228,-0.0911446213722229) 0.5 -0.34522919382581063 (10.0,3.222039590826736) 3.0 -0.1278287360219159 (7.0,5.0) (0,0) 1e-07 -0.34522919382581063 (7.0,1.0) (0,0) 1e-07 -0.34522919382581063 
4.0 (7.842185020446777,2.8877787590026855) (0.8409477472305298,0.025924503803253174) 0.5 -0.34522919382581063 (10.0,3.222039590826736) 3.0 0.030817962389073385 (7.0,5.0) (0,0) 1e-07 -0.34522919382581063 (7.0,1.0) (0,0) 1e-07 -0.34522919382581063 
5.0 (8.700037956237793,2.9598846435546875) (0.8578532934188843,0.07210579514503479) 0.5 -0.34522919382581063 (10.0,3.222039590826736) 3.0 0.08385664767192887 (7.0,5.0) (0,0) 1e-07 -0.34522919382581063 (7.0,1.0) (0,0) 1e-07 -0.34522919382581063 
6.0 (9.502176284790039,3.0607433319091797) (0.8021378517150879,0.10085873305797577) 0.5 -0.34522919382581063 (10.0,3.222039590826736) 3.0 0.1250809902255316 (7.0,5.0) (0,0) 1e-07 -0.34522919382581063 (7.0,1.0) (0,0) 1e-07 -0.34522919382581063 
7.0 (10.10082721710205,3.224148750305176) (0.5986505746841431,0.16340550780296326) 0.5 -0.34522919382581063 (10.0,3.222039590826736) 3.0 0.26646530459206774 (7.0,5.0) (0,0) 1e-07 -0.34522919382581063 (7.0,1.0) (0,0) 1e-07 -0.34522919382581063 
