[[(7.0, 6.0), (0, 6.0), (0, 5.0), (7.0, 5.0)], [(7.0, 1.0), (0, 1.0), (0, 0), (7.0, 0)]]
timestamp position0 velocity0 radius0 heading0 goal pref_speed theta position1 velocity1 radius1 heading1 position2 velocity2 radius2 heading2 position3 velocity3 radius3 heading3 position4 velocity4 radius4 heading4 position5 velocity5 radius5 heading5 position6 velocity6 radius6 heading6 
0.0 (6.0,2.8739354610443115) (0.0,0.0) 0.5 -0.3684938103573533 (10.0,2.5369366173083874) 3.0 0.0 (6.0,5.0) (0,0) 1e-07 -0.3684938103573533 (6.0,1.0) (0,0) 1e-07 -0.3684938103573533 
1.0 (5.985997200012207,2.6441423892974854) (-0.0140026044100523,-0.22979310154914856) 0.5 -0.3684938103573533 (10.0,2.5369366173083874) 3.0 -1.631656777010253 (5.985997200012207,5.0) (0,0) 1e-07 -0.3684938103573533 (5.985997200012207,1.0) (0,0) 1e-07 -0.3684938103573533 
2.0 (6.307076454162598,2.422550678253174) (0.3210790455341339,-0.2215918004512787) 0.5 -0.3684938103573533 (10.0,2.5369366173083874) 3.0 -0.6040826856098921 (6.307076454162598,5.0) (0,0) 1e-07 -0.3684938103573533 (6.307076454162598,1.0) (0,0) 1e-07 -0.3684938103573533 
3.0 (7.052887916564941,2.341830015182495) (0.7458115816116333,-0.08072062581777573) 0.5 -0.3684938103573533 (10.0,2.5369366173083874) 3.0 -0.10781225924473681 (7.0,5.0) (0,0) 1e-07 -0.3684938103573533 (7.0,1.0) (0,0) 1e-07 -0.3684938103573533 
4.0 (7.871510028839111,2.339927911758423) (0.8186219334602356,-0.001902086427435279) 0.5 -0.3684938103573533 (10.0,2.5369366173083874) 3.0 -0.0023235182527290596 (7.0,5.0) (0,0) 1e-07 -0.3684938103573533 (7.0,1.0) (0,0) 1e-07 -0.3684938103573533 
5.0 (8.693552017211914,2.3393263816833496) (0.8220415115356445,-0.000601619016379118) 0.5 -0.3684938103573533 (10.0,2.5369366173083874) 3.0 -0.0007318595235446289 (7.0,5.0) (0,0) 1e-07 -0.3684938103573533 (7.0,1.0) (0,0) 1e-07 -0.3684938103573533 
6.0 (9.505931854248047,2.3927478790283203) (0.812379777431488,0.05342138558626175) 0.5 -0.3684938103573533 (10.0,2.5369366173083874) 3.0 0.06566458636237558 (7.0,5.0) (0,0) 1e-07 -0.3684938103573533 (7.0,1.0) (0,0) 1e-07 -0.3684938103573533 
7.0 (10.157517433166504,2.502354860305786) (0.6515857577323914,0.10960695892572403) 0.5 -0.3684938103573533 (10.0,2.5369366173083874) 3.0 0.16665547217828272 (7.0,5.0) (0,0) 1e-07 -0.3684938103573533 (7.0,1.0) (0,0) 1e-07 -0.3684938103573533 
