[[(7.0, 6.0), (0, 6.0), (0, 5.0), (7.0, 5.0)], [(7.0, 1.0), (0, 1.0), (0, 0), (7.0, 0)]]
timestamp position0 velocity0 radius0 heading0 goal pref_speed theta position1 velocity1 radius1 heading1 position2 velocity2 radius2 heading2 position3 velocity3 radius3 heading3 position4 velocity4 radius4 heading4 position5 velocity5 radius5 heading5 position6 velocity6 radius6 heading6 
0.0 (6.0,2.8841562271118164) (0.0,0.0) 0.5 -0.30440453155215397 (10.0,2.5449021483888523) 3.0 0.0 (6.0,5.0) (0,0) 1e-07 -0.30440453155215397 (6.0,1.0) (0,0) 1e-07 -0.30440453155215397 
1.0 (6.043528079986572,2.6657772064208984) (0.04352809488773346,-0.21837905049324036) 0.5 -0.30440453155215397 (10.0,2.5449021483888523) 3.0 -1.374051252028067 (6.043528079986572,5.0) (0,0) 1e-07 -0.30440453155215397 (6.043528079986572,1.0) (0,0) 1e-07 -0.30440453155215397 
2.0 (6.317151069641113,2.443418025970459) (0.2736228406429291,-0.222359299659729) 0.5 -0.30440453155215397 (10.0,2.5449021483888523) 3.0 -0.6824062369230472 (6.317151069641113,5.0) (0,0) 1e-07 -0.30440453155215397 (6.317151069641113,1.0) (0,0) 1e-07 -0.30440453155215397 
3.0 (7.044447422027588,2.349879264831543) (0.7272962331771851,-0.09353864192962646) 0.5 -0.30440453155215397 (10.0,2.5449021483888523) 3.0 -0.12790931439913714 (7.0,5.0) (0,0) 1e-07 -0.30440453155215397 (7.0,1.0) (0,0) 1e-07 -0.30440453155215397 
4.0 (7.805263519287109,2.310861587524414) (0.7608160376548767,-0.03901756927371025) 0.5 -0.30440453155215397 (10.0,2.5449021483888523) 3.0 -0.05123895317195225 (7.0,5.0) (0,0) 1e-07 -0.30440453155215397 (7.0,1.0) (0,0) 1e-07 -0.30440453155215397 
5.0 (8.605735778808594,2.299722671508789) (0.8004722595214844,-0.011139009147882462) 0.5 -0.30440453155215397 (10.0,2.5449021483888523) 3.0 -0.01391464863890604 (7.0,5.0) (0,0) 1e-07 -0.30440453155215397 (7.0,1.0) (0,0) 1e-07 -0.30440453155215397 
6.0 (9.466203689575195,2.360661506652832) (0.8604678511619568,0.060938723385334015) 0.5 -0.30440453155215397 (10.0,2.5449021483888523) 3.0 0.07070240761023587 (7.0,5.0) (0,0) 1e-07 -0.30440453155215397 (7.0,1.0) (0,0) 1e-07 -0.30440453155215397 
7.0 (10.148674011230469,2.4412734508514404) (0.6824701428413391,0.08061186224222183) 0.5 -0.30440453155215397 (10.0,2.5449021483888523) 3.0 0.11757301998030181 (7.0,5.0) (0,0) 1e-07 -0.30440453155215397 (7.0,1.0) (0,0) 1e-07 -0.30440453155215397 
