[[(7.0, 6.0), (0, 6.0), (0, 5.0), (7.0, 5.0)], [(7.0, 1.0), (0, 1.0), (0, 0), (7.0, 0)]]
timestamp position0 velocity0 radius0 heading0 goal pref_speed theta position1 velocity1 radius1 heading1 position2 velocity2 radius2 heading2 position3 velocity3 radius3 heading3 position4 velocity4 radius4 heading4 position5 velocity5 radius5 heading5 position6 velocity6 radius6 heading6 
0.0 (6.0,2.611344814300537) (0.0,0.0) 0.5 -0.3590577161590817 (10.0,2.554380009881879) 3.0 0.0 (6.0,5.0) (0,0) 1e-07 -0.3590577161590817 (6.0,1.0) (0,0) 1e-07 -0.3590577161590817 
1.0 (6.0503153800964355,2.476163625717163) (0.05031542852520943,-0.13518112897872925) 0.5 -0.3590577161590817 (10.0,2.554380009881879) 3.0 -1.214476130529772 (6.0503153800964355,5.0) (0,0) 1e-07 -0.3590577161590817 (6.0503153800964355,1.0) (0,0) 1e-07 -0.3590577161590817 
2.0 (6.308971405029297,2.339092493057251) (0.25865596532821655,-0.13707119226455688) 0.5 -0.3590577161590817 (10.0,2.554380009881879) 3.0 -0.48730886874276264 (6.308971405029297,5.0) (0,0) 1e-07 -0.3590577161590817 (6.308971405029297,1.0) (0,0) 1e-07 -0.3590577161590817 
3.0 (7.066013813018799,2.3066115379333496) (0.7570425868034363,-0.032481059432029724) 0.5 -0.3590577161590817 (10.0,2.554380009881879) 3.0 -0.04287889611723191 (7.0,5.0) (0,0) 1e-07 -0.3590577161590817 (7.0,1.0) (0,0) 1e-07 -0.3590577161590817 
4.0 (7.884426116943359,2.3070197105407715) (0.8184124231338501,0.00040817857370711863) 0.5 -0.3590577161590817 (10.0,2.554380009881879) 3.0 0.0004987443107228028 (7.0,5.0) (0,0) 1e-07 -0.3590577161590817 (7.0,1.0) (0,0) 1e-07 -0.3590577161590817 
5.0 (8.712045669555664,2.3338844776153564) (0.8276193737983704,0.02686476521193981) 0.5 -0.3590577161590817 (10.0,2.554380009881879) 3.0 0.032448896783225316 (7.0,5.0) (0,0) 1e-07 -0.3590577161590817 (7.0,1.0) (0,0) 1e-07 -0.3590577161590817 
6.0 (9.414019584655762,2.3839187622070312) (0.7019742727279663,0.050034187734127045) 0.5 -0.3590577161590817 (10.0,2.554380009881879) 3.0 0.0711560481220293 (7.0,5.0) (0,0) 1e-07 -0.3590577161590817 (7.0,1.0) (0,0) 1e-07 -0.3590577161590817 
7.0 (9.987079620361328,2.544659376144409) (0.5730603933334351,0.16074062883853912) 0.5 -0.3590577161590817 (10.0,2.554380009881879) 3.0 0.27346774447228656 (7.0,5.0) (0,0) 1e-07 -0.3590577161590817 (7.0,1.0) (0,0) 1e-07 -0.3590577161590817 
