[[(7.0, 6.0), (0, 6.0), (0, 5.0), (7.0, 5.0)], [(7.0, 1.0), (0, 1.0), (0, 0), (7.0, 0)]]
timestamp position0 velocity0 radius0 heading0 goal pref_speed theta position1 velocity1 radius1 heading1 position2 velocity2 radius2 heading2 position3 velocity3 radius3 heading3 position4 velocity4 radius4 heading4 position5 velocity5 radius5 heading5 position6 velocity6 radius6 heading6 
0.0 (6.0,2.7820076942443848) (0.0,0.0) 0.5 -0.34877941647778304 (10.0,2.886465505156942) 3.0 0.0 (6.0,5.0) (0,0) 1e-07 -0.34877941647778304 (6.0,1.0) (0,0) 1e-07 -0.34877941647778304 
1.0 (6.054261684417725,2.69274640083313) (0.054261863231658936,-0.08926133811473846) 0.5 -0.34877941647778304 (10.0,2.886465505156942) 3.0 -1.0245890952315895 (6.054261684417725,5.0) (0,0) 1e-07 -0.34877941647778304 (6.054261684417725,1.0) (0,0) 1e-07 -0.34877941647778304 
2.0 (6.365839958190918,2.556889772415161) (0.3115781247615814,-0.13585661351680756) 0.5 -0.34877941647778304 (10.0,2.886465505156942) 3.0 -0.4111737925501108 (6.365839958190918,5.0) (0,0) 1e-07 -0.34877941647778304 (6.365839958190918,1.0) (0,0) 1e-07 -0.34877941647778304 
3.0 (7.128633499145508,2.5394599437713623) (0.7627937197685242,-0.017429843544960022) 0.5 -0.34877941647778304 (10.0,2.886465505156942) 3.0 -0.022846033647554623 (7.0,5.0) (0,0) 1e-07 -0.34877941647778304 (7.0,1.0) (0,0) 1e-07 -0.34877941647778304 
4.0 (7.939463138580322,2.5473666191101074) (0.8108296394348145,0.007906760089099407) 0.5 -0.34877941647778304 (10.0,2.886465505156942) 3.0 0.009751135255999056 (7.0,5.0) (0,0) 1e-07 -0.34877941647778304 (7.0,1.0) (0,0) 1e-07 -0.34877941647778304 
5.0 (8.63277530670166,2.5456509590148926) (0.6933122873306274,-0.0017157618422061205) 0.5 -0.34877941647778304 (10.0,2.886465505156942) 3.0 -0.002474726571215811 (7.0,5.0) (0,0) 1e-07 -0.34877941647778304 (7.0,1.0) (0,0) 1e-07 -0.34877941647778304 
6.0 (9.340410232543945,2.5953166484832764) (0.7076353430747986,0.04966564476490021) 0.5 -0.34877941647778304 (10.0,2.886465505156942) 3.0 0.070070460284721 (7.0,5.0) (0,0) 1e-07 -0.34877941647778304 (7.0,1.0) (0,0) 1e-07 -0.34877941647778304 
7.0 (9.908827781677246,2.7108845710754395) (0.5684177875518799,0.11556800454854965) 0.5 -0.34877941647778304 (10.0,2.886465505156942) 3.0 0.20058125836063956 (7.0,5.0) (0,0) 1e-07 -0.34877941647778304 (7.0,1.0) (0,0) 1e-07 -0.34877941647778304 
