[[(7.0, 6.0), (0, 6.0), (0, 5.0), (7.0, 5.0)], [(7.0, 1.0), (0, 1.0), (0, 0), (7.0, 0)]]
timestamp position0 velocity0 radius0 heading0 goal pref_speed theta position1 velocity1 radius1 heading1 position2 velocity2 radius2 heading2 position3 velocity3 radius3 heading3 position4 velocity4 radius4 heading4 position5 velocity5 radius5 heading5 position6 velocity6 radius6 heading6 
0.0 (6.0,3.2181243896484375) (0.0,0.0) 0.5 -0.3888959396103314 (10.0,3.458885430982916) 3.0 0.0 (6.0,5.0) (0,0) 1e-07 -0.3888959396103314 (6.0,1.0) (0,0) 1e-07 -0.3888959396103314 
1.0 (6.070438385009766,3.150423526763916) (0.07043837755918503,-0.06770092993974686) 0.5 -0.3888959396103314 (10.0,3.458885430982916) 3.0 -0.7655841841278732 (6.070438385009766,5.0) (0,0) 1e-07 -0.3888959396103314 (6.070438385009766,1.0) (0,0) 1e-07 -0.3888959396103314 
2.0 (6.322288513183594,3.0152928829193115) (0.25185003876686096,-0.13513071835041046) 0.5 -0.3888959396103314 (10.0,3.458885430982916) 3.0 -0.4924600942047087 (6.322288513183594,5.0) (0,0) 1e-07 -0.3888959396103314 (6.322288513183594,1.0) (0,0) 1e-07 -0.3888959396103314 
3.0 (7.027424335479736,3.019132375717163) (0.7051358819007874,0.0038393791764974594) 0.5 -0.3888959396103314 (10.0,3.458885430982916) 3.0 0.005444824655894886 (7.0,5.0) (0,0) 1e-07 -0.3888959396103314 (7.0,1.0) (0,0) 1e-07 -0.3888959396103314 
4.0 (7.804995536804199,3.0474393367767334) (0.7775710225105286,0.02830687165260315) 0.5 -0.3888959396103314 (10.0,3.458885430982916) 3.0 0.03638815753120313 (7.0,5.0) (0,0) 1e-07 -0.3888959396103314 (7.0,1.0) (0,0) 1e-07 -0.3888959396103314 
5.0 (8.582643508911133,3.132826328277588) (0.7776474952697754,0.08538694679737091) 0.5 -0.3888959396103314 (10.0,3.458885430982916) 3.0 0.10936350412111707 (7.0,5.0) (0,0) 1e-07 -0.3888959396103314 (7.0,1.0) (0,0) 1e-07 -0.3888959396103314 
6.0 (9.351825714111328,3.274026393890381) (0.769182026386261,0.14120011031627655) 0.5 -0.3888959396103314 (10.0,3.458885430982916) 3.0 0.18155045317488344 (7.0,5.0) (0,0) 1e-07 -0.3888959396103314 (7.0,1.0) (0,0) 1e-07 -0.3888959396103314 
7.0 (9.971406936645508,3.499504327774048) (0.6195808053016663,0.2254779189825058) 0.5 -0.3888959396103314 (10.0,3.458885430982916) 3.0 0.3490215947785658 (7.0,5.0) (0,0) 1e-07 -0.3888959396103314 (7.0,1.0) (0,0) 1e-07 -0.3888959396103314 
