[[(7.0, 6.0), (0, 6.0), (0, 5.0), (7.0, 5.0)], [(7.0, 1.0), (0, 1.0), (0, 0), (7.0, 0)]]
timestamp position0 velocity0 radius0 heading0 goal pref_speed theta position1 velocity1 radius1 heading1 position2 velocity2 radius2 heading2 position3 velocity3 radius3 heading3 position4 velocity4 radius4 heading4 position5 velocity5 radius5 heading5 position6 velocity6 radius6 heading6 
0.0 (6.0,2.5339198112487793) (0.0,0.0) 0.5 0.3305821058712831 (10.0,3.385763996263442) 3.0 0.0 (6.0,5.0) (0,0) 1e-07 0.3305821058712831 (6.0,1.0) (0,0) 1e-07 0.3305821058712831 
1.0 (6.192461013793945,2.4923834800720215) (0.1924610137939453,-0.041536420583724976) 0.5 0.3305821058712831 (10.0,3.385763996263442) 3.0 -0.2125572392001791 (6.192461013793945,5.0) (0,0) 1e-07 0.3305821058712831 (6.192461013793945,1.0) (0,0) 1e-07 0.3305821058712831 
2.0 (6.76407527923584,2.317736864089966) (0.5716145038604736,-0.1746465563774109) 0.5 0.3305821058712831 (10.0,3.385763996263442) 3.0 -0.2965243188770666 (6.76407527923584,5.0) (0,0) 1e-07 0.3305821058712831 (6.76407527923584,1.0) (0,0) 1e-07 0.3305821058712831 
3.0 (7.562837600708008,2.306957483291626) (0.7987622022628784,-0.010779419913887978) 0.5 0.3305821058712831 (10.0,3.385763996263442) 3.0 -0.013494336080272205 (7.0,5.0) (0,0) 1e-07 0.3305821058712831 (7.0,1.0) (0,0) 1e-07 0.3305821058712831 
4.0 (8.435016632080078,2.4282965660095215) (0.8721789121627808,0.12133911997079849) 0.5 0.3305821058712831 (10.0,3.385763996263442) 3.0 0.13823454191494872 (7.0,5.0) (0,0) 1e-07 0.3305821058712831 (7.0,1.0) (0,0) 1e-07 0.3305821058712831 
5.0 (9.2625732421875,2.585969924926758) (0.8275570869445801,0.15767338871955872) 0.5 0.3305821058712831 (10.0,3.385763996263442) 3.0 0.1882721908199916 (7.0,5.0) (0,0) 1e-07 0.3305821058712831 (7.0,1.0) (0,0) 1e-07 0.3305821058712831 
6.0 (9.939614295959473,2.7233290672302246) (0.6770411729812622,0.13735917210578918) 0.5 0.3305821058712831 (10.0,3.385763996263442) 3.0 0.20016475289835461 (7.0,5.0) (0,0) 1e-07 0.3305821058712831 (7.0,1.0) (0,0) 1e-07 0.3305821058712831 
7.0 (10.532360076904297,2.932451009750366) (0.5927455425262451,0.2091219574213028) 0.5 0.3305821058712831 (10.0,3.385763996263442) 3.0 0.33916906588538354 (7.0,5.0) (0,0) 1e-07 0.3305821058712831 (7.0,1.0) (0,0) 1e-07 0.3305821058712831 
