[[(7.0, 6.0), (0, 6.0), (0, 5.0), (7.0, 5.0)], [(7.0, 1.0), (0, 1.0), (0, 0), (7.0, 0)]]
timestamp position0 velocity0 radius0 heading0 goal pref_speed theta position1 velocity1 radius1 heading1 position2 velocity2 radius2 heading2 position3 velocity3 radius3 heading3 position4 velocity4 radius4 heading4 position5 velocity5 radius5 heading5 position6 velocity6 radius6 heading6 
0.0 (6.0,3.4230573177337646) (0.0,0.0) 0.5 -0.38312679429678526 (10.0,2.923632839426391) 3.0 0.0 (6.0,5.0) (0,0) 1e-07 -0.38312679429678526 (6.0,1.0) (0,0) 1e-07 -0.38312679429678526 
1.0 (5.9594573974609375,3.179733991622925) (-0.040542468428611755,-0.24332331120967865) 0.5 -0.38312679429678526 (10.0,2.923632839426391) 3.0 -1.7358993517974082 (5.9594573974609375,5.0) (0,0) 1e-07 -0.38312679429678526 (5.9594573974609375,1.0) (0,0) 1e-07 -0.38312679429678526 
2.0 (6.198581695556641,2.852701187133789) (0.23912453651428223,-0.32703274488449097) 0.5 -0.38312679429678526 (10.0,2.923632839426391) 3.0 -0.9394397864663053 (6.198581695556641,5.0) (0,0) 1e-07 -0.38312679429678526 (6.198581695556641,1.0) (0,0) 1e-07 -0.38312679429678526 
3.0 (6.927650451660156,2.7327826023101807) (0.7290685772895813,-0.119918592274189) 0.5 -0.38312679429678526 (10.0,2.923632839426391) 3.0 -0.16302221827160385 (6.927650451660156,5.0) (0,0) 1e-07 -0.38312679429678526 (6.927650451660156,1.0) (0,0) 1e-07 -0.38312679429678526 
4.0 (7.737639427185059,2.714085817337036) (0.8099889755249023,-0.018696852028369904) 0.5 -0.38312679429678526 (10.0,2.923632839426391) 3.0 -0.023078749195655425 (7.0,5.0) (0,0) 1e-07 -0.38312679429678526 (7.0,1.0) (0,0) 1e-07 -0.38312679429678526 
5.0 (8.549725532531738,2.697856903076172) (0.8120861649513245,-0.0162288099527359) 0.5 -0.38312679429678526 (10.0,2.923632839426391) 3.0 -0.01998143887768292 (7.0,5.0) (0,0) 1e-07 -0.38312679429678526 (7.0,1.0) (0,0) 1e-07 -0.38312679429678526 
6.0 (9.453447341918945,2.7794389724731445) (0.9037222862243652,0.0815819576382637) 0.5 -0.38312679429678526 (10.0,2.923632839426391) 3.0 0.0900292327461775 (7.0,5.0) (0,0) 1e-07 -0.38312679429678526 (7.0,1.0) (0,0) 1e-07 -0.38312679429678526 
7.0 (10.108743667602539,2.8444793224334717) (0.6552961468696594,0.06504037231206894) 0.5 -0.38312679429678526 (10.0,2.923632839426391) 3.0 0.09892939266995601 (7.0,5.0) (0,0) 1e-07 -0.38312679429678526 (7.0,1.0) (0,0) 1e-07 -0.38312679429678526 
