[[(7.0, 6.0), (0, 6.0), (0, 5.0), (7.0, 5.0)], [(7.0, 1.0), (0, 1.0), (0, 0), (7.0, 0)]]
timestamp position0 velocity0 radius0 heading0 goal pref_speed theta position1 velocity1 radius1 heading1 position2 velocity2 radius2 heading2 position3 velocity3 radius3 heading3 position4 velocity4 radius4 heading4 position5 velocity5 radius5 heading5 position6 velocity6 radius6 heading6 
0.0 (6.0,2.6460182666778564) (0.0,0.0) 0.5 -0.2791232839243907 (10.0,3.2317286572808337) 3.0 0.0 (6.0,5.0) (0,0) 1e-07 -0.2791232839243907 (6.0,1.0) (0,0) 1e-07 -0.2791232839243907 
1.0 (6.1461100578308105,2.646470546722412) (0.14610984921455383,0.00045227259397506714) 0.5 -0.2791232839243907 (10.0,3.2317286572808337) 3.0 0.0030954186312872065 (6.1461100578308105,5.0) (0,0) 1e-07 -0.2791232839243907 (6.1461100578308105,1.0) (0,0) 1e-07 -0.2791232839243907 
2.0 (6.486099720001221,2.6200711727142334) (0.33998972177505493,-0.026399366557598114) 0.5 -0.2791232839243907 (10.0,3.2317286572808337) 3.0 -0.0774920558079455 (6.486099720001221,5.0) (0,0) 1e-07 -0.2791232839243907 (6.486099720001221,1.0) (0,0) 1e-07 -0.2791232839243907 
3.0 (7.163741588592529,2.66457200050354) (0.6776418089866638,0.044500771909952164) 0.5 -0.2791232839243907 (10.0,3.2317286572808337) 3.0 0.06557589224144798 (7.0,5.0) (0,0) 1e-07 -0.2791232839243907 (7.0,1.0) (0,0) 1e-07 -0.2791232839243907 
4.0 (7.928831100463867,2.7631614208221436) (0.7650896906852722,0.0985894575715065) 0.5 -0.2791232839243907 (10.0,3.2317286572808337) 3.0 0.12815378696907515 (7.0,5.0) (0,0) 1e-07 -0.2791232839243907 (7.0,1.0) (0,0) 1e-07 -0.2791232839243907 
5.0 (8.693730354309082,2.850827932357788) (0.7648988366127014,0.08766661584377289) 0.5 -0.2791232839243907 (10.0,3.2317286572808337) 3.0 0.11411411345135174 (7.0,5.0) (0,0) 1e-07 -0.2791232839243907 (7.0,1.0) (0,0) 1e-07 -0.2791232839243907 
6.0 (9.451176643371582,3.0196690559387207) (0.7574459910392761,0.16884107887744904) 0.5 -0.2791232839243907 (10.0,3.2317286572808337) 3.0 0.21932274403693508 (7.0,5.0) (0,0) 1e-07 -0.2791232839243907 (7.0,1.0) (0,0) 1e-07 -0.2791232839243907 
7.0 (10.074352264404297,3.210695266723633) (0.623175859451294,0.19102628529071808) 0.5 -0.2791232839243907 (10.0,3.2317286572808337) 3.0 0.2974429459884253 (7.0,5.0) (0,0) 1e-07 -0.2791232839243907 (7.0,1.0) (0,0) 1e-07 -0.2791232839243907 
