[[(7.0, 6.0), (0, 6.0), (0, 5.0), (7.0, 5.0)], [(7.0, 1.0), (0, 1.0), (0, 0), (7.0, 0)]]
timestamp position0 velocity0 radius0 heading0 goal pref_speed theta position1 velocity1 radius1 heading1 position2 velocity2 radius2 heading2 position3 velocity3 radius3 heading3 position4 velocity4 radius4 heading4 position5 velocity5 radius5 heading5 position6 velocity6 radius6 heading6 
0.0 (6.0,2.753277540206909) (0.0,0.0) 0.5 -0.3571734708698116 (10.0,2.9954719951490176) 3.0 0.0 (6.0,5.0) (0,0) 1e-07 -0.3571734708698116 (6.0,1.0) (0,0) 1e-07 -0.3571734708698116 
1.0 (6.162118434906006,2.683948516845703) (0.1621185541152954,-0.0693289190530777) 0.5 -0.3571734708698116 (10.0,2.9954719951490176) 3.0 -0.4041074433374669 (6.162118434906006,5.0) (0,0) 1e-07 -0.3571734708698116 (6.162118434906006,1.0) (0,0) 1e-07 -0.3571734708698116 
2.0 (6.492367744445801,2.5932791233062744) (0.33024924993515015,-0.09066949039697647) 0.5 -0.3571734708698116 (10.0,2.9954719951490176) 3.0 -0.2679465591335763 (6.492367744445801,5.0) (0,0) 1e-07 -0.3571734708698116 (6.492367744445801,1.0) (0,0) 1e-07 -0.3571734708698116 
3.0 (7.145855903625488,2.6066322326660156) (0.653488278388977,0.013353031128644943) 0.5 -0.3571734708698116 (10.0,2.9954719951490176) 3.0 0.020430623808407437 (7.0,5.0) (0,0) 1e-07 -0.3571734708698116 (7.0,1.0) (0,0) 1e-07 -0.3571734708698116 
4.0 (7.716363906860352,2.5791330337524414) (0.5705078840255737,-0.027499152347445488) 0.5 -0.3571734708698116 (10.0,2.9954719951490176) 3.0 -0.04816390098013025 (7.0,5.0) (0,0) 1e-07 -0.3571734708698116 (7.0,1.0) (0,0) 1e-07 -0.3571734708698116 
5.0 (8.463037490844727,2.6373605728149414) (0.7466737627983093,0.058227453380823135) 0.5 -0.3571734708698116 (10.0,2.9954719951490176) 3.0 0.07782495237625534 (7.0,5.0) (0,0) 1e-07 -0.3571734708698116 (7.0,1.0) (0,0) 1e-07 -0.3571734708698116 
6.0 (9.291071891784668,2.7743122577667236) (0.828034520149231,0.13695171475410461) 0.5 -0.3571734708698116 (10.0,2.9954719951490176) 3.0 0.16390988571526283 (7.0,5.0) (0,0) 1e-07 -0.3571734708698116 (7.0,1.0) (0,0) 1e-07 -0.3571734708698116 
7.0 (9.946678161621094,3.017021894454956) (0.6556062698364258,0.24270957708358765) 0.5 -0.3571734708698116 (10.0,2.9954719951490176) 3.0 0.3545613728977988 (7.0,5.0) (0,0) 1e-07 -0.3571734708698116 (7.0,1.0) (0,0) 1e-07 -0.3571734708698116 
