[[(7.0, 6.0), (0, 6.0), (0, 5.0), (7.0, 5.0)], [(7.0, 1.0), (0, 1.0), (0, 0), (7.0, 0)]]
timestamp position0 velocity0 radius0 heading0 goal pref_speed theta position1 velocity1 radius1 heading1 position2 velocity2 radius2 heading2 position3 velocity3 radius3 heading3 position4 velocity4 radius4 heading4 position5 velocity5 radius5 heading5 position6 velocity6 radius6 heading6 
0.0 (6.0,2.5858359336853027) (0.0,0.0) 0.5 -0.27722851252275676 (10.0,3.34609343788257) 3.0 0.0 (6.0,5.0) (0,0) 1e-07 -0.27722851252275676 (6.0,1.0) (0,0) 1e-07 -0.27722851252275676 
1.0 (6.133841514587402,2.609299421310425) (0.13384152948856354,0.02346339449286461) 0.5 -0.27722851252275676 (10.0,3.34609343788257) 3.0 0.1735438001214824 (6.133841514587402,5.0) (0,0) 1e-07 -0.27722851252275676 (6.133841514587402,1.0) (0,0) 1e-07 -0.27722851252275676 
2.0 (6.460072040557861,2.572244882583618) (0.326230525970459,-0.037054479122161865) 0.5 -0.27722851252275676 (10.0,3.34609343788257) 3.0 -0.11309901605758521 (6.460072040557861,5.0) (0,0) 1e-07 -0.27722851252275676 (6.460072040557861,1.0) (0,0) 1e-07 -0.27722851252275676 
3.0 (7.05446195602417,2.6643714904785156) (0.5943899154663086,0.09212654083967209) 0.5 -0.27722851252275676 (10.0,3.34609343788257) 3.0 0.15376989917873782 (7.0,5.0) (0,0) 1e-07 -0.27722851252275676 (7.0,1.0) (0,0) 1e-07 -0.27722851252275676 
4.0 (7.746180057525635,2.787574291229248) (0.6917179226875305,0.12320270389318466) 0.5 -0.27722851252275676 (10.0,3.34609343788257) 3.0 0.1762628066112995 (7.0,5.0) (0,0) 1e-07 -0.27722851252275676 (7.0,1.0) (0,0) 1e-07 -0.27722851252275676 
5.0 (8.521659851074219,2.9405696392059326) (0.7754799723625183,0.15299537777900696) 0.5 -0.27722851252275676 (10.0,3.34609343788257) 3.0 0.19478959714213617 (7.0,5.0) (0,0) 1e-07 -0.27722851252275676 (7.0,1.0) (0,0) 1e-07 -0.27722851252275676 
6.0 (9.246936798095703,3.140424966812134) (0.7252771854400635,0.19985532760620117) 0.5 -0.27722851252275676 (10.0,3.34609343788257) 3.0 0.26888413221264745 (7.0,5.0) (0,0) 1e-07 -0.27722851252275676 (7.0,1.0) (0,0) 1e-07 -0.27722851252275676 
7.0 (9.875965118408203,3.3265268802642822) (0.6290287375450134,0.1861019879579544) 0.5 -0.27722851252275676 (10.0,3.34609343788257) 3.0 0.28765072717368323 (7.0,5.0) (0,0) 1e-07 -0.27722851252275676 (7.0,1.0) (0,0) 1e-07 -0.27722851252275676 
