[[(7.0, 6.0), (0, 6.0), (0, 5.0), (7.0, 5.0)], [(7.0, 1.0), (0, 1.0), (0, 0), (7.0, 0)]]
timestamp position0 velocity0 radius0 heading0 goal pref_speed theta position1 velocity1 radius1 heading1 position2 velocity2 radius2 heading2 position3 velocity3 radius3 heading3 position4 velocity4 radius4 heading4 position5 velocity5 radius5 heading5 position6 velocity6 radius6 heading6 
0.0 (6.0,2.5878098011016846) (0.0,0.0) 0.5 -0.3193786504609234 (10.0,3.040583955639818) 3.0 0.0 (6.0,5.0) (0,0) 1e-07 -0.3193786504609234 (6.0,1.0) (0,0) 1e-07 -0.3193786504609234 
1.0 (6.072737216949463,2.5629801750183105) (0.07273710519075394,-0.02482970617711544) 0.5 -0.3193786504609234 (10.0,3.040583955639818) 3.0 -0.32895914404462445 (6.072737216949463,5.0) (0,0) 1e-07 -0.3193786504609234 (6.072737216949463,1.0) (0,0) 1e-07 -0.3193786504609234 
2.0 (6.405303001403809,2.472493886947632) (0.3325656056404114,-0.09048638492822647) 0.5 -0.3193786504609234 (10.0,3.040583955639818) 3.0 -0.26565490588631757 (6.405303001403809,5.0) (0,0) 1e-07 -0.3193786504609234 (6.405303001403809,1.0) (0,0) 1e-07 -0.3193786504609234 
3.0 (7.05008602142334,2.50960111618042) (0.6447830200195312,0.037107162177562714) 0.5 -0.3193786504609234 (10.0,3.040583955639818) 3.0 0.057486435167051396 (7.0,5.0) (0,0) 1e-07 -0.3193786504609234 (7.0,1.0) (0,0) 1e-07 -0.3193786504609234 
4.0 (7.75255012512207,2.5514156818389893) (0.7024639248847961,0.041814569383859634) 0.5 -0.3193786504609234 (10.0,3.040583955639818) 3.0 0.05945541903145772 (7.0,5.0) (0,0) 1e-07 -0.3193786504609234 (7.0,1.0) (0,0) 1e-07 -0.3193786504609234 
5.0 (8.50745964050293,2.6222381591796875) (0.7549093961715698,0.07082243263721466) 0.5 -0.3193786504609234 (10.0,3.040583955639818) 3.0 0.09354201234674633 (7.0,5.0) (0,0) 1e-07 -0.3193786504609234 (7.0,1.0) (0,0) 1e-07 -0.3193786504609234 
6.0 (9.301182746887207,2.7911691665649414) (0.7937233448028564,0.16893111169338226) 0.5 -0.3193786504609234 (10.0,3.040583955639818) 3.0 0.2097046964040881 (7.0,5.0) (0,0) 1e-07 -0.3193786504609234 (7.0,1.0) (0,0) 1e-07 -0.3193786504609234 
7.0 (9.907867431640625,2.9696390628814697) (0.6066842079162598,0.17846983671188354) 0.5 -0.3193786504609234 (10.0,3.040583955639818) 3.0 0.2861019669265329 (7.0,5.0) (0,0) 1e-07 -0.3193786504609234 (7.0,1.0) (0,0) 1e-07 -0.3193786504609234 
