[[(7.0, 6.0), (0, 6.0), (0, 5.0), (7.0, 5.0)], [(7.0, 1.0), (0, 1.0), (0, 0), (7.0, 0)]]
timestamp position0 velocity0 radius0 heading0 goal pref_speed theta position1 velocity1 radius1 heading1 position2 velocity2 radius2 heading2 position3 velocity3 radius3 heading3 position4 velocity4 radius4 heading4 position5 velocity5 radius5 heading5 position6 velocity6 radius6 heading6 
0.0 (6.0,3.229886293411255) (0.0,0.0) 0.5 -0.37746894622077487 (10.0,3.432656740910363) 3.0 0.0 (6.0,5.0) (0,0) 1e-07 -0.37746894622077487 (6.0,1.0) (0,0) 1e-07 -0.37746894622077487 
1.0 (6.10891580581665,3.1530728340148926) (0.10891599953174591,-0.07681345194578171) 0.5 -0.37746894622077487 (10.0,3.432656740910363) 3.0 -0.6142434887490833 (6.10891580581665,5.0) (0,0) 1e-07 -0.37746894622077487 (6.10891580581665,1.0) (0,0) 1e-07 -0.37746894622077487 
2.0 (6.3814167976379395,3.033320665359497) (0.27250105142593384,-0.11975213140249252) 0.5 -0.37746894622077487 (10.0,3.432656740910363) 3.0 -0.41405074030246103 (6.3814167976379395,5.0) (0,0) 1e-07 -0.37746894622077487 (6.3814167976379395,1.0) (0,0) 1e-07 -0.37746894622077487 
3.0 (7.091833114624023,3.048360586166382) (0.7104163765907288,0.015039981342852116) 0.5 -0.37746894622077487 (10.0,3.432656740910363) 3.0 0.02116749484624993 (7.0,5.0) (0,0) 1e-07 -0.37746894622077487 (7.0,1.0) (0,0) 1e-07 -0.37746894622077487 
4.0 (7.844326019287109,3.062321662902832) (0.7524930238723755,0.013961010612547398) 0.5 -0.37746894622077487 (10.0,3.432656740910363) 3.0 0.01855088172403579 (7.0,5.0) (0,0) 1e-07 -0.37746894622077487 (7.0,1.0) (0,0) 1e-07 -0.37746894622077487 
5.0 (8.625263214111328,3.127685308456421) (0.7809368968009949,0.06536371260881424) 0.5 -0.37746894622077487 (10.0,3.432656740910363) 3.0 0.083504461441713 (7.0,5.0) (0,0) 1e-07 -0.37746894622077487 (7.0,1.0) (0,0) 1e-07 -0.37746894622077487 
6.0 (9.439189910888672,3.254223346710205) (0.8139269948005676,0.12653805315494537) 0.5 -0.37746894622077487 (10.0,3.432656740910363) 3.0 0.1542314297542933 (7.0,5.0) (0,0) 1e-07 -0.37746894622077487 (7.0,1.0) (0,0) 1e-07 -0.37746894622077487 
7.0 (10.076205253601074,3.4636192321777344) (0.637015163898468,0.20939593017101288) 0.5 -0.37746894622077487 (10.0,3.432656740910363) 3.0 0.31758758988333713 (7.0,5.0) (0,0) 1e-07 -0.37746894622077487 (7.0,1.0) (0,0) 1e-07 -0.37746894622077487 
