[[(7.0, 6.0), (0, 6.0), (0, 5.0), (7.0, 5.0)], [(7.0, 1.0), (0, 1.0), (0, 0), (7.0, 0)]]
timestamp position0 velocity0 radius0 heading0 goal pref_speed theta position1 velocity1 radius1 heading1 position2 velocity2 radius2 heading2 position3 velocity3 radius3 heading3 position4 velocity4 radius4 heading4 position5 velocity5 radius5 heading5 position6 velocity6 radius6 heading6 
0.0 (6.0,3.3281033039093018) (0.0,0.0) 0.5 -0.20465306507872533 (10.0,2.69898213911031) 3.0 0.0 (6.0,5.0) (0,0) 1e-07 -0.20465306507872533 (6.0,1.0) (0,0) 1e-07 -0.20465306507872533 
1.0 (5.810096740722656,3.0514914989471436) (-0.1899031102657318,-0.27661171555519104) 0.5 -0.20465306507872533 (10.0,2.69898213911031) 3.0 -2.1724268365426527 (5.810096740722656,5.0) (0,0) 1e-07 -0.20465306507872533 (5.810096740722656,1.0) (0,0) 1e-07 -0.20465306507872533 
2.0 (5.999082565307617,2.7411932945251465) (0.1889859437942505,-0.3102983236312866) 0.5 -0.20465306507872533 (10.0,2.69898213911031) 3.0 -1.0237519137826063 (5.999082565307617,5.0) (0,0) 1e-07 -0.20465306507872533 (5.999082565307617,1.0) (0,0) 1e-07 -0.20465306507872533 
3.0 (6.708013534545898,2.608835220336914) (0.7089307904243469,-0.1323581337928772) 0.5 -0.20465306507872533 (10.0,2.69898213911031) 3.0 -0.18457603737022346 (6.708013534545898,5.0) (0,0) 1e-07 -0.20465306507872533 (6.708013534545898,1.0) (0,0) 1e-07 -0.20465306507872533 
4.0 (7.558009147644043,2.5838229656219482) (0.8499954342842102,-0.025012144818902016) 0.5 -0.20465306507872533 (10.0,2.69898213911031) 3.0 -0.02941772179514513 (7.0,5.0) (0,0) 1e-07 -0.20465306507872533 (7.0,1.0) (0,0) 1e-07 -0.20465306507872533 
5.0 (8.444639205932617,2.589923858642578) (0.8866302371025085,0.006100884638726711) 0.5 -0.20465306507872533 (10.0,2.69898213911031) 3.0 0.006880871075875056 (7.0,5.0) (0,0) 1e-07 -0.20465306507872533 (7.0,1.0) (0,0) 1e-07 -0.20465306507872533 
6.0 (9.363563537597656,2.624483346939087) (0.9189242720603943,0.03455955535173416) 0.5 -0.20465306507872533 (10.0,2.69898213911031) 3.0 0.03759099238633598 (7.0,5.0) (0,0) 1e-07 -0.20465306507872533 (7.0,1.0) (0,0) 1e-07 -0.20465306507872533 
7.0 (10.19133472442627,2.660156726837158) (0.8277716040611267,0.035673364996910095) 0.5 -0.20465306507872533 (10.0,2.69898213911031) 3.0 0.04306901176521786 (7.0,5.0) (0,0) 1e-07 -0.20465306507872533 (7.0,1.0) (0,0) 1e-07 -0.20465306507872533 
