[[(7.0, 6.0), (0, 6.0), (0, 5.0), (7.0, 5.0)], [(7.0, 1.0), (0, 1.0), (0, 0), (7.0, 0)]]
timestamp position0 velocity0 radius0 heading0 goal pref_speed theta position1 velocity1 radius1 heading1 position2 velocity2 radius2 heading2 position3 velocity3 radius3 heading3 position4 velocity4 radius4 heading4 position5 velocity5 radius5 heading5 position6 velocity6 radius6 heading6 
0.0 (6.0,2.6120641231536865) (0.0,0.0) 0.5 -0.3130226596366019 (10.0,3.233037112445764) 3.0 0.0 (6.0,5.0) (0,0) 1e-07 -0.3130226596366019 (6.0,1.0) (0,0) 1e-07 -0.3130226596366019 
1.0 (6.048244476318359,2.618557929992676) (0.0482446551322937,0.006493699736893177) 0.5 -0.3130226596366019 (10.0,3.233037112445764) 3.0 0.13379523870925897 (6.048244476318359,5.0) (0,0) 1e-07 -0.3130226596366019 (6.048244476318359,1.0) (0,0) 1e-07 -0.3130226596366019 
2.0 (6.348278999328613,2.6022255420684814) (0.30003446340560913,-0.01633235067129135) 0.5 -0.3130226596366019 (10.0,3.233037112445764) 3.0 -0.054381244463083324 (6.348278999328613,5.0) (0,0) 1e-07 -0.3130226596366019 (6.348278999328613,1.0) (0,0) 1e-07 -0.3130226596366019 
3.0 (6.959624290466309,2.6588969230651855) (0.6113452315330505,0.05667131766676903) 0.5 -0.3130226596366019 (10.0,3.233037112445764) 3.0 0.09243520319698004 (6.959624290466309,5.0) (0,0) 1e-07 -0.3130226596366019 (6.959624290466309,1.0) (0,0) 1e-07 -0.3130226596366019 
4.0 (7.660906791687012,2.717410087585449) (0.7012824416160583,0.05851321294903755) 0.5 -0.3130226596366019 (10.0,3.233037112445764) 3.0 0.08324462153305828 (7.0,5.0) (0,0) 1e-07 -0.3130226596366019 (7.0,1.0) (0,0) 1e-07 -0.3130226596366019 
5.0 (8.414925575256348,2.8182339668273926) (0.754019021987915,0.10082384198904037) 0.5 -0.3130226596366019 (10.0,3.233037112445764) 3.0 0.1329267590854221 (7.0,5.0) (0,0) 1e-07 -0.3130226596366019 (7.0,1.0) (0,0) 1e-07 -0.3130226596366019 
6.0 (9.214115142822266,2.9876770973205566) (0.7991893291473389,0.16944314539432526) 0.5 -0.3130226596366019 (10.0,3.233037112445764) 3.0 0.20892491777948477 (7.0,5.0) (0,0) 1e-07 -0.3130226596366019 (7.0,1.0) (0,0) 1e-07 -0.3130226596366019 
7.0 (9.909307479858398,3.2187905311584473) (0.6951919794082642,0.2311134785413742) 0.5 -0.3130226596366019 (10.0,3.233037112445764) 3.0 0.32095133488257355 (7.0,5.0) (0,0) 1e-07 -0.3130226596366019 (7.0,1.0) (0,0) 1e-07 -0.3130226596366019 
