[[(7.0, 6.0), (0, 6.0), (0, 5.0), (7.0, 5.0)], [(7.0, 1.0), (0, 1.0), (0, 0), (7.0, 0)]]
timestamp position0 velocity0 radius0 heading0 goal pref_speed theta position1 velocity1 radius1 heading1 position2 velocity2 radius2 heading2 position3 velocity3 radius3 heading3 position4 velocity4 radius4 heading4 position5 velocity5 radius5 heading5 position6 velocity6 radius6 heading6 
0.0 (6.0,3.3709867000579834) (0.0,0.0) 0.5 -0.3892706000100285 (10.0,2.665948120566928) 3.0 0.0 (6.0,5.0) (0,0) 1e-07 -0.3892706000100285 (6.0,1.0) (0,0) 1e-07 -0.3892706000100285 
1.0 (5.860757350921631,3.1036412715911865) (-0.13924242556095123,-0.2673454284667969) 0.5 -0.3892706000100285 (10.0,2.665948120566928) 3.0 -2.0509714002424513 (5.860757350921631,5.0) (0,0) 1e-07 -0.3892706000100285 (5.860757350921631,1.0) (0,0) 1e-07 -0.3892706000100285 
2.0 (6.102524280548096,2.797590494155884) (0.24176692962646484,-0.3060508370399475) 0.5 -0.3892706000100285 (10.0,2.665948120566928) 3.0 -0.9022093793733298 (6.102524280548096,5.0) (0,0) 1e-07 -0.3892706000100285 (6.102524280548096,1.0) (0,0) 1e-07 -0.3892706000100285 
3.0 (6.834255695343018,2.668940305709839) (0.7317312359809875,-0.12865008413791656) 0.5 -0.3892706000100285 (10.0,2.665948120566928) 3.0 -0.17403734252040312 (6.834255695343018,5.0) (0,0) 1e-07 -0.3892706000100285 (6.834255695343018,1.0) (0,0) 1e-07 -0.3892706000100285 
4.0 (7.677004814147949,2.644702672958374) (0.8427491188049316,-0.02423768863081932) 0.5 -0.3892706000100285 (10.0,2.665948120566928) 3.0 -0.028752339986754895 (7.0,5.0) (0,0) 1e-07 -0.3892706000100285 (7.0,1.0) (0,0) 1e-07 -0.3892706000100285 
5.0 (8.536240577697754,2.631639242172241) (0.8592358827590942,-0.013063336722552776) 0.5 -0.3892706000100285 (10.0,2.665948120566928) 3.0 -0.015202263567409474 (7.0,5.0) (0,0) 1e-07 -0.3892706000100285 (7.0,1.0) (0,0) 1e-07 -0.3892706000100285 
6.0 (9.498647689819336,2.6877071857452393) (0.9624075889587402,0.05606802552938461) 0.5 -0.3892706000100285 (10.0,2.665948120566928) 3.0 0.05819231198604003 (7.0,5.0) (0,0) 1e-07 -0.3892706000100285 (7.0,1.0) (0,0) 1e-07 -0.3892706000100285 
7.0 (10.271655082702637,2.683523416519165) (0.7730078101158142,-0.004183792509138584) 0.5 -0.3892706000100285 (10.0,2.665948120566928) 3.0 -0.005412301922888006 (7.0,5.0) (0,0) 1e-07 -0.3892706000100285 (7.0,1.0) (0,0) 1e-07 -0.3892706000100285 
