[[(7.0, 6.0), (0, 6.0), (0, 5.0), (7.0, 5.0)], [(7.0, 1.0), (0, 1.0), (0, 0), (7.0, 0)]]
timestamp position0 velocity0 radius0 heading0 goal pref_speed theta position1 velocity1 radius1 heading1 position2 velocity2 radius2 heading2 position3 velocity3 radius3 heading3 position4 velocity4 radius4 heading4 position5 velocity5 radius5 heading5 position6 velocity6 radius6 heading6 
0.0 (6.0,2.7133047580718994) (0.0,0.0) 0.5 -0.19245696412679103 (10.0,3.4528699567881365) 3.0 0.0 (6.0,5.0) (0,0) 1e-07 -0.19245696412679103 (6.0,1.0) (0,0) 1e-07 -0.19245696412679103 
1.0 (6.145460605621338,2.7276694774627686) (0.14546072483062744,0.014364682137966156) 0.5 -0.19245696412679103 (10.0,3.4528699567881365) 3.0 0.09843384160645301 (6.145460605621338,5.0) (0,0) 1e-07 -0.19245696412679103 (6.145460605621338,1.0) (0,0) 1e-07 -0.19245696412679103 
2.0 (6.4543867111206055,2.6991164684295654) (0.3089263141155243,-0.028553098440170288) 0.5 -0.19245696412679103 (10.0,3.4528699567881365) 3.0 -0.09216503815695662 (6.4543867111206055,5.0) (0,0) 1e-07 -0.19245696412679103 (6.4543867111206055,1.0) (0,0) 1e-07 -0.19245696412679103 
3.0 (7.022686958312988,2.747990131378174) (0.5683002471923828,0.048873722553253174) 0.5 -0.19245696412679103 (10.0,3.4528699567881365) 3.0 0.08578874483542122 (7.0,5.0) (0,0) 1e-07 -0.19245696412679103 (7.0,1.0) (0,0) 1e-07 -0.19245696412679103 
4.0 (7.736380577087402,2.858705997467041) (0.7136936783790588,0.11071597039699554) 0.5 -0.19245696412679103 (10.0,3.4528699567881365) 3.0 0.15390416445921976 (7.0,5.0) (0,0) 1e-07 -0.19245696412679103 (7.0,1.0) (0,0) 1e-07 -0.19245696412679103 
5.0 (8.510364532470703,2.9894516468048096) (0.7739842534065247,0.1307455450296402) 0.5 -0.19245696412679103 (10.0,3.4528699567881365) 3.0 0.1673454871404584 (7.0,5.0) (0,0) 1e-07 -0.19245696412679103 (7.0,1.0) (0,0) 1e-07 -0.19245696412679103 
6.0 (9.303227424621582,3.1537747383117676) (0.7928624749183655,0.16432306170463562) 0.5 -0.19245696412679103 (10.0,3.4528699567881365) 3.0 0.20435969345226687 (7.0,5.0) (0,0) 1e-07 -0.19245696412679103 (7.0,1.0) (0,0) 1e-07 -0.19245696412679103 
7.0 (9.98509693145752,3.3452234268188477) (0.6818699240684509,0.1914486438035965) 0.5 -0.19245696412679103 (10.0,3.4528699567881365) 3.0 0.2737226153021095 (7.0,5.0) (0,0) 1e-07 -0.19245696412679103 (7.0,1.0) (0,0) 1e-07 -0.19245696412679103 
