[[(7.0, 6.0), (0, 6.0), (0, 5.0), (7.0, 5.0)], [(7.0, 1.0), (0, 1.0), (0, 0), (7.0, 0)]]
timestamp position0 velocity0 radius0 heading0 goal pref_speed theta position1 velocity1 radius1 heading1 position2 velocity2 radius2 heading2 position3 velocity3 radius3 heading3 position4 velocity4 radius4 heading4 position5 velocity5 radius5 heading5 position6 velocity6 radius6 heading6 
0.0 (6.0,2.595665454864502) (0.0,0.0) 0.5 -0.340729832039021 (10.0,3.4091263572031307) 3.0 0.0 (6.0,5.0) (0,0) 1e-07 -0.340729832039021 (6.0,1.0) (0,0) 1e-07 -0.340729832039021 
1.0 (6.117589950561523,2.635841131210327) (0.11758995056152344,0.040175676345825195) 0.5 -0.340729832039021 (10.0,3.4091263572031307) 3.0 0.3292249333413808 (6.117589950561523,5.0) (0,0) 1e-07 -0.340729832039021 (6.117589950561523,1.0) (0,0) 1e-07 -0.340729832039021 
2.0 (6.400023460388184,2.634366750717163) (0.28243356943130493,-0.001474328339099884) 0.5 -0.340729832039021 (10.0,3.4091263572031307) 3.0 -0.005220041480203325 (6.400023460388184,5.0) (0,0) 1e-07 -0.340729832039021 (6.400023460388184,1.0) (0,0) 1e-07 -0.340729832039021 
3.0 (6.922733783721924,2.719377279281616) (0.5227102637290955,0.08501046895980835) 0.5 -0.340729832039021 (10.0,3.4091263572031307) 3.0 0.16122246913996216 (6.922733783721924,5.0) (0,0) 1e-07 -0.340729832039021 (6.922733783721924,1.0) (0,0) 1e-07 -0.340729832039021 
4.0 (7.624527931213379,2.8472447395324707) (0.7017940282821655,0.12786757946014404) 0.5 -0.340729832039021 (10.0,3.4091263572031307) 3.0 0.1802240506889613 (7.0,5.0) (0,0) 1e-07 -0.340729832039021 (7.0,1.0) (0,0) 1e-07 -0.340729832039021 
5.0 (8.365869522094727,2.9833853244781494) (0.7413420081138611,0.13614049553871155) 0.5 -0.340729832039021 (10.0,3.4091263572031307) 3.0 0.18161703881200583 (7.0,5.0) (0,0) 1e-07 -0.340729832039021 (7.0,1.0) (0,0) 1e-07 -0.340729832039021 
6.0 (9.110726356506348,3.147876262664795) (0.7448567152023315,0.1644909828901291) 0.5 -0.340729832039021 (10.0,3.4091263572031307) 3.0 0.2173473213168275 (7.0,5.0) (0,0) 1e-07 -0.340729832039021 (7.0,1.0) (0,0) 1e-07 -0.340729832039021 
7.0 (9.816652297973633,3.3977560997009277) (0.705925703048706,0.24987971782684326) 0.5 -0.340729832039021 (10.0,3.4091263572031307) 3.0 0.34021120462141574 (7.0,5.0) (0,0) 1e-07 -0.340729832039021 (7.0,1.0) (0,0) 1e-07 -0.340729832039021 
