[[(7.0, 6.0), (0, 6.0), (0, 5.0), (7.0, 5.0)], [(7.0, 1.0), (0, 1.0), (0, 0), (7.0, 0)]]
timestamp position0 velocity0 radius0 heading0 goal pref_speed theta position1 velocity1 radius1 heading1 position2 velocity2 radius2 heading2 position3 velocity3 radius3 heading3 position4 velocity4 radius4 heading4 position5 velocity5 radius5 heading5 position6 velocity6 radius6 heading6 
0.0 (6.0,2.6374640464782715) (0.0,0.0) 0.5 -0.34053188148524327 (10.0,3.285903354167625) 3.0 0.0 (6.0,5.0) (0,0) 1e-07 -0.34053188148524327 (6.0,1.0) (0,0) 1e-07 -0.34053188148524327 
1.0 (6.109777927398682,2.6488037109375) (0.10977812111377716,0.011339571326971054) 0.5 -0.34053188148524327 (10.0,3.285903354167625) 3.0 0.10293031649078363 (6.109777927398682,5.0) (0,0) 1e-07 -0.34053188148524327 (6.109777927398682,1.0) (0,0) 1e-07 -0.34053188148524327 
2.0 (6.385936260223389,2.6327455043792725) (0.2761582136154175,-0.016058210283517838) 0.5 -0.34053188148524327 (10.0,3.285903354167625) 3.0 -0.05808318252690673 (6.385936260223389,5.0) (0,0) 1e-07 -0.34053188148524327 (6.385936260223389,1.0) (0,0) 1e-07 -0.34053188148524327 
3.0 (6.973089218139648,2.681108236312866) (0.5871530771255493,0.04836267605423927) 0.5 -0.34053188148524327 (10.0,3.285903354167625) 3.0 0.0821825666727443 (6.973089218139648,5.0) (0,0) 1e-07 -0.34053188148524327 (6.973089218139648,1.0) (0,0) 1e-07 -0.34053188148524327 
4.0 (7.66303014755249,2.754343032836914) (0.689940869808197,0.07323477417230606) 0.5 -0.34053188148524327 (10.0,3.285903354167625) 3.0 0.10575047056011043 (7.0,5.0) (0,0) 1e-07 -0.34053188148524327 (7.0,1.0) (0,0) 1e-07 -0.34053188148524327 
5.0 (8.411365509033203,2.8559184074401855) (0.748335599899292,0.10157527029514313) 0.5 -0.34053188148524327 (10.0,3.285903354167625) 3.0 0.13491042005661238 (7.0,5.0) (0,0) 1e-07 -0.34053188148524327 (7.0,1.0) (0,0) 1e-07 -0.34053188148524327 
6.0 (9.191305160522461,2.9813740253448486) (0.7799398303031921,0.12545572221279144) 0.5 -0.34053188148524327 (10.0,3.285903354167625) 3.0 0.15948693544951262 (7.0,5.0) (0,0) 1e-07 -0.34053188148524327 (7.0,1.0) (0,0) 1e-07 -0.34053188148524327 
7.0 (9.816679000854492,3.1696274280548096) (0.6253738403320312,0.18825340270996094) 0.5 -0.34053188148524327 (10.0,3.285903354167625) 3.0 0.2923972513993093 (7.0,5.0) (0,0) 1e-07 -0.34053188148524327 (7.0,1.0) (0,0) 1e-07 -0.34053188148524327 
