[[(7.0, 6.0), (0, 6.0), (0, 5.0), (7.0, 5.0)], [(7.0, 1.0), (0, 1.0), (0, 0), (7.0, 0)]]
timestamp position0 velocity0 radius0 heading0 goal pref_speed theta position1 velocity1 radius1 heading1 position2 velocity2 radius2 heading2 position3 velocity3 radius3 heading3 position4 velocity4 radius4 heading4 position5 velocity5 radius5 heading5 position6 velocity6 radius6 heading6 
0.0 (6.0,3.452352285385132) (0.0,0.0) 0.5 -0.304762683851633 (10.0,3.029511659392812) 3.0 0.0 (6.0,5.0) (0,0) 1e-07 -0.304762683851633 (6.0,1.0) (0,0) 1e-07 -0.304762683851633 
1.0 (5.951125621795654,3.2023370265960693) (-0.048874612897634506,-0.25001534819602966) 0.5 -0.304762683851633 (10.0,3.029511659392812) 3.0 -1.7638481918594728 (5.951125621795654,5.0) (0,0) 1e-07 -0.304762683851633 (5.951125621795654,1.0) (0,0) 1e-07 -0.304762683851633 
2.0 (6.210171699523926,2.9200639724731445) (0.2590462267398834,-0.2822731137275696) 0.5 -0.304762683851633 (10.0,3.029511659392812) 3.0 -0.8282797800655894 (6.210171699523926,5.0) (0,0) 1e-07 -0.304762683851633 (6.210171699523926,1.0) (0,0) 1e-07 -0.304762683851633 
3.0 (6.945513725280762,2.82053804397583) (0.7353418469429016,-0.09952604025602341) 0.5 -0.304762683851633 (10.0,3.029511659392812) 3.0 -0.13452913720020054 (6.945513725280762,5.0) (0,0) 1e-07 -0.304762683851633 (6.945513725280762,1.0) (0,0) 1e-07 -0.304762683851633 
4.0 (7.769722938537598,2.8066864013671875) (0.8242091536521912,-0.013851718045771122) 0.5 -0.304762683851633 (10.0,3.029511659392812) 3.0 -0.01680448960510793 (7.0,5.0) (0,0) 1e-07 -0.304762683851633 (7.0,1.0) (0,0) 1e-07 -0.304762683851633 
5.0 (8.598468780517578,2.798430919647217) (0.8287456035614014,-0.008255474269390106) 0.5 -0.304762683851633 (10.0,3.029511659392812) 3.0 -0.009961079959262691 (7.0,5.0) (0,0) 1e-07 -0.304762683851633 (7.0,1.0) (0,0) 1e-07 -0.304762683851633 
6.0 (9.490375518798828,2.869462728500366) (0.8919065594673157,0.07103174179792404) 0.5 -0.304762683851633 (10.0,3.029511659392812) 3.0 0.07947260286720385 (7.0,5.0) (0,0) 1e-07 -0.304762683851633 (7.0,1.0) (0,0) 1e-07 -0.304762683851633 
7.0 (10.181503295898438,2.9457590579986572) (0.6911279559135437,0.07629632204771042) 0.5 -0.304762683851633 (10.0,3.029511659392812) 3.0 0.10994871746027068 (7.0,5.0) (0,0) 1e-07 -0.304762683851633 (7.0,1.0) (0,0) 1e-07 -0.304762683851633 
