[[(7.0, 6.0), (0, 6.0), (0, 5.0), (7.0, 5.0)], [(7.0, 1.0), (0, 1.0), (0, 0), (7.0, 0)]]
timestamp position0 velocity0 radius0 heading0 goal pref_speed theta position1 velocity1 radius1 heading1 position2 velocity2 radius2 heading2 position3 velocity3 radius3 heading3 position4 velocity4 radius4 heading4 position5 velocity5 radius5 heading5 position6 velocity6 radius6 heading6 
0.0 (6.0,2.7488040924072266) (0.0,0.0) 0.5 -0.24904757867530095 (10.0,3.1717547841837552) 3.0 0.0 (6.0,5.0) (0,0) 1e-07 -0.24904757867530095 (6.0,1.0) (0,0) 1e-07 -0.24904757867530095 
1.0 (6.11903715133667,2.7195258140563965) (0.11903724819421768,-0.029278162866830826) 0.5 -0.24904757867530095 (10.0,3.1717547841837552) 3.0 -0.24117081979397492 (6.11903715133667,5.0) (0,0) 1e-07 -0.24904757867530095 (6.11903715133667,1.0) (0,0) 1e-07 -0.24904757867530095 
2.0 (6.414976119995117,2.6584646701812744) (0.2959388494491577,-0.06106123700737953) 0.5 -0.24904757867530095 (10.0,3.1717547841837552) 3.0 -0.20347518784520938 (6.414976119995117,5.0) (0,0) 1e-07 -0.24904757867530095 (6.414976119995117,1.0) (0,0) 1e-07 -0.24904757867530095 
3.0 (7.1193013191223145,2.705390214920044) (0.704325258731842,0.046925660222768784) 0.5 -0.24904757867530095 (10.0,3.1717547841837552) 3.0 0.06652666702676968 (7.0,5.0) (0,0) 1e-07 -0.24904757867530095 (7.0,1.0) (0,0) 1e-07 -0.24904757867530095 
4.0 (7.831830024719238,2.7377636432647705) (0.7125287055969238,0.03237336128950119) 0.5 -0.24904757867530095 (10.0,3.1717547841837552) 3.0 0.045403241407190625 (7.0,5.0) (0,0) 1e-07 -0.24904757867530095 (7.0,1.0) (0,0) 1e-07 -0.24904757867530095 
5.0 (8.616703987121582,2.8242533206939697) (0.7848735451698303,0.08648978173732758) 0.5 -0.24904757867530095 (10.0,3.1717547841837552) 3.0 0.10975299882880644 (7.0,5.0) (0,0) 1e-07 -0.24904757867530095 (7.0,1.0) (0,0) 1e-07 -0.24904757867530095 
6.0 (9.339483261108398,2.9355177879333496) (0.7227792739868164,0.11126439273357391) 0.5 -0.24904757867530095 (10.0,3.1717547841837552) 3.0 0.1527406672740697 (7.0,5.0) (0,0) 1e-07 -0.24904757867530095 (7.0,1.0) (0,0) 1e-07 -0.24904757867530095 
7.0 (10.02564811706543,3.1037631034851074) (0.6861652135848999,0.1682453155517578) 0.5 -0.24904757867530095 (10.0,3.1717547841837552) 3.0 0.2404526466384612 (7.0,5.0) (0,0) 1e-07 -0.24904757867530095 (7.0,1.0) (0,0) 1e-07 -0.24904757867530095 
