[[(7.0, 6.0), (0, 6.0), (0, 5.0), (7.0, 5.0)], [(7.0, 1.0), (0, 1.0), (0, 0), (7.0, 0)]]
timestamp position0 velocity0 radius0 heading0 goal pref_speed theta position1 velocity1 radius1 heading1 position2 velocity2 radius2 heading2 position3 velocity3 radius3 heading3 position4 velocity4 radius4 heading4 position5 velocity5 radius5 heading5 position6 velocity6 radius6 heading6 
0.0 (6.0,2.8036153316497803) (0.0,0.0) 0.5 -0.2587626020655067 (10.0,3.219675180413235) 3.0 0.0 (6.0,5.0) (0,0) 1e-07 -0.2587626020655067 (6.0,1.0) (0,0) 1e-07 -0.2587626020655067 
1.0 (6.086256504058838,2.810227394104004) (0.08625654131174088,0.006611962802708149) 0.5 -0.2587626020655067 (10.0,3.219675180413235) 3.0 0.07650501271127591 (6.086256504058838,5.0) (0,0) 1e-07 -0.2587626020655067 (6.086256504058838,1.0) (0,0) 1e-07 -0.2587626020655067 
2.0 (6.326258659362793,2.7422373294830322) (0.24000203609466553,-0.06799016892910004) 0.5 -0.2587626020655067 (10.0,3.219675180413235) 3.0 -0.2760568754208961 (6.326258659362793,5.0) (0,0) 1e-07 -0.2587626020655067 (6.326258659362793,1.0) (0,0) 1e-07 -0.2587626020655067 
3.0 (6.979098320007324,2.758838176727295) (0.6528398990631104,0.016600951552391052) 0.5 -0.2587626020655067 (10.0,3.219675180413235) 3.0 0.025423346162317093 (6.979098320007324,5.0) (0,0) 1e-07 -0.2587626020655067 (6.979098320007324,1.0) (0,0) 1e-07 -0.2587626020655067 
4.0 (7.739701271057129,2.815849781036377) (0.7606027722358704,0.057011716067790985) 0.5 -0.2587626020655067 (10.0,3.219675180413235) 3.0 0.07481606056905923 (7.0,5.0) (0,0) 1e-07 -0.2587626020655067 (7.0,1.0) (0,0) 1e-07 -0.2587626020655067 
5.0 (8.591024398803711,2.9205563068389893) (0.8513234257698059,0.10470648854970932) 0.5 -0.2587626020655067 (10.0,3.219675180413235) 3.0 0.12237799982050071 (7.0,5.0) (0,0) 1e-07 -0.2587626020655067 (7.0,1.0) (0,0) 1e-07 -0.2587626020655067 
6.0 (9.395591735839844,3.053192138671875) (0.8045671582221985,0.13263577222824097) 0.5 -0.2587626020655067 (10.0,3.219675180413235) 3.0 0.16338407107595807 (7.0,5.0) (0,0) 1e-07 -0.2587626020655067 (7.0,1.0) (0,0) 1e-07 -0.2587626020655067 
7.0 (10.042336463928223,3.287534475326538) (0.6467447280883789,0.2343422770500183) 0.5 -0.2587626020655067 (10.0,3.219675180413235) 3.0 0.3476266465272801 (7.0,5.0) (0,0) 1e-07 -0.2587626020655067 (7.0,1.0) (0,0) 1e-07 -0.2587626020655067 
