[[(7.0, 6.0), (0, 6.0), (0, 5.0), (7.0, 5.0)], [(7.0, 1.0), (0, 1.0), (0, 0), (7.0, 0)]]
timestamp position0 velocity0 radius0 heading0 goal pref_speed theta position1 velocity1 radius1 heading1 position2 velocity2 radius2 heading2 position3 velocity3 radius3 heading3 position4 velocity4 radius4 heading4 position5 velocity5 radius5 heading5 position6 velocity6 radius6 heading6 
0.0 (6.0,2.8846917152404785) (0.0,0.0) 0.5 -0.1503721984262799 (10.0,3.4890603216123734) 3.0 0.0 (6.0,5.0) (0,0) 1e-07 -0.1503721984262799 (6.0,1.0) (0,0) 1e-07 -0.1503721984262799 
1.0 (6.112128257751465,2.8187811374664307) (0.11212839931249619,-0.06591051816940308) 0.5 -0.1503721984262799 (10.0,3.4890603216123734) 3.0 -0.5314101905213469 (6.112128257751465,5.0) (0,0) 1e-07 -0.1503721984262799 (6.112128257751465,1.0) (0,0) 1e-07 -0.1503721984262799 
2.0 (6.390405178070068,2.698982000350952) (0.27827680110931396,-0.11979915201663971) 0.5 -0.1503721984262799 (10.0,3.4890603216123734) 3.0 -0.4065229570281393 (6.390405178070068,5.0) (0,0) 1e-07 -0.1503721984262799 (6.390405178070068,1.0) (0,0) 1e-07 -0.1503721984262799 
3.0 (7.079921722412109,2.743220090866089) (0.6895166635513306,0.04423806443810463) 0.5 -0.1503721984262799 (10.0,3.4890603216123734) 3.0 0.06407026515759089 (7.0,5.0) (0,0) 1e-07 -0.1503721984262799 (7.0,1.0) (0,0) 1e-07 -0.1503721984262799 
4.0 (7.896352291107178,2.851624011993408) (0.816430389881134,0.10840383172035217) 0.5 -0.1503721984262799 (10.0,3.4890603216123734) 3.0 0.13200566377075468 (7.0,5.0) (0,0) 1e-07 -0.1503721984262799 (7.0,1.0) (0,0) 1e-07 -0.1503721984262799 
5.0 (8.712801933288574,3.035294771194458) (0.8164499998092651,0.1836707442998886) 0.5 -0.1503721984262799 (10.0,3.4890603216123734) 3.0 0.22127887868067408 (7.0,5.0) (0,0) 1e-07 -0.1503721984262799 (7.0,1.0) (0,0) 1e-07 -0.1503721984262799 
6.0 (9.471781730651855,3.233761787414551) (0.7589797973632812,0.19846713542938232) 0.5 -0.1503721984262799 (10.0,3.4890603216123734) 3.0 0.25576506517618663 (7.0,5.0) (0,0) 1e-07 -0.1503721984262799 (7.0,1.0) (0,0) 1e-07 -0.1503721984262799 
7.0 (10.095343589782715,3.4036612510681152) (0.6235615611076355,0.16989955306053162) 0.5 -0.1503721984262799 (10.0,3.4890603216123734) 3.0 0.26600918990579364 (7.0,5.0) (0,0) 1e-07 -0.1503721984262799 (7.0,1.0) (0,0) 1e-07 -0.1503721984262799 
