[[(7.0, 6.0), (0, 6.0), (0, 5.0), (7.0, 5.0)], [(7.0, 1.0), (0, 1.0), (0, 0), (7.0, 0)]]
timestamp position0 velocity0 radius0 heading0 goal pref_speed theta position1 velocity1 radius1 heading1 position2 velocity2 radius2 heading2 position3 velocity3 radius3 heading3 position4 velocity4 radius4 heading4 position5 velocity5 radius5 heading5 position6 velocity6 radius6 heading6 
0.0 (6.0,2.701127052307129) (0.0,0.0) 0.5 -0.3899044997508243 (10.0,3.2526243764163114) 3.0 0.0 (6.0,5.0) (0,0) 1e-07 -0.3899044997508243 (6.0,1.0) (0,0) 1e-07 -0.3899044997508243 
1.0 (6.109097003936768,2.690955400466919) (0.10909681022167206,-0.010171760804951191) 0.5 -0.3899044997508243 (10.0,3.2526243764163114) 3.0 -0.09296733147044019 (6.109097003936768,5.0) (0,0) 1e-07 -0.3899044997508243 (6.109097003936768,1.0) (0,0) 1e-07 -0.3899044997508243 
2.0 (6.3999342918396,2.6586263179779053) (0.2908373177051544,-0.03232914209365845) 0.5 -0.3899044997508243 (10.0,3.2526243764163114) 3.0 -0.11070437872252965 (6.3999342918396,5.0) (0,0) 1e-07 -0.3899044997508243 (6.3999342918396,1.0) (0,0) 1e-07 -0.3899044997508243 
3.0 (6.9407453536987305,2.71401047706604) (0.5408110618591309,0.055384136736392975) 0.5 -0.3899044997508243 (10.0,3.2526243764163114) 3.0 0.10205362426883809 (6.9407453536987305,5.0) (0,0) 1e-07 -0.3899044997508243 (6.9407453536987305,1.0) (0,0) 1e-07 -0.3899044997508243 
4.0 (7.645080089569092,2.769054889678955) (0.7043346762657166,0.055044401437044144) 0.5 -0.3899044997508243 (10.0,3.2526243764163114) 3.0 0.07799239441811014 (7.0,5.0) (0,0) 1e-07 -0.3899044997508243 (7.0,1.0) (0,0) 1e-07 -0.3899044997508243 
5.0 (8.391294479370117,2.876391887664795) (0.7462142109870911,0.10733700543642044) 0.5 -0.3899044997508243 (10.0,3.2526243764163114) 3.0 0.14286216120376416 (7.0,5.0) (0,0) 1e-07 -0.3899044997508243 (7.0,1.0) (0,0) 1e-07 -0.3899044997508243 
6.0 (9.123527526855469,2.9762396812438965) (0.7322331070899963,0.09984783828258514) 0.5 -0.3899044997508243 (10.0,3.2526243764163114) 3.0 0.13552485701733874 (7.0,5.0) (0,0) 1e-07 -0.3899044997508243 (7.0,1.0) (0,0) 1e-07 -0.3899044997508243 
7.0 (9.673347473144531,3.1270253658294678) (0.5498196482658386,0.15078575909137726) 0.5 -0.3899044997508243 (10.0,3.2526243764163114) 3.0 0.2676649524595958 (7.0,5.0) (0,0) 1e-07 -0.3899044997508243 (7.0,1.0) (0,0) 1e-07 -0.3899044997508243 
