[[(7.0, 6.0), (0, 6.0), (0, 5.0), (7.0, 5.0)], [(7.0, 1.0), (0, 1.0), (0, 0), (7.0, 0)]]
timestamp position0 velocity0 radius0 heading0 goal pref_speed theta position1 velocity1 radius1 heading1 position2 velocity2 radius2 heading2 position3 velocity3 radius3 heading3 position4 velocity4 radius4 heading4 position5 velocity5 radius5 heading5 position6 velocity6 radius6 heading6 
0.0 (6.0,2.7279486656188965) (0.0,0.0) 0.5 -0.1339753965203111 (10.0,3.49680112634861) 3.0 0.0 (6.0,5.0) (0,0) 1e-07 -0.1339753965203111 (6.0,1.0) (0,0) 1e-07 -0.1339753965203111 
1.0 (6.143449306488037,2.7006187438964844) (0.1434493064880371,-0.027329836040735245) 0.5 -0.1339753965203111 (10.0,3.49680112634861) 3.0 -0.1882629342164935 (6.143449306488037,5.0) (0,0) 1e-07 -0.1339753965203111 (6.143449306488037,1.0) (0,0) 1e-07 -0.1339753965203111 
2.0 (6.447248458862305,2.63476824760437) (0.3037993013858795,-0.06585052609443665) 0.5 -0.1339753965203111 (10.0,3.49680112634861) 3.0 -0.21345461188366974 (6.447248458862305,5.0) (0,0) 1e-07 -0.1339753965203111 (6.447248458862305,1.0) (0,0) 1e-07 -0.1339753965203111 
3.0 (7.156297206878662,2.6896679401397705) (0.7090487480163574,0.05489964038133621) 0.5 -0.1339753965203111 (10.0,3.49680112634861) 3.0 0.07727300314173063 (7.0,5.0) (0,0) 1e-07 -0.1339753965203111 (7.0,1.0) (0,0) 1e-07 -0.1339753965203111 
4.0 (7.9520978927612305,2.820444107055664) (0.7958008050918579,0.130776047706604) 0.5 -0.1339753965203111 (10.0,3.49680112634861) 3.0 0.16287687720253555 (7.0,5.0) (0,0) 1e-07 -0.1339753965203111 (7.0,1.0) (0,0) 1e-07 -0.1339753965203111 
5.0 (8.76314640045166,3.017702579498291) (0.8110483288764954,0.19725839793682098) 0.5 -0.1339753965203111 (10.0,3.49680112634861) 3.0 0.23858181706215514 (7.0,5.0) (0,0) 1e-07 -0.1339753965203111 (7.0,1.0) (0,0) 1e-07 -0.1339753965203111 
6.0 (9.420970916748047,3.2700836658477783) (0.6578242778778076,0.2523810863494873) 0.5 -0.1339753965203111 (10.0,3.49680112634861) 3.0 0.36634159616370315 (7.0,5.0) (0,0) 1e-07 -0.1339753965203111 (7.0,1.0) (0,0) 1e-07 -0.1339753965203111 
7.0 (9.920781135559082,3.4892385005950928) (0.4998098611831665,0.2191549390554428) 0.5 -0.1339753965203111 (10.0,3.49680112634861) 3.0 0.4132298687458758 (7.0,5.0) (0,0) 1e-07 -0.1339753965203111 (7.0,1.0) (0,0) 1e-07 -0.1339753965203111 
