[[(7.0, 6.0), (0, 6.0), (0, 5.0), (7.0, 5.0)], [(7.0, 1.0), (0, 1.0), (0, 0), (7.0, 0)]]
timestamp position0 velocity0 radius0 heading0 goal pref_speed theta position1 velocity1 radius1 heading1 position2 velocity2 radius2 heading2 position3 velocity3 radius3 heading3 position4 velocity4 radius4 heading4 position5 velocity5 radius5 heading5 position6 velocity6 radius6 heading6 
0.0 (6.0,3.201674461364746) (0.0,0.0) 0.5 -0.3079634595233836 (10.0,3.362571452879211) 3.0 0.0 (6.0,5.0) (0,0) 1e-07 -0.3079634595233836 (6.0,1.0) (0,0) 1e-07 -0.3079634595233836 
1.0 (6.111087322235107,3.1076571941375732) (0.11108726263046265,-0.09401732683181763) 0.5 -0.3079634595233836 (10.0,3.362571452879211) 3.0 -0.7023640037761735 (6.111087322235107,5.0) (0,0) 1e-07 -0.3079634595233836 (6.111087322235107,1.0) (0,0) 1e-07 -0.3079634595233836 
2.0 (6.376986503601074,2.9690189361572266) (0.26589933037757874,-0.13863824307918549) 0.5 -0.3079634595233836 (10.0,3.362571452879211) 3.0 -0.48061574395921036 (6.376986503601074,5.0) (0,0) 1e-07 -0.3079634595233836 (6.376986503601074,1.0) (0,0) 1e-07 -0.3079634595233836 
3.0 (7.078402042388916,2.9574577808380127) (0.7014154195785522,-0.011561200022697449) 0.5 -0.3079634595233836 (10.0,3.362571452879211) 3.0 -0.016481179190389772 (7.0,5.0) (0,0) 1e-07 -0.3079634595233836 (7.0,1.0) (0,0) 1e-07 -0.3079634595233836 
4.0 (7.845963954925537,2.9619295597076416) (0.7675619721412659,0.004471777938306332) 0.5 -0.3079634595233836 (10.0,3.362571452879211) 3.0 0.005825884434604354 (7.0,5.0) (0,0) 1e-07 -0.3079634595233836 (7.0,1.0) (0,0) 1e-07 -0.3079634595233836 
5.0 (8.688638687133789,3.0450682640075684) (0.8426744937896729,0.08313858509063721) 0.5 -0.3079634595233836 (10.0,3.362571452879211) 3.0 0.0983421200854823 (7.0,5.0) (0,0) 1e-07 -0.3079634595233836 (7.0,1.0) (0,0) 1e-07 -0.3079634595233836 
6.0 (9.411020278930664,3.132563591003418) (0.7223817706108093,0.08749525994062424) 0.5 -0.3079634595233836 (10.0,3.362571452879211) 3.0 0.12053339852520256 (7.0,5.0) (0,0) 1e-07 -0.3079634595233836 (7.0,1.0) (0,0) 1e-07 -0.3079634595233836 
7.0 (10.028334617614746,3.3305773735046387) (0.6173141002655029,0.19801367819309235) 0.5 -0.3079634595233836 (10.0,3.362571452879211) 3.0 0.3103980833601297 (7.0,5.0) (0,0) 1e-07 -0.3079634595233836 (7.0,1.0) (0,0) 1e-07 -0.3079634595233836 
