[[(7.0, 6.0), (0, 6.0), (0, 5.0), (7.0, 5.0)], [(7.0, 1.0), (0, 1.0), (0, 0), (7.0, 0)]]
timestamp position0 velocity0 radius0 heading0 goal pref_speed theta position1 velocity1 radius1 heading1 position2 velocity2 radius2 heading2 position3 velocity3 radius3 heading3 position4 velocity4 radius4 heading4 position5 velocity5 radius5 heading5 position6 velocity6 radius6 heading6 
0.0 (6.0,2.5002808570861816) (0.0,0.0) 0.5 -0.34406981088377797 (10.0,2.6240190655884668) 3.0 0.0 (6.0,5.0) (0,0) 1e-07 -0.34406981088377797 (6.0,1.0) (0,0) 1e-07 -0.34406981088377797 
1.0 (6.1012139320373535,2.431735038757324) (0.10121403634548187,-0.06854582577943802) 0.5 -0.34406981088377797 (10.0,2.6240190655884668) 3.0 -0.5952844326421897 (6.1012139320373535,5.0) (0,0) 1e-07 -0.34406981088377797 (6.1012139320373535,1.0) (0,0) 1e-07 -0.34406981088377797 
2.0 (6.37708854675293,2.339601993560791) (0.2758748531341553,-0.09213300794363022) 0.5 -0.34406981088377797 (10.0,2.6240190655884668) 3.0 -0.3223204552689991 (6.37708854675293,5.0) (0,0) 1e-07 -0.34406981088377797 (6.37708854675293,1.0) (0,0) 1e-07 -0.34406981088377797 
3.0 (7.091819763183594,2.3427236080169678) (0.7147310972213745,0.003121692454442382) 0.5 -0.34406981088377797 (10.0,2.6240190655884668) 3.0 0.004367618278620176 (7.0,5.0) (0,0) 1e-07 -0.34406981088377797 (7.0,1.0) (0,0) 1e-07 -0.34406981088377797 
4.0 (7.8363423347473145,2.3193984031677246) (0.7445226907730103,-0.023325299844145775) 0.5 -0.34406981088377797 (10.0,2.6240190655884668) 3.0 -0.03131895537627996 (7.0,5.0) (0,0) 1e-07 -0.34406981088377797 (7.0,1.0) (0,0) 1e-07 -0.34406981088377797 
5.0 (8.613321304321289,2.347670555114746) (0.7769791483879089,0.028272153809666634) 0.5 -0.34406981088377797 (10.0,2.6240190655884668) 3.0 0.03637122824903979 (7.0,5.0) (0,0) 1e-07 -0.34406981088377797 (7.0,1.0) (0,0) 1e-07 -0.34406981088377797 
6.0 (9.336061477661133,2.399761199951172) (0.7227399349212646,0.0520906075835228) 0.5 -0.34406981088377797 (10.0,2.6240190655884668) 3.0 0.07194938038845207 (7.0,5.0) (0,0) 1e-07 -0.34406981088377797 (7.0,1.0) (0,0) 1e-07 -0.34406981088377797 
7.0 (9.997167587280273,2.5601444244384766) (0.6611064076423645,0.16038328409194946) 0.5 -0.34406981088377797 (10.0,2.6240190655884668) 3.0 0.23800030768580085 (7.0,5.0) (0,0) 1e-07 -0.34406981088377797 (7.0,1.0) (0,0) 1e-07 -0.34406981088377797 
