[[(7.0, 6.0), (0, 6.0), (0, 5.0), (7.0, 5.0)], [(7.0, 1.0), (0, 1.0), (0, 0), (7.0, 0)]]
timestamp position0 velocity0 radius0 heading0 goal pref_speed theta position1 velocity1 radius1 heading1 position2 velocity2 radius2 heading2 position3 velocity3 radius3 heading3 position4 velocity4 radius4 heading4 position5 velocity5 radius5 heading5 position6 velocity6 radius6 heading6 
0.0 (6.0,2.6605148315429688) (0.0,0.0) 0.5 -0.3504989888761013 (10.0,2.6221917817589664) 3.0 0.0 (6.0,5.0) (0,0) 1e-07 -0.3504989888761013 (6.0,1.0) (0,0) 1e-07 -0.3504989888761013 
1.0 (6.016656875610352,2.485004425048828) (0.016657013446092606,-0.17551040649414062) 0.5 -0.3504989888761013 (10.0,2.6221917817589664) 3.0 -1.4761736120797688 (6.016656875610352,5.0) (0,0) 1e-07 -0.3504989888761013 (6.016656875610352,1.0) (0,0) 1e-07 -0.3504989888761013 
2.0 (6.224145889282227,2.343412160873413) (0.20748910307884216,-0.14159226417541504) 0.5 -0.3504989888761013 (10.0,2.6221917817589664) 3.0 -0.5988215558774 (6.224145889282227,5.0) (0,0) 1e-07 -0.3504989888761013 (6.224145889282227,1.0) (0,0) 1e-07 -0.3504989888761013 
3.0 (6.975248336791992,2.325690269470215) (0.7511022686958313,-0.017721878364682198) 0.5 -0.3504989888761013 (10.0,2.6221917817589664) 3.0 -0.023590117631459972 (6.975248336791992,5.0) (0,0) 1e-07 -0.3504989888761013 (6.975248336791992,1.0) (0,0) 1e-07 -0.3504989888761013 
4.0 (7.714043140411377,2.2983639240264893) (0.73879474401474,-0.027326369658112526) 0.5 -0.3504989888761013 (10.0,2.6221917817589664) 3.0 -0.03697091568120842 (7.0,5.0) (0,0) 1e-07 -0.3504989888761013 (7.0,1.0) (0,0) 1e-07 -0.3504989888761013 
5.0 (8.388090133666992,2.292536973953247) (0.6740474104881287,-0.0058270469307899475) 0.5 -0.3504989888761013 (10.0,2.6221917817589664) 3.0 -0.008644646782734954 (7.0,5.0) (0,0) 1e-07 -0.3504989888761013 (7.0,1.0) (0,0) 1e-07 -0.3504989888761013 
6.0 (9.055403709411621,2.3162777423858643) (0.6673137545585632,0.023740798234939575) 0.5 -0.3504989888761013 (10.0,2.6221917817589664) 3.0 0.035561667111765574 (7.0,5.0) (0,0) 1e-07 -0.3504989888761013 (7.0,1.0) (0,0) 1e-07 -0.3504989888761013 
7.0 (9.722586631774902,2.422208786010742) (0.6671828627586365,0.10593100637197495) 0.5 -0.3504989888761013 (10.0,2.6221917817589664) 3.0 0.15745921889358538 (7.0,5.0) (0,0) 1e-07 -0.3504989888761013 (7.0,1.0) (0,0) 1e-07 -0.3504989888761013 
