[[(7.0, 6.0), (0, 6.0), (0, 5.0), (7.0, 5.0)], [(7.0, 1.0), (0, 1.0), (0, 0), (7.0, 0)]]
timestamp position0 velocity0 radius0 heading0 goal pref_speed theta position1 velocity1 radius1 heading1 position2 velocity2 radius2 heading2 position3 velocity3 radius3 heading3 position4 velocity4 radius4 heading4 position5 velocity5 radius5 heading5 position6 velocity6 radius6 heading6 
0.0 (6.0,2.927927017211914) (0.0,0.0) 0.5 -0.11444077023194288 (10.0,3.4215458814218387) 3.0 0.0 (6.0,5.0) (0,0) 1e-07 -0.11444077023194288 (6.0,1.0) (0,0) 1e-07 -0.11444077023194288 
1.0 (6.036938667297363,2.8994743824005127) (0.036938466131687164,-0.028452537953853607) 0.5 -0.11444077023194288 (10.0,3.4215458814218387) 3.0 -0.6563472745156874 (6.036938667297363,5.0) (0,0) 1e-07 -0.11444077023194288 (6.036938667297363,1.0) (0,0) 1e-07 -0.11444077023194288 
2.0 (6.310801982879639,2.7981081008911133) (0.27386340498924255,-0.10136617720127106) 0.5 -0.11444077023194288 (10.0,3.4215458814218387) 3.0 -0.3544978414856103 (6.310801982879639,5.0) (0,0) 1e-07 -0.11444077023194288 (6.310801982879639,1.0) (0,0) 1e-07 -0.11444077023194288 
3.0 (7.038336753845215,2.8153235912323) (0.7275349497795105,0.01721544750034809) 0.5 -0.11444077023194288 (10.0,3.4215458814218387) 3.0 0.023658293628084134 (7.0,5.0) (0,0) 1e-07 -0.11444077023194288 (7.0,1.0) (0,0) 1e-07 -0.11444077023194288 
4.0 (7.86445426940918,2.8891773223876953) (0.8261175155639648,0.07385370135307312) 0.5 -0.11444077023194288 (10.0,3.4215458814218387) 3.0 0.08916151681682286 (7.0,5.0) (0,0) 1e-07 -0.11444077023194288 (7.0,1.0) (0,0) 1e-07 -0.11444077023194288 
5.0 (8.713982582092285,3.016474723815918) (0.8495285511016846,0.12729735672473907) 0.5 -0.11444077023194288 (10.0,3.4215458814218387) 3.0 0.14873806823718372 (7.0,5.0) (0,0) 1e-07 -0.11444077023194288 (7.0,1.0) (0,0) 1e-07 -0.11444077023194288 
6.0 (9.54304027557373,3.202320098876953) (0.8290575742721558,0.1858454942703247) 0.5 -0.11444077023194288 (10.0,3.4215458814218387) 3.0 0.22051930925069363 (7.0,5.0) (0,0) 1e-07 -0.11444077023194288 (7.0,1.0) (0,0) 1e-07 -0.11444077023194288 
7.0 (10.160091400146484,3.3615505695343018) (0.6170510053634644,0.15923041105270386) 0.5 -0.11444077023194288 (10.0,3.4215458814218387) 3.0 0.25254127240806945 (7.0,5.0) (0,0) 1e-07 -0.11444077023194288 (7.0,1.0) (0,0) 1e-07 -0.11444077023194288 
