[[(7.0, 6.0), (0, 6.0), (0, 5.0), (7.0, 5.0)], [(7.0, 1.0), (0, 1.0), (0, 0), (7.0, 0)]]
timestamp position0 velocity0 radius0 heading0 goal pref_speed theta position1 velocity1 radius1 heading1 position2 velocity2 radius2 heading2 position3 velocity3 radius3 heading3 position4 velocity4 radius4 heading4 position5 velocity5 radius5 heading5 position6 velocity6 radius6 heading6 
0.0 (6.0,3.1126708984375) (0.0,0.0) 0.5 -0.3913409778417353 (10.0,3.4986734583939607) 3.0 0.0 (6.0,5.0) (0,0) 1e-07 -0.3913409778417353 (6.0,1.0) (0,0) 1e-07 -0.3913409778417353 
1.0 (6.050939559936523,3.0339298248291016) (0.050939399749040604,-0.07874111831188202) 0.5 -0.3913409778417353 (10.0,3.4986734583939607) 3.0 -0.9965876062529702 (6.050939559936523,5.0) (0,0) 1e-07 -0.3913409778417353 (6.050939559936523,1.0) (0,0) 1e-07 -0.3913409778417353 
2.0 (6.294627666473389,2.902757167816162) (0.24368810653686523,-0.13117273151874542) 0.5 -0.3913409778417353 (10.0,3.4986734583939607) 3.0 -0.49380157097267036 (6.294627666473389,5.0) (0,0) 1e-07 -0.3913409778417353 (6.294627666473389,1.0) (0,0) 1e-07 -0.3913409778417353 
3.0 (6.973447799682617,2.9085726737976074) (0.6788202524185181,0.005815386772155762) 0.5 -0.3913409778417353 (10.0,3.4986734583939607) 3.0 0.008566692714954421 (6.973447799682617,5.0) (0,0) 1e-07 -0.3913409778417353 (6.973447799682617,1.0) (0,0) 1e-07 -0.3913409778417353 
4.0 (7.721881866455078,2.97183895111084) (0.7484341859817505,0.0632663294672966) 0.5 -0.3913409778417353 (10.0,3.4986734583939607) 3.0 0.08433110312909478 (7.0,5.0) (0,0) 1e-07 -0.3913409778417353 (7.0,1.0) (0,0) 1e-07 -0.3913409778417353 
5.0 (8.494004249572754,3.0826573371887207) (0.7721222043037415,0.11081826686859131) 0.5 -0.3913409778417353 (10.0,3.4986734583939607) 3.0 0.1425507668179136 (7.0,5.0) (0,0) 1e-07 -0.3913409778417353 (7.0,1.0) (0,0) 1e-07 -0.3913409778417353 
6.0 (9.20944881439209,3.229560375213623) (0.7154444456100464,0.1469031572341919) 0.5 -0.3913409778417353 (10.0,3.4986734583939607) 3.0 0.20251654044957354 (7.0,5.0) (0,0) 1e-07 -0.3913409778417353 (7.0,1.0) (0,0) 1e-07 -0.3913409778417353 
7.0 (9.84831428527832,3.4584102630615234) (0.6388659477233887,0.22885000705718994) 0.5 -0.3913409778417353 (10.0,3.4986734583939607) 3.0 0.3439725925993017 (7.0,5.0) (0,0) 1e-07 -0.3913409778417353 (7.0,1.0) (0,0) 1e-07 -0.3913409778417353 
