[[(7.0, 6.0), (0, 6.0), (0, 5.0), (7.0, 5.0)], [(7.0, 1.0), (0, 1.0), (0, 0), (7.0, 0)]]
timestamp position0 velocity0 radius0 heading0 goal pref_speed theta position1 velocity1 radius1 heading1 position2 velocity2 radius2 heading2 position3 velocity3 radius3 heading3 position4 velocity4 radius4 heading4 position5 velocity5 radius5 heading5 position6 velocity6 radius6 heading6 
0.0 (6.0,3.043358564376831) (0.0,0.0) 0.5 -0.24768693253169394 (10.0,3.3884220179013984) 3.0 0.0 (6.0,5.0) (0,0) 1e-07 -0.24768693253169394 (6.0,1.0) (0,0) 1e-07 -0.24768693253169394 
1.0 (6.0767951011657715,2.968809127807617) (0.07679514586925507,-0.07454947382211685) 0.5 -0.24768693253169394 (10.0,3.3884220179013984) 3.0 -0.7705611162437075 (6.0767951011657715,5.0) (0,0) 1e-07 -0.24768693253169394 (6.0767951011657715,1.0) (0,0) 1e-07 -0.24768693253169394 
2.0 (6.338067531585693,2.845810651779175) (0.2612725496292114,-0.1229984238743782) 0.5 -0.24768693253169394 (10.0,3.3884220179013984) 3.0 -0.4399887059717515 (6.338067531585693,5.0) (0,0) 1e-07 -0.24768693253169394 (6.338067531585693,1.0) (0,0) 1e-07 -0.24768693253169394 
3.0 (7.038573265075684,2.8678410053253174) (0.7005056738853455,0.022030405700206757) 0.5 -0.24768693253169394 (10.0,3.3884220179013984) 3.0 0.03143892721136865 (7.0,5.0) (0,0) 1e-07 -0.24768693253169394 (7.0,1.0) (0,0) 1e-07 -0.24768693253169394 
4.0 (7.859720706939697,2.937795877456665) (0.8211475610733032,0.0699547603726387) 0.5 -0.24768693253169394 (10.0,3.3884220179013984) 3.0 0.08498625900399291 (7.0,5.0) (0,0) 1e-07 -0.24768693253169394 (7.0,1.0) (0,0) 1e-07 -0.24768693253169394 
5.0 (8.71774959564209,3.067599058151245) (0.8580287098884583,0.12980327010154724) 0.5 -0.24768693253169394 (10.0,3.3884220179013984) 3.0 0.15014232828769464 (7.0,5.0) (0,0) 1e-07 -0.24768693253169394 (7.0,1.0) (0,0) 1e-07 -0.24768693253169394 
6.0 (9.52269458770752,3.2031002044677734) (0.8049454092979431,0.1355012059211731) 0.5 -0.24768693253169394 (10.0,3.3884220179013984) 3.0 0.16677235056160325 (7.0,5.0) (0,0) 1e-07 -0.24768693253169394 (7.0,1.0) (0,0) 1e-07 -0.24768693253169394 
7.0 (10.102593421936035,3.4483370780944824) (0.5798988938331604,0.24523693323135376) 0.5 -0.24768693253169394 (10.0,3.3884220179013984) 3.0 0.4000872071560568 (7.0,5.0) (0,0) 1e-07 -0.24768693253169394 (7.0,1.0) (0,0) 1e-07 -0.24768693253169394 
