[[(7.0, 6.0), (0, 6.0), (0, 5.0), (7.0, 5.0)], [(7.0, 1.0), (0, 1.0), (0, 0), (7.0, 0)]]
timestamp position0 velocity0 radius0 heading0 goal pref_speed theta position1 velocity1 radius1 heading1 position2 velocity2 radius2 heading2 position3 velocity3 radius3 heading3 position4 velocity4 radius4 heading4 position5 velocity5 radius5 heading5 position6 velocity6 radius6 heading6 
0.0 (6.0,2.975837230682373) (0.0,0.0) 0.5 -0.3326160142910858 (10.0,2.5592505528577205) 3.0 0.0 (6.0,5.0) (0,0) 1e-07 -0.3326160142910858 (6.0,1.0) (0,0) 1e-07 -0.3326160142910858 
1.0 (5.949565410614014,2.7369935512542725) (-0.05043473467230797,-0.2388436645269394) 0.5 -0.3326160142910858 (10.0,2.5592505528577205) 3.0 -1.7789012960980912 (5.949565410614014,5.0) (0,0) 1e-07 -0.3326160142910858 (5.949565410614014,1.0) (0,0) 1e-07 -0.3326160142910858 
2.0 (6.2007293701171875,2.507115364074707) (0.2511637508869171,-0.22987808287143707) 0.5 -0.3326160142910858 (10.0,2.5592505528577205) 3.0 -0.7411779095725617 (6.2007293701171875,5.0) (0,0) 1e-07 -0.3326160142910858 (6.2007293701171875,1.0) (0,0) 1e-07 -0.3326160142910858 
3.0 (6.972649097442627,2.4202382564544678) (0.771919846534729,-0.08687706291675568) 0.5 -0.3326160142910858 (10.0,2.5592505528577205) 3.0 -0.11207511885536758 (6.972649097442627,5.0) (0,0) 1e-07 -0.3326160142910858 (6.972649097442627,1.0) (0,0) 1e-07 -0.3326160142910858 
4.0 (7.827462196350098,2.420400619506836) (0.8548133373260498,0.00016242983110714704) 0.5 -0.3326160142910858 (10.0,2.5592505528577205) 3.0 0.0001900178928657161 (7.0,5.0) (0,0) 1e-07 -0.3326160142910858 (7.0,1.0) (0,0) 1e-07 -0.3326160142910858 
5.0 (8.665680885314941,2.4173662662506104) (0.8382182717323303,-0.0030342494137585163) 0.5 -0.3326160142910858 (10.0,2.5592505528577205) 3.0 -0.0036198640175975484 (7.0,5.0) (0,0) 1e-07 -0.3326160142910858 (7.0,1.0) (0,0) 1e-07 -0.3326160142910858 
6.0 (9.436332702636719,2.427265167236328) (0.7706518769264221,0.009898828342556953) 0.5 -0.3326160142910858 (10.0,2.5592505528577205) 3.0 0.012844040608225688 (7.0,5.0) (0,0) 1e-07 -0.3326160142910858 (7.0,1.0) (0,0) 1e-07 -0.3326160142910858 
7.0 (10.088286399841309,2.5332717895507812) (0.6519536972045898,0.10600657016038895) 0.5 -0.3326160142910858 (10.0,2.5592505528577205) 3.0 0.1611876850255947 (7.0,5.0) (0,0) 1e-07 -0.3326160142910858 (7.0,1.0) (0,0) 1e-07 -0.3326160142910858 
