[[(7.0, 6.0), (0, 6.0), (0, 5.0), (7.0, 5.0)], [(7.0, 1.0), (0, 1.0), (0, 0), (7.0, 0)]]
timestamp position0 velocity0 radius0 heading0 goal pref_speed theta position1 velocity1 radius1 heading1 position2 velocity2 radius2 heading2 position3 velocity3 radius3 heading3 position4 velocity4 radius4 heading4 position5 velocity5 radius5 heading5 position6 velocity6 radius6 heading6 
0.0 (6.0,2.537703037261963) (0.0,0.0) 0.5 -0.32240548797123847 (10.0,3.087951767324828) 3.0 0.0 (6.0,5.0) (0,0) 1e-07 -0.32240548797123847 (6.0,1.0) (0,0) 1e-07 -0.32240548797123847 
1.0 (6.134418487548828,2.5404655933380127) (0.13441850244998932,0.0027626717928797007) 0.5 -0.32240548797123847 (10.0,3.087951767324828) 3.0 0.020549871052442166 (6.134418487548828,5.0) (0,0) 1e-07 -0.32240548797123847 (6.134418487548828,1.0) (0,0) 1e-07 -0.32240548797123847 
2.0 (6.434293746948242,2.505699396133423) (0.29987508058547974,-0.03476613387465477) 0.5 -0.32240548797123847 (10.0,3.087951767324828) 3.0 -0.11542010764656682 (6.434293746948242,5.0) (0,0) 1e-07 -0.32240548797123847 (6.434293746948242,1.0) (0,0) 1e-07 -0.32240548797123847 
3.0 (7.058852672576904,2.5463757514953613) (0.6245589852333069,0.040676333010196686) 0.5 -0.32240548797123847 (10.0,3.087951767324828) 3.0 0.06503623847169733 (7.0,5.0) (0,0) 1e-07 -0.32240548797123847 (7.0,1.0) (0,0) 1e-07 -0.32240548797123847 
4.0 (7.758667469024658,2.5747554302215576) (0.6998148560523987,0.028379574418067932) 0.5 -0.32240548797123847 (10.0,3.087951767324828) 3.0 0.04053076660842976 (7.0,5.0) (0,0) 1e-07 -0.32240548797123847 (7.0,1.0) (0,0) 1e-07 -0.32240548797123847 
5.0 (8.51735782623291,2.649034261703491) (0.758690595626831,0.07427878677845001) 0.5 -0.32240548797123847 (10.0,3.087951767324828) 3.0 0.09759290239043175 (7.0,5.0) (0,0) 1e-07 -0.32240548797123847 (7.0,1.0) (0,0) 1e-07 -0.32240548797123847 
6.0 (9.328600883483887,2.827780246734619) (0.8112432956695557,0.1787460893392563) 0.5 -0.32240548797123847 (10.0,3.087951767324828) 3.0 0.21687075491492386 (7.0,5.0) (0,0) 1e-07 -0.32240548797123847 (7.0,1.0) (0,0) 1e-07 -0.32240548797123847 
7.0 (9.967535018920898,3.0711700916290283) (0.6389346122741699,0.24338984489440918) 0.5 -0.32240548797123847 (10.0,3.087951767324828) 3.0 0.36396007201796643 (7.0,5.0) (0,0) 1e-07 -0.32240548797123847 (7.0,1.0) (0,0) 1e-07 -0.32240548797123847 
