[[(7.0, 6.0), (0, 6.0), (0, 5.0), (7.0, 5.0)], [(7.0, 1.0), (0, 1.0), (0, 0), (7.0, 0)]]
timestamp position0 velocity0 radius0 heading0 goal pref_speed theta position1 velocity1 radius1 heading1 position2 velocity2 radius2 heading2 position3 velocity3 radius3 heading3 position4 velocity4 radius4 heading4 position5 velocity5 radius5 heading5 position6 velocity6 radius6 heading6 
0.0 (6.0,2.688873052597046) (0.0,0.0) 0.5 -0.1879688150540838 (10.0,3.415087662617556) 3.0 0.0 (6.0,5.0) (0,0) 1e-07 -0.1879688150540838 (6.0,1.0) (0,0) 1e-07 -0.1879688150540838 
1.0 (6.151371002197266,2.6707255840301514) (0.1513710916042328,-0.018147356808185577) 0.5 -0.1879688150540838 (10.0,3.415087662617556) 3.0 -0.11931707762153114 (6.151371002197266,5.0) (0,0) 1e-07 -0.1879688150540838 (6.151371002197266,1.0) (0,0) 1e-07 -0.1879688150540838 
2.0 (6.472018241882324,2.6145153045654297) (0.32064732909202576,-0.05621037632226944) 0.5 -0.1879688150540838 (10.0,3.415087662617556) 3.0 -0.1735394588471153 (6.472018241882324,5.0) (0,0) 1e-07 -0.1879688150540838 (6.472018241882324,1.0) (0,0) 1e-07 -0.1879688150540838 
3.0 (7.18895959854126,2.6927433013916016) (0.7169411778450012,0.0782279372215271) 0.5 -0.1879688150540838 (10.0,3.415087662617556) 3.0 0.10868350794259667 (7.0,5.0) (0,0) 1e-07 -0.1879688150540838 (7.0,1.0) (0,0) 1e-07 -0.1879688150540838 
4.0 (7.969095230102539,2.8221185207366943) (0.7801358699798584,0.12937530875205994) 0.5 -0.1879688150540838 (10.0,3.415087662617556) 3.0 0.16434122153522387 (7.0,5.0) (0,0) 1e-07 -0.1879688150540838 (7.0,1.0) (0,0) 1e-07 -0.1879688150540838 
5.0 (8.792115211486816,3.0182998180389404) (0.8230199813842773,0.19618120789527893) 0.5 -0.1879688150540838 (10.0,3.415087662617556) 3.0 0.23400081199451261 (7.0,5.0) (0,0) 1e-07 -0.1879688150540838 (7.0,1.0) (0,0) 1e-07 -0.1879688150540838 
6.0 (9.532611846923828,3.1980438232421875) (0.7404967546463013,0.17974403500556946) 0.5 -0.1879688150540838 (10.0,3.415087662617556) 3.0 0.2381288476354456 (7.0,5.0) (0,0) 1e-07 -0.1879688150540838 (7.0,1.0) (0,0) 1e-07 -0.1879688150540838 
7.0 (10.058555603027344,3.3436341285705566) (0.5259433388710022,0.14559024572372437) 0.5 -0.1879688150540838 (10.0,3.415087662617556) 3.0 0.27005500824311135 (7.0,5.0) (0,0) 1e-07 -0.1879688150540838 (7.0,1.0) (0,0) 1e-07 -0.1879688150540838 
