[[(7.0, 6.0), (0, 6.0), (0, 5.0), (7.0, 5.0)], [(7.0, 1.0), (0, 1.0), (0, 0), (7.0, 0)]]
timestamp position0 velocity0 radius0 heading0 goal pref_speed theta position1 velocity1 radius1 heading1 position2 velocity2 radius2 heading2 position3 velocity3 radius3 heading3 position4 velocity4 radius4 heading4 position5 velocity5 radius5 heading5 position6 velocity6 radius6 heading6 
0.0 (6.0,3.476478338241577) (0.0,0.0) 0.5 -0.3903525976696082 (10.0,3.1073709541124463) 3.0 0.0 (6.0,5.0) (0,0) 1e-07 -0.3903525976696082 (6.0,1.0) (0,0) 1e-07 -0.3903525976696082 
1.0 (6.005116939544678,3.2983715534210205) (0.0051171546801924706,-0.17810674011707306) 0.5 -0.3903525976696082 (10.0,3.1073709541124463) 3.0 -1.5420733971040992 (6.005116939544678,5.0) (0,0) 1e-07 -0.3903525976696082 (6.005116939544678,1.0) (0,0) 1e-07 -0.3903525976696082 
2.0 (6.202787399291992,3.002631664276123) (0.19767048954963684,-0.29573991894721985) 0.5 -0.3903525976696082 (10.0,3.1073709541124463) 3.0 -0.9815995263695821 (6.202787399291992,5.0) (0,0) 1e-07 -0.3903525976696082 (6.202787399291992,1.0) (0,0) 1e-07 -0.3903525976696082 
3.0 (6.864737510681152,2.879950761795044) (0.6619502902030945,-0.12268088757991791) 0.5 -0.3903525976696082 (10.0,3.1073709541124463) 3.0 -0.18325322258307564 (6.864737510681152,5.0) (0,0) 1e-07 -0.3903525976696082 (6.864737510681152,1.0) (0,0) 1e-07 -0.3903525976696082 
4.0 (7.714415073394775,2.8909687995910645) (0.849677562713623,0.01101808249950409) 0.5 -0.3903525976696082 (10.0,3.1073709541124463) 3.0 0.01296664225583121 (7.0,5.0) (0,0) 1e-07 -0.3903525976696082 (7.0,1.0) (0,0) 1e-07 -0.3903525976696082 
5.0 (8.617032051086426,2.953274965286255) (0.9026168584823608,0.06230612099170685) 0.5 -0.3903525976696082 (10.0,3.1073709541124463) 3.0 0.06891898969919341 (7.0,5.0) (0,0) 1e-07 -0.3903525976696082 (7.0,1.0) (0,0) 1e-07 -0.3903525976696082 
6.0 (9.480184555053711,3.023084878921509) (0.8631523251533508,0.06980988383293152) 0.5 -0.3903525976696082 (10.0,3.1073709541124463) 3.0 0.08070216857941656 (7.0,5.0) (0,0) 1e-07 -0.3903525976696082 (7.0,1.0) (0,0) 1e-07 -0.3903525976696082 
7.0 (10.274883270263672,3.1001663208007812) (0.79469895362854,0.07708147168159485) 0.5 -0.3903525976696082 (10.0,3.1073709541124463) 3.0 0.0966920878207818 (7.0,5.0) (0,0) 1e-07 -0.3903525976696082 (7.0,1.0) (0,0) 1e-07 -0.3903525976696082 
