[[(7.0, 6.0), (0, 6.0), (0, 5.0), (7.0, 5.0)], [(7.0, 1.0), (0, 1.0), (0, 0), (7.0, 0)]]
timestamp position0 velocity0 radius0 heading0 goal pref_speed theta position1 velocity1 radius1 heading1 position2 velocity2 radius2 heading2 position3 velocity3 radius3 heading3 position4 velocity4 radius4 heading4 position5 velocity5 radius5 heading5 position6 velocity6 radius6 heading6 
0.0 (6.0,2.7348127365112305) (0.0,0.0) 0.5 -0.09839091803097688 (10.0,3.426804683876175) 3.0 0.0 (6.0,5.0) (0,0) 1e-07 -0.09839091803097688 (6.0,1.0) (0,0) 1e-07 -0.09839091803097688 
1.0 (6.189327239990234,2.6716678142547607) (0.18932734429836273,-0.06314483284950256) 0.5 -0.09839091803097688 (10.0,3.426804683876175) 3.0 -0.3219203368206386 (6.189327239990234,5.0) (0,0) 1e-07 -0.09839091803097688 (6.189327239990234,1.0) (0,0) 1e-07 -0.09839091803097688 
2.0 (6.598869323730469,2.511580228805542) (0.4095422625541687,-0.16008754074573517) 0.5 -0.09839091803097688 (10.0,3.426804683876175) 3.0 -0.3726316598175803 (6.598869323730469,5.0) (0,0) 1e-07 -0.09839091803097688 (6.598869323730469,1.0) (0,0) 1e-07 -0.09839091803097688 
3.0 (7.3346943855285645,2.531390428543091) (0.7358250021934509,0.019810086116194725) 0.5 -0.09839091803097688 (10.0,3.426804683876175) 3.0 0.026915777474976345 (7.0,5.0) (0,0) 1e-07 -0.09839091803097688 (7.0,1.0) (0,0) 1e-07 -0.09839091803097688 
4.0 (8.193414688110352,2.65634822845459) (0.8587205410003662,0.12495779991149902) 0.5 -0.09839091803097688 (10.0,3.426804683876175) 3.0 0.14450201192022957 (7.0,5.0) (0,0) 1e-07 -0.09839091803097688 (7.0,1.0) (0,0) 1e-07 -0.09839091803097688 
5.0 (9.001726150512695,2.8396005630493164) (0.8083117604255676,0.1832522451877594) 0.5 -0.09839091803097688 (10.0,3.426804683876175) 3.0 0.2229413135407326 (7.0,5.0) (0,0) 1e-07 -0.09839091803097688 (7.0,1.0) (0,0) 1e-07 -0.09839091803097688 
6.0 (9.573556900024414,3.046257495880127) (0.5718310475349426,0.20665684342384338) 0.5 -0.09839091803097688 (10.0,3.426804683876175) 3.0 0.34678992281006227 (7.0,5.0) (0,0) 1e-07 -0.09839091803097688 (7.0,1.0) (0,0) 1e-07 -0.09839091803097688 
7.0 (9.98436450958252,3.2170181274414062) (0.4108075201511383,0.17076051235198975) 0.5 -0.09839091803097688 (10.0,3.426804683876175) 3.0 0.39394190080765684 (7.0,5.0) (0,0) 1e-07 -0.09839091803097688 (7.0,1.0) (0,0) 1e-07 -0.09839091803097688 
