[[(7.0, 6.0), (0, 6.0), (0, 5.0), (7.0, 5.0)], [(7.0, 1.0), (0, 1.0), (0, 0), (7.0, 0)]]
timestamp position0 velocity0 radius0 heading0 goal pref_speed theta position1 velocity1 radius1 heading1 position2 velocity2 radius2 heading2 position3 velocity3 radius3 heading3 position4 velocity4 radius4 heading4 position5 velocity5 radius5 heading5 position6 velocity6 radius6 heading6 
0.0 (6.0,2.5601117610931396) (0.0,0.0) 0.5 -0.2535495682967227 (10.0,3.3162747234287067) 3.0 0.0 (6.0,5.0) (0,0) 1e-07 -0.2535495682967227 (6.0,1.0) (0,0) 1e-07 -0.2535495682967227 
1.0 (6.1479597091674805,2.5391299724578857) (0.1479598581790924,-0.020981810986995697) 0.5 -0.2535495682967227 (10.0,3.3162747234287067) 3.0 -0.14086821004593678 (6.1479597091674805,5.0) (0,0) 1e-07 -0.2535495682967227 (6.1479597091674805,1.0) (0,0) 1e-07 -0.2535495682967227 
2.0 (6.476442813873291,2.5356616973876953) (0.3284829258918762,-0.0034681931138038635) 0.5 -0.2535495682967227 (10.0,3.3162747234287067) 3.0 -0.010557821961990163 (6.476442813873291,5.0) (0,0) 1e-07 -0.2535495682967227 (6.476442813873291,1.0) (0,0) 1e-07 -0.2535495682967227 
3.0 (7.216935634613037,2.5795490741729736) (0.7404928207397461,0.043887317180633545) 0.5 -0.2535495682967227 (10.0,3.3162747234287067) 3.0 0.059198464700072256 (7.0,5.0) (0,0) 1e-07 -0.2535495682967227 (7.0,1.0) (0,0) 1e-07 -0.2535495682967227 
4.0 (8.047714233398438,2.6859660148620605) (0.8307790160179138,0.10641705989837646) 0.5 -0.2535495682967227 (10.0,3.3162747234287067) 3.0 0.1273993404156867 (7.0,5.0) (0,0) 1e-07 -0.2535495682967227 (7.0,1.0) (0,0) 1e-07 -0.2535495682967227 
5.0 (8.83273696899414,2.8417625427246094) (0.7850227952003479,0.1557965874671936) 0.5 -0.2535495682967227 (10.0,3.3162747234287067) 3.0 0.195915533919298 (7.0,5.0) (0,0) 1e-07 -0.2535495682967227 (7.0,1.0) (0,0) 1e-07 -0.2535495682967227 
6.0 (9.39561939239502,3.0188729763031006) (0.5628825426101685,0.177110493183136) 0.5 -0.2535495682967227 (10.0,3.3162747234287067) 3.0 0.3048415801353081 (7.0,5.0) (0,0) 1e-07 -0.2535495682967227 (7.0,1.0) (0,0) 1e-07 -0.2535495682967227 
7.0 (9.764558792114258,3.1491775512695312) (0.3689397871494293,0.13030466437339783) 0.5 -0.2535495682967227 (10.0,3.3162747234287067) 3.0 0.33951101736775874 (7.0,5.0) (0,0) 1e-07 -0.2535495682967227 (7.0,1.0) (0,0) 1e-07 -0.2535495682967227 
