[[(7.0, 6.0), (0, 6.0), (0, 5.0), (7.0, 5.0)], [(7.0, 1.0), (0, 1.0), (0, 0), (7.0, 0)]]
timestamp position0 velocity0 radius0 heading0 goal pref_speed theta position1 velocity1 radius1 heading1 position2 velocity2 radius2 heading2 position3 velocity3 radius3 heading3 position4 velocity4 radius4 heading4 position5 velocity5 radius5 heading5 position6 velocity6 radius6 heading6 
0.0 (6.0,2.8142409324645996) (0.0,0.0) 0.5 -0.2050806950529547 (10.0,3.4598245867264765) 3.0 0.0 (6.0,5.0) (0,0) 1e-07 -0.2050806950529547 (6.0,1.0) (0,0) 1e-07 -0.2050806950529547 
1.0 (6.1718034744262695,2.735398530960083) (0.17180335521697998,-0.07884233444929123) 0.5 -0.2050806950529547 (10.0,3.4598245867264765) 3.0 -0.43023900431245743 (6.1718034744262695,5.0) (0,0) 1e-07 -0.2050806950529547 (6.1718034744262695,1.0) (0,0) 1e-07 -0.2050806950529547 
2.0 (6.555710315704346,2.5938544273376465) (0.3839067816734314,-0.14154398441314697) 0.5 -0.2050806950529547 (10.0,3.4598245867264765) 3.0 -0.3532303664968132 (6.555710315704346,5.0) (0,0) 1e-07 -0.2050806950529547 (6.555710315704346,1.0) (0,0) 1e-07 -0.2050806950529547 
3.0 (7.289491176605225,2.6110408306121826) (0.7337806820869446,0.0171864852309227) 0.5 -0.2050806950529547 (10.0,3.4598245867264765) 3.0 0.02341754689379641 (7.0,5.0) (0,0) 1e-07 -0.2050806950529547 (7.0,1.0) (0,0) 1e-07 -0.2050806950529547 
4.0 (8.141277313232422,2.728379487991333) (0.8517862558364868,0.11733868718147278) 0.5 -0.2050806950529547 (10.0,3.4598245867264765) 3.0 0.13689442633755264 (7.0,5.0) (0,0) 1e-07 -0.2050806950529547 (7.0,1.0) (0,0) 1e-07 -0.2050806950529547 
5.0 (8.948826789855957,2.908923387527466) (0.8075494766235352,0.1805439293384552) 0.5 -0.2050806950529547 (10.0,3.4598245867264765) 3.0 0.2199530411484247 (7.0,5.0) (0,0) 1e-07 -0.2050806950529547 (7.0,1.0) (0,0) 1e-07 -0.2050806950529547 
6.0 (9.506224632263184,3.1173410415649414) (0.55739825963974,0.2084175944328308) 0.5 -0.2050806950529547 (10.0,3.4598245867264765) 3.0 0.35781598832529754 (7.0,5.0) (0,0) 1e-07 -0.2050806950529547 (7.0,1.0) (0,0) 1e-07 -0.2050806950529547 
7.0 (9.856549263000488,3.268261432647705) (0.3503250479698181,0.15092027187347412) 0.5 -0.2050806950529547 (10.0,3.4598245867264765) 3.0 0.4067736054662903 (7.0,5.0) (0,0) 1e-07 -0.2050806950529547 (7.0,1.0) (0,0) 1e-07 -0.2050806950529547 
