[[(7.0, 6.0), (0, 6.0), (0, 5.0), (7.0, 5.0)], [(7.0, 1.0), (0, 1.0), (0, 0), (7.0, 0)]]
timestamp position0 velocity0 radius0 heading0 goal pref_speed theta position1 velocity1 radius1 heading1 position2 velocity2 radius2 heading2 position3 velocity3 radius3 heading3 position4 velocity4 radius4 heading4 position5 velocity5 radius5 heading5 position6 velocity6 radius6 heading6 
0.0 (6.0,2.693892240524292) (0.0,0.0) 0.5 -0.17128065166384346 (10.0,3.476905893394547) 3.0 0.0 (7.001016616821289,1.5) (0.0,0.0) 0.5 -0.08966745270578247 (8.062759399414062,2.5) (0.0,0.0) 0.5 -0.2646490390861666 (7.357659339904785,3.5) (0.0,0.0) 0.5 0.10611405608303898 (8.031389236450195,4.5) (0.0,0.0) 0.5 -0.014369079407201502 (6.0,5.0) (0,0) 1e-07 -0.17128065166384346 (6.0,1.0) (0,0) 1e-07 -0.17128065166384346 
1.0 (6.363887786865234,2.6480166912078857) (0.36388763785362244,-0.04587557911872864) 0.5 -0.17128065166384346 (10.0,3.476905893394547) 3.0 -0.12540910970456556 (7.316561698913574,1.4993581771850586) (0.31554508209228516,-0.0006417781114578247) 0.5 -0.08966745270578247 (8.694355010986328,2.198194742202759) (0.631596028804779,-0.3018052577972412) 0.5 -0.2646490390861666 (7.546844482421875,3.4966049194335938) (0.18918505311012268,-0.0033949613571166992) 0.5 0.10611405608303898 (8.693138122558594,4.72822904586792) (0.6617488861083984,0.2282288521528244) 0.5 -0.014369079407201502 (6.363887786865234,5.0) (0,0) 1e-07 -0.17128065166384346 (6.363887786865234,1.0) (0,0) 1e-07 -0.17128065166384346 
2.0 (6.927162170410156,2.6374564170837402) (0.5632745027542114,-0.010560177266597748) 0.5 -0.17128065166384346 (10.0,3.476905893394547) 3.0 -0.01874563865549863 (7.9768195152282715,1.266851544380188) (0.6602579951286316,-0.2325066775083542) 0.5 -0.08966745270578247 (9.325950622558594,1.8963894844055176) (0.631596028804779,-0.3018052279949188) 0.5 -0.2646490390861666 (8.236454963684082,3.616759777069092) (0.6896106004714966,0.12015476077795029) 0.5 0.10611405608303898 (9.354887008666992,4.956457614898682) (0.6617488861083984,0.22822879254817963) 0.5 -0.014369079407201502 (6.927162170410156,5.0) (0,0) 1e-07 -0.17128065166384346 (6.927162170410156,1.0) (0,0) 1e-07 -0.17128065166384346 
3.0 (7.458593368530273,2.669752359390259) (0.5314314365386963,0.03229603171348572) 0.5 -0.17128065166384346 (10.0,3.476905893394547) 3.0 0.06069712611075968 (8.637077331542969,1.0343449115753174) (0.6602579951286316,-0.2325066477060318) 0.5 -0.08966745270578247 (9.95754623413086,1.594584345817566) (0.6315960884094238,-0.30180516839027405) 0.5 -0.2646490390861666 (8.926065444946289,3.73691463470459) (0.6896106600761414,0.12015474587678909) 0.5 0.10611405608303898 (10.01663589477539,5.184686660766602) (0.6617488861083984,0.22822889685630798) 0.5 -0.014369079407201502 (7.0,5.0) (0,0) 1e-07 -0.17128065166384346 (7.0,1.0) (0,0) 1e-07 -0.17128065166384346 
4.0 (8.157047271728516,2.7218356132507324) (0.6984542012214661,0.05208323150873184) 0.5 -0.17128065166384346 (10.0,3.476905893394547) 3.0 0.07443152979048913 (9.297335624694824,0.8018382787704468) (0.6602579951286316,-0.2325066477060318) 0.5 -0.08966745270578247 (10.589142799377441,1.2927792072296143) (0.6315961480140686,-0.3018050789833069) 0.5 -0.2646490390861666 (9.615675926208496,3.857069253921509) (0.6896107196807861,0.12015467882156372) 0.5 0.10611405608303898 (10.678384780883789,5.412915229797363) (0.6617489457130432,0.22822879254817963) 0.5 -0.014369079407201502 (7.0,5.0) (0,0) 1e-07 -0.17128065166384346 (7.0,1.0) (0,0) 1e-07 -0.17128065166384346 
5.0 (8.935991287231445,2.7998063564300537) (0.7789443731307983,0.07797084748744965) 0.5 -0.17128065166384346 (10.0,3.476905893394547) 3.0 0.09976577483467688 (9.95759391784668,0.5693315267562866) (0.6602579951286316,-0.23250673711299896) 0.5 -0.08966745270578247 (11.201849937438965,1.0) (0.6127071380615234,-0.29277920722961426) 0.5 -0.2646490390861666 (10.305286407470703,3.9772238731384277) (0.6896106004714966,0.12015467882156372) 0.5 0.10611405608303898 (10.930886268615723,5.5) (0.2525014579296112,0.08708477020263672) 0.5 -0.014369079407201502 (7.0,5.0) (0,0) 1e-07 -0.17128065166384346 (7.0,1.0) (0,0) 1e-07 -0.17128065166384346 
6.0 (9.7505464553833,2.894512176513672) (0.8145548105239868,0.09470592439174652) 0.5 -0.17128065166384346 (10.0,3.476905893394547) 3.0 0.11574740614273978 (10.1544771194458,0.5) (0.19688300788402557,-0.06933152675628662) 0.5 -0.08966745270578247 (11.557586669921875,1.1101053953170776) (0.35573720932006836,0.11010536551475525) 0.5 -0.2646490390861666 (10.499577522277832,4.060573101043701) (0.19429105520248413,0.08334925770759583) 0.5 0.10611405608303898 (10.930886268615723,5.5) (-1.744284716664879e-08,0.0) 0.5 -0.014369079407201502 (7.0,5.0) (0,0) 1e-07 -0.17128065166384346 (7.0,1.0) (0,0) 1e-07 -0.17128065166384346 
7.0 (10.602944374084473,3.0053510665893555) (0.8523977398872375,0.1108388602733612) 0.5 -0.17128065166384346 (10.0,3.476905893394547) 3.0 0.12930633062318925 (10.1544771194458,0.5) (-1.9335260503794416e-07,0.0) 0.5 -0.08966745270578247 (11.522439002990723,1.1620515584945679) (-0.035147614777088165,0.05194615572690964) 0.5 -0.2646490390861666 (10.446056365966797,4.090124607086182) (-0.053520768880844116,0.029551545158028603) 0.5 0.10611405608303898 (10.930886268615723,5.5) (-1.744284716664879e-08,0.0) 0.5 -0.014369079407201502 (7.0,5.0) (0,0) 1e-07 -0.17128065166384346 (7.0,1.0) (0,0) 1e-07 -0.17128065166384346 
