[]
timestamp position0 velocity0 radius0 goal pref_speed theta position1 velocity1 radius1 position2 velocity2 radius2 position3 velocity3 radius3 position4 velocity4 radius4 position5 velocity5 radius5 position6 velocity6 radius6
0 (-1.94499,-1.92566) (0,0) 0.166862 (2.79844,2.7831) 1.83633 0 (-0.775254,-0.552678) (0,0) 0.161615 (2.94166,2.35548) (0,0) 0.138042 (3.51581,2.98176) (0,0) 0.15251 (-1.43379,-1.28167) (0,0) 0.147877
0.1 (-1.9326,-1.92901) (0.123831,-0.0335029) 0.166862 (2.79844,2.7831) 1.83633 -0.264228 (-0.762355,-0.540638) (0.128992,0.120402) 0.161615 (2.9277,2.3439) (-0.139611,-0.115805) 0.138042 (3.50269,2.9862) (-0.131268,0.0444972) 0.15251 (-1.42429,-1.28118) (0.0949917,0.00486935) 0.147877
0.2 (-1.8956,-1.93649) (0.370074,-0.0748295) 0.166862 (2.79844,2.7831) 1.83633 -0.199511 (-0.749455,-0.528598) (0.128998,0.120395) 0.161615 (2.91374,2.33232) (-0.139609,-0.115807) 0.138042 (3.47734,2.98196) (-0.253439,-0.0424475) 0.15251 (-1.40924,-1.26943) (0.15056,0.117527) 0.147877
0.3 (-1.82367,-1.92254) (0.719297,0.139539) 0.166862 (2.79844,2.7831) 1.83633 0.191613 (-0.736557,-0.516557) (0.128981,0.120414) 0.161615 (2.89978,2.32074) (-0.139603,-0.115814) 0.138042 (3.45436,2.97047) (-0.229846,-0.11491) 0.15251 (-1.39552,-1.25613) (0.137116,0.132967) 0.147877
0.4 (-1.74194,-1.8828) (0.817321,0.397411) 0.166862 (2.79844,2.7831) 1.83633 0.452576 (-0.723658,-0.504518) (0.128998,0.120395) 0.161615 (2.88582,2.30916) (-0.139608,-0.115809) 0.138042 (3.43399,2.9548) (-0.203672,-0.156688) 0.15251 (-1.38181,-1.24283) (0.137115,0.132968) 0.147877
0.5 (-1.65825,-1.83086) (0.836859,0.51939) 0.166862 (2.79844,2.7831) 1.83633 0.555459 (-0.710759,-0.492477) (0.128984,0.12041) 0.161615 (2.87186,2.29758) (-0.139601,-0.115817) 0.138042 (3.41445,2.93811) (-0.19539,-0.166901) 0.15251 (-1.3681,-1.22954) (0.137109,0.132974) 0.147877
0.6 (-1.57728,-1.77469) (0.809666,0.561627) 0.166862 (2.79844,2.7831) 1.83633 0.606454 (-0.697859,-0.480437) (0.129002,0.120391) 0.161615 (2.8579,2.286) (-0.139613,-0.115803) 0.138042 (3.39492,2.92142) (-0.195373,-0.166921) 0.15251 (-1.35439,-1.21624) (0.137105,0.132978) 0.147877
0.7 (-1.49793,-1.71612) (0.793566,0.585776) 0.166862 (2.79844,2.7831) 1.83633 0.635878 (-0.68496,-0.468397) (0.128991,0.120404) 0.161615 (2.84394,2.27442) (-0.139613,-0.115803) 0.138042 (3.37538,2.90473) (-0.195372,-0.166922) 0.15251 (-1.34068,-1.20294) (0.137113,0.13297) 0.147877
0.8 (-1.41955,-1.65613) (0.783747,0.599849) 0.166862 (2.79844,2.7831) 1.83633 0.65326 (-0.672062,-0.456356) (0.12898,0.120414) 0.161615 (2.82997,2.26284) (-0.139612,-0.115803) 0.138042 (3.35584,2.88803) (-0.195373,-0.166921) 0.15251 (-1.32697,-1.18964) (0.137116,0.132967) 0.147877
0.9 (-1.34178,-1.59529) (0.777696,0.608431) 0.166862 (2.79844,2.7831) 1.83633 0.663886 (-0.659162,-0.444316) (0.129,0.120394) 0.161615 (2.81601,2.25126) (-0.139613,-0.115803) 0.138042 (3.3363,2.87134) (-0.195384,-0.166909) 0.15251 (-1.31326,-1.17635) (0.137118,0.132965) 0.147877
1 (-1.26441,-1.5339) (0.77373,0.6139) 0.166862 (2.79844,2.7831) 1.83633 0.670722 (-0.646262,-0.432276) (0.128994,0.1204) 0.161615 (2.80205,2.23968) (-0.139613,-0.115802) 0.138042 (3.31676,2.85465) (-0.195391,-0.166899) 0.15251 (-1.29954,-1.16305) (0.137126,0.132957) 0.147877
1.1 (-1.18731,-1.47213) (0.770948,0.617721) 0.166862 (2.79844,2.7831) 1.83633 0.675501 (-0.633364,-0.420235) (0.128984,0.12041) 0.161615 (2.78809,2.2281) (-0.139617,-0.115798) 0.138042 (3.29723,2.83796) (-0.195378,-0.166916) 0.15251 (-1.28583,-1.14976) (0.137127,0.132956) 0.147877
1.2 (-1.11045,-1.41003) (0.768682,0.620938) 0.166862 (2.79844,2.7831) 1.83633 0.679476 (-0.620465,-0.408195) (0.12899,0.120404) 0.161615 (2.77413,2.21652) (-0.139613,-0.115802) 0.138042 (3.27769,2.82127) (-0.195379,-0.166914) 0.15251 (-1.27212,-1.13646) (0.137107,0.132976) 0.147877
1.3 (-1.03387,-1.34744) (0.765786,0.625928) 0.166862 (2.79844,2.7831) 1.83633 0.685241 (-0.607565,-0.396155) (0.128999,0.120395) 0.161615 (2.76017,2.20494) (-0.139611,-0.115805) 0.138042 (3.25815,2.80458) (-0.195373,-0.166921) 0.15251 (-1.25841,-1.12316) (0.137119,0.132964) 0.147877
1.4 (-0.957361,-1.28434) (0.765058,0.631) 0.166862 (2.79844,2.7831) 1.83633 0.689665 (-0.594666,-0.384115) (0.128995,0.120399) 0.161615 (2.74621,2.19336) (-0.139609,-0.115808) 0.138042 (3.23861,2.78789) (-0.195376,-0.166917) 0.15251 (-1.2447,-1.10986) (0.137104,0.132979) 0.147877
1.5 (-0.881025,-1.22109) (0.763364,0.632493) 0.166862 (2.79844,2.7831) 1.83633 0.691914 (-0.581767,-0.372075) (0.128991,0.120404) 0.161615 (2.73225,2.18178) (-0.139612,-0.115804) 0.138042 (3.21908,2.77119) (-0.195382,-0.166911) 0.15251 (-1.23099,-1.09657) (0.137123,0.132959) 0.147877
1.6 (-0.804778,-1.15777) (0.762471,0.633238) 0.166862 (2.79844,2.7831) 1.83633 0.693069 (-0.568868,-0.360034) (0.128983,0.120412) 0.161615 (2.71828,2.1702) (-0.139613,-0.115802) 0.138042 (3.19954,2.7545) (-0.195379,-0.166914) 0.15251 (-1.21727,-1.08327) (0.137115,0.132969) 0.147877
1.7 (-0.728605,-1.09443) (0.761732,0.633387) 0.166862 (2.79844,2.7831) 1.83633 0.693661 (-0.55597,-0.347993) (0.128984,0.120411) 0.161615 (2.70432,2.15862) (-0.139613,-0.115803) 0.138042 (3.18,2.73781) (-0.195373,-0.166921) 0.15251 (-1.20356,-1.06998) (0.137116,0.132967) 0.147877
1.8 (-0.652472,-1.03108) (0.761331,0.633444) 0.166862 (2.79844,2.7831) 1.83633 0.693964 (-0.54307,-0.335953) (0.128994,0.120399) 0.161615 (2.69036,2.14704) (-0.139615,-0.115801) 0.138042 (3.16046,2.72112) (-0.195375,-0.166918) 0.15251 (-1.18985,-1.05668) (0.137105,0.132978) 0.147877
1.9 (-0.576375,-0.96775) (0.760966,0.633344) 0.166862 (2.79844,2.7831) 1.83633 0.694121 (-0.530172,-0.323912) (0.128989,0.120405) 0.161615 (2.6764,2.13546) (-0.13962,-0.115794) 0.138042 (3.14092,2.70443) (-0.195386,-0.166906) 0.15251 (-1.17614,-1.04338) (0.137125,0.132958) 0.147877
2 (-0.500318,-0.904437) (0.760568,0.633122) 0.166862 (2.79844,2.7831) 1.83633 0.694207 (-0.517272,-0.311872) (0.128995,0.120399) 0.161615 (2.66244,2.12388) (-0.139612,-0.115804) 0.138042 (3.12139,2.68774) (-0.195378,-0.166915) 0.15251 (-1.16243,-1.03009) (0.137117,0.132966) 0.147877
2.1 (-0.424293,-0.841147) (0.760248,0.632903) 0.166862 (2.79844,2.7831) 1.83633 0.694243 (-0.504373,-0.299832) (0.128991,0.120403) 0.161615 (2.64848,2.1123) (-0.139607,-0.115809) 0.138042 (3.10185,2.67105) (-0.195379,-0.166913) 0.15251 (-1.14872,-1.01679) (0.137116,0.132967) 0.147877
2.2 (-0.348303,-0.777884) (0.759903,0.632636) 0.166862 (2.79844,2.7831) 1.83633 0.694259 (-0.491474,-0.287792) (0.128992,0.120402) 0.161615 (2.63452,2.10072) (-0.139616,-0.115799) 0.138042 (3.08231,2.65435) (-0.19538,-0.166913) 0.15251 (-1.135,-1.00349) (0.137127,0.132956) 0.147877
2.3 (-0.272351,-0.71465) (0.759516,0.632334) 0.166862 (2.79844,2.7831) 1.83633 0.694274 (-0.478575,-0.275751) (0.128989,0.120405) 0.161615 (2.62055,2.08914) (-0.139613,-0.115803) 0.138042 (3.06277,2.63767) (-0.195394,-0.166896) 0.15251 (-1.12129,-0.990195) (0.137104,0.132979) 0.147877
2.4 (-0.196442,-0.651452) (0.75909,0.631985) 0.166862 (2.79844,2.7831) 1.83633 0.69428 (-0.465676,-0.263711) (0.128992,0.120402) 0.161615 (2.60659,2.07756) (-0.139612,-0.115803) 0.138042 (3.04323,2.62097) (-0.195367,-0.166928) 0.15251 (-1.10758,-0.976898) (0.137116,0.132967) 0.147877
2.5 (-0.120574,-0.588287) (0.75868,0.631647) 0.166862 (2.79844,2.7831) 1.83633 0.694282 (-0.452776,-0.251671) (0.128991,0.120403) 0.161615 (2.59263,2.06598) (-0.139616,-0.115798) 0.138042 (3.0237,2.60428) (-0.195375,-0.166919) 0.15251 (-1.09387,-0.963602) (0.137124,0.132959) 0.147877
2.6 (-0.0447446,-0.525153) (0.758299,0.631335) 0.166862 (2.79844,2.7831) 1.83633 0.694286 (-0.439878,-0.23963) (0.128987,0.120408) 0.161615 (2.57867,2.0544) (-0.139614,-0.115802) 0.138042 (3.00416,2.58759) (-0.195376,-0.166918) 0.15251 (-1.08016,-0.950305) (0.137108,0.132975) 0.147877
2.7 (0.0310378,-0.462059) (0.757823,0.63094) 0.166862 (2.79844,2.7831) 1.83633 0.694287 (-0.42698,-0.227589) (0.128981,0.120413) 0.161615 (2.56471,2.04282) (-0.139614,-0.115802) 0.138042 (2.98462,2.5709) (-0.195364,-0.166932) 0.15251 (-1.06645,-0.937009) (0.13712,0.132963) 0.147877
2.8 (0.106773,-0.399005) (0.757352,0.630547) 0.166862 (2.79844,2.7831) 1.83633 0.694287 (-0.414081,-0.215549) (0.128992,0.120402) 0.161615 (2.55075,2.03124) (-0.139614,-0.115802) 0.138042 (2.96508,2.55421) (-0.195389,-0.166902) 0.15251 (-1.05274,-0.923712) (0.137117,0.132966) 0.147877
2.9 (0.182454,-0.335995) (0.756809,0.630096) 0.166862 (2.79844,2.7831) 1.83633 0.694287 (-0.40118,-0.203509) (0.129,0.120393) 0.161615 (2.53679,2.01965) (-0.139614,-0.115802) 0.138042 (2.94554,2.53751) (-0.195386,-0.166906) 0.15251 (-1.03902,-0.910415) (0.137108,0.132975) 0.147877
3 (0.258079,-0.273032) (0.756249,0.62963) 0.166862 (2.79844,2.7831) 1.83633 0.694287 (-0.388282,-0.191468) (0.128982,0.120413) 0.161615 (2.52283,2.00807) (-0.139614,-0.115802) 0.138042 (2.92601,2.52082) (-0.19538,-0.166913) 0.15251 (-1.02531,-0.897117) (0.137112,0.132972) 0.147877
3.1 (0.333642,-0.210121) (0.755632,0.629116) 0.166862 (2.79844,2.7831) 1.83633 0.694287 (-0.375384,-0.179427) (0.128985,0.120409) 0.161615 (2.50889,1.99647) (-0.139393,-0.116067) 0.138042 (2.90639,2.50422) (-0.196161,-0.165994) 0.15251 (-1.0116,-0.883821) (0.137119,0.132964) 0.147877
3.2 (0.409152,-0.147276) (0.755101,0.628442) 0.166862 (2.79844,2.7831) 1.83633 0.694106 (-0.362485,-0.167387) (0.128991,0.120404) 0.161615 (2.49498,1.98483) (-0.139095,-0.116424) 0.138042 (2.88665,2.48777) (-0.197401,-0.164518) 0.15251 (-0.99789,-0.870524) (0.137115,0.132968) 0.147877
3.3 (0.484614,-0.0845159) (0.754619,0.627605) 0.166862 (2.79844,2.7831) 1.83633 0.693765 (-0.349586,-0.155345) (0.128983,0.120411) 0.161615 (2.48109,1.97315) (-0.138824,-0.116747) 0.138042 (2.86679,2.47147) (-0.198645,-0.163014) 0.15251 (-0.984179,-0.857227) (0.137111,0.132973) 0.147877
3.4 (0.560024,-0.0218496) (0.754102,0.626663) 0.166862 (2.79844,2.7831) 1.83633 0.693363 (-0.336687,-0.143305) (0.128992,0.120402) 0.161615 (2.46724,1.96145) (-0.138574,-0.117044) 0.138042 (2.84681,2.45531) (-0.199794,-0.161603) 0.15251 (-0.970466,-0.843931) (0.137128,0.132955) 0.147877
3.5 (0.635375,0.0407147) (0.753514,0.625643) 0.166862 (2.79844,2.7831) 1.83633 0.692946 (-0.323788,-0.131265) (0.128991,0.120404) 0.161615 (2.4534,1.94971) (-0.138342,-0.117318) 0.138042 (2.82672,2.43928) (-0.200827,-0.160318) 0.15251 (-0.956754,-0.830635) (0.137121,0.132962) 0.147877
3.6 (0.710662,0.103173) (0.752866,0.624583) 0.166862 (2.79844,2.7831) 1.83633 0.692536 (-0.310888,-0.119226) (0.129001,0.120392) 0.161615 (2.43959,1.93796) (-0.138127,-0.117571) 0.138042 (2.80655,2.42336) (-0.201745,-0.15916) 0.15251 (-0.943041,-0.817339) (0.137125,0.132958) 0.147877
3.7 (0.785876,0.165521) (0.752138,0.62348) 0.166862 (2.79844,2.7831) 1.83633 0.692142 (-0.297988,-0.107186) (0.129,0.120394) 0.161615 (2.4258,1.92618) (-0.137929,-0.117803) 0.138042 (2.78629,2.40755) (-0.202561,-0.158121) 0.15251 (-0.92933,-0.804043) (0.137118,0.132965) 0.147877
3.8 (0.861006,0.227753) (0.751303,0.622317) 0.166862 (2.79844,2.7831) 1.83633 0.69177 (-0.285089,-0.095146) (0.128991,0.120403) 0.161615 (2.41202,1.91438) (-0.137747,-0.118016) 0.138042 (2.76596,2.39183) (-0.203286,-0.157188) 0.15251 (-0.915618,-0.790746) (0.137116,0.132968) 0.147877
3.9 (0.936041,0.289862) (0.750353,0.621089) 0.166862 (2.79844,2.7831) 1.83633 0.691421 (-0.27219,-0.0831052) (0.128987,0.120408) 0.161615 (2.39826,1.90255) (-0.137579,-0.118212) 0.138042 (2.74557,2.3762) (-0.20393,-0.156351) 0.15251 (-0.901906,-0.77745) (0.137124,0.132959) 0.147877
4 (1.01097,0.351841) (0.74929,0.619797) 0.166862 (2.79844,2.7831) 1.83633 0.691095 (-0.259291,-0.0710652) (0.128994,0.1204) 0.161615 (2.38452,1.89072) (-0.137426,-0.11839) 0.138042 (2.72512,2.36064) (-0.204503,-0.155601) 0.15251 (-0.888194,-0.764154) (0.13712,0.132963) 0.147877
4.1 (1.08578,0.413683) (0.748082,0.618415) 0.166862 (2.79844,2.7831) 1.83633 0.690792 (-0.246392,-0.0590247) (0.128989,0.120406) 0.161615 (2.37079,1.87886) (-0.137286,-0.118552) 0.138042 (2.70462,2.34514) (-0.205014,-0.154928) 0.15251 (-0.874482,-0.750858) (0.137121,0.132962) 0.147877
4.2 (1.16045,0.475376) (0.74671,0.616928) 0.166862 (2.79844,2.7831) 1.83633 0.69051 (-0.233493,-0.0469841) (0.128988,0.120406) 0.161615 (2.35708,1.86699) (-0.137159,-0.118699) 0.138042 (2.68407,2.32971) (-0.205468,-0.154325) 0.15251 (-0.86077,-0.737561) (0.137121,0.132962) 0.147877
4.3 (1.23497,0.536909) (0.745176,0.615333) 0.166862 (2.79844,2.7831) 1.83633 0.690249 (-0.220595,-0.0349432) (0.128986,0.120408) 0.161615 (2.34337,1.85511) (-0.137044,-0.118832) 0.138042 (2.66349,2.31433) (-0.205872,-0.153786) 0.15251 (-0.847057,-0.724265) (0.137121,0.132962) 0.147877
4.4 (1.30932,0.598275) (0.743522,0.613665) 0.166862 (2.79844,2.7831) 1.83633 0.690008 (-0.207695,-0.022903) (0.128992,0.120402) 0.161615 (2.32968,1.84321) (-0.136941,-0.11895) 0.138042 (2.64286,2.299) (-0.206229,-0.153306) 0.15251 (-0.833346,-0.710968) (0.137114,0.132969) 0.147877
4.5 (1.38348,0.659454) (0.741577,0.611782) 0.166862 (2.79844,2.7831) 1.83633 0.689785 (-0.194796,-0.0108632) (0.128996,0.120398) 0.161615 (2.31599,1.83131) (-0.136849,-0.119056) 0.138042 (2.62221,2.28371) (-0.206545,-0.15288) 0.15251 (-0.819636,-0.69767) (0.137105,0.132979) 0.147877
4.6 (1.45742,0.72043) (0.739433,0.609758) 0.166862 (2.79844,2.7831) 1.83633 0.689579 (-0.181896,0.00117665) (0.128996,0.120398) 0.161615 (2.30232,1.81939) (-0.136768,-0.119149) 0.138042 (2.60153,2.26846) (-0.206823,-0.152504) 0.15251 (-0.805925,-0.684373) (0.137106,0.132977) 0.147877
4.7 (1.53112,0.78118) (0.736988,0.607508) 0.166862 (2.79844,2.7831) 1.83633 0.68939 (-0.168998,0.0132174) (0.128987,0.120407) 0.161615 (2.28865,1.80747) (-0.136698,-0.11923) 0.138042 (2.58082,2.25325) (-0.207066,-0.152174) 0.15251 (-0.792214,-0.671075) (0.13711,0.132973) 0.147877
4.8 (1.60455,0.841686) (0.734277,0.605058) 0.166862 (2.79844,2.7831) 1.83633 0.689216 (-0.156098,0.0252573) (0.128994,0.1204) 0.161615 (2.27498,1.79554) (-0.136637,-0.1193) 0.138042 (2.56009,2.23806) (-0.207275,-0.151889) 0.15251 (-0.778502,-0.657779) (0.137122,0.132961) 0.147877
4.9 (1.67767,0.901921) (0.731221,0.602345) 0.166862 (2.79844,2.7831) 1.83633 0.689057 (-0.143199,0.0372976) (0.128992,0.120402) 0.161615 (2.26132,1.7836) (-0.136586,-0.119358) 0.138042 (2.53935,2.22289) (-0.207455,-0.151643) 0.15251 (-0.764789,-0.644484) (0.137127,0.132956) 0.147877
5 (1.75045,0.961854) (0.727783,0.599333) 0.166862 (2.79844,2.7831) 1.83633 0.68891 (-0.1303,0.0493381) (0.128989,0.120406) 0.161615 (2.24767,1.77166) (-0.136543,-0.119407) 0.138042 (2.51859,2.20775) (-0.207606,-0.151437) 0.15251 (-0.751077,-0.631188) (0.137121,0.132962) 0.147877
5.1 (1.82283,1.02145) (0.723834,0.595918) 0.166862 (2.79844,2.7831) 1.83633 0.688776 (-0.117401,0.0613783) (0.128992,0.120402) 0.161615 (2.23402,1.75972) (-0.13651,-0.119445) 0.138042 (2.49781,2.19262) (-0.20773,-0.151266) 0.15251 (-0.737364,-0.617892) (0.137124,0.132959) 0.147877
5.2 (1.89477,1.08066) (0.719441,0.592153) 0.166862 (2.79844,2.7831) 1.83633 0.688653 (-0.104502,0.0734185) (0.128993,0.120401) 0.161615 (2.22037,1.74777) (-0.136485,-0.119474) 0.138042 (2.47703,2.17751) (-0.207829,-0.151129) 0.15251 (-0.723652,-0.604595) (0.137121,0.132962) 0.147877
5.3 (1.96622,1.13945) (0.714434,0.587896) 0.166862 (2.79844,2.7831) 1.83633 0.688539 (-0.0916025,0.0854588) (0.128991,0.120403) 0.161615 (2.20672,1.73582) (-0.136467,-0.119493) 0.138042 (2.45624,2.16241) (-0.207905,-0.151026) 0.15251 (-0.709941,-0.591298) (0.137112,0.132971) 0.147877
5.4 (2.03708,1.19775) (0.708611,0.582979) 0.166862 (2.79844,2.7831) 1.83633 0.688434 (-0.0787034,0.0974991) (0.128991,0.120403) 0.161615 (2.19308,1.72387) (-0.136458,-0.119504) 0.138042 (2.43544,2.14731) (-0.207958,-0.150953) 0.15251 (-0.69623,-0.578001) (0.137112,0.132971) 0.147877
5.5 (2.10729,1.2555) (0.70209,0.5775) 0.166862 (2.79844,2.7831) 1.83633 0.688337 (-0.0658044,0.10954) (0.12899,0.120405) 0.161615 (2.17943,1.71192) (-0.136456,-0.119507) 0.138042 (2.41464,2.13222) (-0.207989,-0.15091) 0.15251 (-0.682518,-0.564705) (0.137121,0.132961) 0.147877
5.6 (2.17676,1.31263) (0.694693,0.57131) 0.166862 (2.79844,2.7831) 1.83633 0.688247 (-0.0529055,0.12158) (0.12899,0.120405) 0.161615 (2.16579,1.69997) (-0.136458,-0.119504) 0.138042 (2.39384,2.11713) (-0.208004,-0.150889) 0.15251 (-0.668806,-0.551408) (0.137116,0.132967) 0.147877
5.7 (2.24536,1.36904) (0.686047,0.564098) 0.166862 (2.79844,2.7831) 1.83633 0.688158 (-0.040006,0.13362) (0.128995,0.120398) 0.161615 (2.15214,1.68802) (-0.13646,-0.119502) 0.138042 (2.37304,2.10204) (-0.208013,-0.150877) 0.15251 (-0.655094,-0.538112) (0.137118,0.132965) 0.147877
5.8 (2.31298,1.42463) (0.676191,0.555887) 0.166862 (2.79844,2.7831) 1.83633 0.688064 (-0.027107,0.14566) (0.12899,0.120404) 0.161615 (2.13849,1.67607) (-0.136462,-0.119499) 0.138042 (2.35224,2.08696) (-0.208019,-0.150869) 0.15251 (-0.641384,-0.524814) (0.137103,0.13298) 0.147877
5.9 (2.37947,1.47928) (0.66493,0.546489) 0.166862 (2.79844,2.7831) 1.83633 0.687938 (-0.014207,0.1577) (0.129,0.120394) 0.161615 (2.12485,1.66412) (-0.136471,-0.11949) 0.138042 (2.33144,2.07187) (-0.208022,-0.150864) 0.15251 (-0.627672,-0.511517) (0.137117,0.132966) 0.147877
6 (2.43517,1.56122) (0.556991,0.819428) 0.166862 (2.79844,2.7831) 1.83633 0.973803 (-0.00130797,0.16974) (0.12899,0.120404) 0.161615 (2.1112,1.65217) (-0.136464,-0.119497) 0.138042 (2.31064,2.05679) (-0.208028,-0.150856) 0.15251 (-0.61396,-0.498221) (0.13712,0.132963) 0.147877
6.1 (2.47815,1.65046) (0.429727,0.892369) 0.166862 (2.79844,2.7831) 1.83633 1.12201 (0.0115914,0.18178) (0.128994,0.1204) 0.161615 (2.09755,1.64022) (-0.136464,-0.119497) 0.138042 (2.28983,2.0417) (-0.208028,-0.150856) 0.15251 (-0.600248,-0.484925) (0.137122,0.132961) 0.147877
6.2 (2.51171,1.74416) (0.335638,0.937064) 0.166862 (2.79844,2.7831) 1.83633 1.22685 (0.0244902,0.193821) (0.128988,0.120406) 0.161615 (2.08391,1.62827) (-0.136464,-0.119497) 0.138042 (2.26903,2.02661) (-0.208028,-0.150856) 0.15251 (-0.586537,-0.471628) (0.137113,0.132971) 0.147877
6.3 (2.53832,1.84056) (0.266069,0.964013) 0.166862 (2.79844,2.7831) 1.83633 1.3015 (0.0373891,0.205861) (0.128989,0.120406) 0.161615 (2.07026,1.61632) (-0.136464,-0.119497) 0.138042 (2.24823,2.01153) (-0.208028,-0.150856) 0.15251 (-0.572825,-0.458332) (0.13712,0.132963) 0.147877
6.4 (2.56433,1.93482) (0.260109,0.942549) 0.166862 (2.79844,2.7831) 1.83633 1.30154 (0.0502877,0.217902) (0.128986,0.120409) 0.161615 (2.05662,1.60437) (-0.136464,-0.119497) 0.138042 (2.22743,1.99644) (-0.208028,-0.150856) 0.15251 (-0.559114,-0.445034) (0.13711,0.132973) 0.147877
6.5 (2.58774,2.01965) (0.234168,0.848296) 0.166862 (2.79844,2.7831) 1.83633 1.30146 (0.0631869,0.229942) (0.128993,0.120401) 0.161615 (2.04297,1.59242) (-0.136464,-0.119497) 0.138042 (2.20662,1.98136) (-0.208028,-0.150856) 0.15251 (-0.545403,-0.431736) (0.137105,0.132978) 0.147877
6.6 (2.60881,2.09599) (0.21064,0.763447) 0.166862 (2.79844,2.7831) 1.83633 1.30159 (0.0760852,0.241984) (0.128982,0.120412) 0.161615 (2.02932,1.58047) (-0.136464,-0.119497) 0.138042 (2.18582,1.96627) (-0.208028,-0.150856) 0.15251 (-0.531691,-0.41844) (0.13712,0.132963) 0.147877
6.7 (2.62778,2.1647) (0.18967,0.687102) 0.166862 (2.79844,2.7831) 1.83633 1.30146 (0.0889846,0.254024) (0.128994,0.1204) 0.161615 (2.01568,1.56852) (-0.136464,-0.119497) 0.138042 (2.16502,1.95119) (-0.208028,-0.150856) 0.15251 (-0.51798,-0.405143) (0.137115,0.132968) 0.147877
6.8 (2.64484,2.22655) (0.170694,0.618453) 0.166862 (2.79844,2.7831) 1.83633 1.3015 (0.101884,0.266064) (0.128993,0.120401) 0.161615 (2.00203,1.55657) (-0.136464,-0.119497) 0.138042 (2.14421,1.9361) (-0.208028,-0.150856) 0.15251 (-0.504268,-0.391847) (0.137124,0.132959) 0.147877
6.9 (2.66021,2.2822) (0.153626,0.556543) 0.166862 (2.79844,2.7831) 1.83633 1.30147 (0.114783,0.278104) (0.128988,0.120407) 0.161615 (1.98838,1.54462) (-0.136464,-0.119497) 0.138042 (2.12341,1.92102) (-0.208028,-0.150856) 0.15251 (-0.490556,-0.37855) (0.137114,0.132969) 0.147877
7 (2.67403,2.33229) (0.138244,0.500906) 0.166862 (2.79844,2.7831) 1.83633 1.30151 (0.127683,0.290144) (0.128998,0.120396) 0.161615 (1.97474,1.53267) (-0.136464,-0.119497) 0.138042 (2.10261,1.90593) (-0.208028,-0.150856) 0.15251 (-0.476844,-0.365255) (0.137124,0.132959) 0.147877
7.1 (2.68647,2.37737) (0.124422,0.450794) 0.166862 (2.79844,2.7831) 1.83633 1.30149 (0.140582,0.302184) (0.12899,0.120404) 0.161615 (1.96109,1.52072) (-0.136464,-0.119497) 0.138042 (2.08181,1.89084) (-0.208028,-0.150856) 0.15251 (-0.463132,-0.351958) (0.137119,0.132964) 0.147877
