[]
timestamp position0 velocity0 radius0 goal pref_speed theta position1 velocity1 radius1 position2 velocity2 radius2 position3 velocity3 radius3 position4 velocity4 radius4 position5 velocity5 radius5 position6 velocity6 radius6
0 (-1.88802,-1.60726) (0,0) 0.15004 (2.79844,2.7831) 1.59244 0 (-0.67255,-0.673071) (0,0) 0.21977 (2.69155,2.50232) (0,0) 0.188879 (3.32319,3.12227) (0,0) 0.145044 (-1.23234,-1.01537) (0,0) 0.139919
0.1 (-1.88486,-1.60191) (0.0316335,0.0535088) 0.15004 (2.79844,2.7831) 1.59244 1.03688 (-0.65149,-0.652103) (0.210596,0.209678) 0.21977 (2.6803,2.4921) (-0.112523,-0.102204) 0.188879 (3.31672,3.121) (-0.0647709,-0.0126875) 0.145044 (-1.24079,-0.995856) (-0.0845519,0.195104) 0.139919
0.2 (-1.85855,-1.58741) (0.263069,0.145066) 0.15004 (2.79844,2.7831) 1.59244 0.503948 (-0.630433,-0.631134) (0.210575,0.209699) 0.21977 (2.66904,2.48188) (-0.112531,-0.102196) 0.188879 (3.30737,3.11246) (-0.0934664,-0.0853895) 0.145044 (-1.2319,-0.974006) (0.088944,0.218499) 0.139919
0.3 (-1.82105,-1.5659) (0.375027,0.21506) 0.15004 (2.79844,2.7831) 1.59244 0.52067 (-0.609373,-0.610166) (0.2106,0.209674) 0.21977 (2.65779,2.47166) (-0.112523,-0.102204) 0.188879 (3.29802,3.10393) (-0.0934689,-0.0853869) 0.145044 (-1.21497,-0.957581) (0.169332,0.164254) 0.139919
0.4 (-1.76783,-1.54407) (0.532122,0.21829) 0.15004 (2.79844,2.7831) 1.59244 0.38929 (-0.588314,-0.589198) (0.210592,0.209682) 0.21977 (2.64654,2.46144) (-0.112521,-0.102207) 0.188879 (3.28868,3.09539) (-0.093463,-0.0853933) 0.145044 (-1.19781,-0.941392) (0.171594,0.16189) 0.139919
0.5 (-1.69422,-1.5062) (0.736174,0.378663) 0.15004 (2.79844,2.7831) 1.59244 0.475074 (-0.567254,-0.56823) (0.210592,0.209681) 0.21977 (2.63529,2.45122) (-0.112524,-0.102204) 0.188879 (3.27933,3.08685) (-0.0934681,-0.0853877) 0.145044 (-1.18065,-0.925202) (0.171591,0.161893) 0.139919
0.6 (-1.61047,-1.45999) (0.837471,0.462092) 0.15004 (2.79844,2.7831) 1.59244 0.504202 (-0.546195,-0.547262) (0.210595,0.209679) 0.21977 (2.62404,2.44099) (-0.112517,-0.102211) 0.188879 (3.26998,3.07831) (-0.093467,-0.085389) 0.145044 (-1.16349,-0.909012) (0.171579,0.161906) 0.139919
0.7 (-1.52745,-1.41233) (0.830149,0.476678) 0.15004 (2.79844,2.7831) 1.59244 0.521238 (-0.525136,-0.526293) (0.210585,0.209688) 0.21977 (2.61278,2.43077) (-0.112527,-0.1022) 0.188879 (3.26064,3.06977) (-0.0934668,-0.0853891) 0.145044 (-1.14633,-0.892822) (0.171592,0.161892) 0.139919
0.8 (-1.44489,-1.36386) (0.825598,0.484668) 0.15004 (2.79844,2.7831) 1.59244 0.530844 (-0.504078,-0.505324) (0.210587,0.209686) 0.21977 (2.60153,2.42055) (-0.112525,-0.102203) 0.188879 (3.25129,3.06123) (-0.093469,-0.0853867) 0.145044 (-1.12917,-0.876633) (0.171589,0.161895) 0.139919
0.9 (-1.36263,-1.31495) (0.822617,0.489053) 0.15004 (2.79844,2.7831) 1.59244 0.536372 (-0.483019,-0.484356) (0.210586,0.209688) 0.21977 (2.59028,2.41033) (-0.112531,-0.102196) 0.188879 (3.24194,3.05269) (-0.0934662,-0.0853898) 0.145044 (-1.11201,-0.860444) (0.171591,0.161893) 0.139919
1 (-1.28059,-1.26582) (0.820417,0.49138) 0.15004 (2.79844,2.7831) 1.59244 0.539639 (-0.461961,-0.463387) (0.210583,0.209691) 0.21977 (2.57902,2.40011) (-0.112526,-0.102201) 0.188879 (3.2326,3.04415) (-0.0934622,-0.0853942) 0.145044 (-1.09485,-0.844254) (0.171592,0.161891) 0.139919
1.1 (-1.19872,-1.21656) (0.818741,0.492597) 0.15004 (2.79844,2.7831) 1.59244 0.541633 (-0.440902,-0.442417) (0.210582,0.209692) 0.21977 (2.56777,2.38989) (-0.112516,-0.102212) 0.188879 (3.22325,3.03561) (-0.0934664,-0.0853896) 0.145044 (-1.07769,-0.828065) (0.171587,0.161897) 0.139919
1.2 (-1.117,-1.16725) (0.81718,0.493103) 0.15004 (2.79844,2.7831) 1.59244 0.54293 (-0.419845,-0.421447) (0.210572,0.209701) 0.21977 (2.55652,2.37967) (-0.112522,-0.102206) 0.188879 (3.2139,3.02707) (-0.093464,-0.0853922) 0.145044 (-1.06053,-0.811877) (0.171606,0.161877) 0.139919
1.3 (-1.03541,-1.11792) (0.815899,0.4933) 0.15004 (2.79844,2.7831) 1.59244 0.543802 (-0.398787,-0.400478) (0.210583,0.209691) 0.21977 (2.54527,2.36945) (-0.112517,-0.102212) 0.188879 (3.20456,3.01853) (-0.0934623,-0.0853941) 0.145044 (-1.04337,-0.795688) (0.171596,0.161888) 0.139919
1.4 (-0.953962,-1.06859) (0.814479,0.49323) 0.15004 (2.79844,2.7831) 1.59244 0.54451 (-0.377729,-0.379509) (0.210578,0.209695) 0.21977 (2.53402,2.35923) (-0.112524,-0.102203) 0.188879 (3.19521,3.01) (-0.0934697,-0.0853859) 0.145044 (-1.02622,-0.779498) (0.171586,0.161898) 0.139919
1.5 (-0.872637,-1.01926) (0.813249,0.493289) 0.15004 (2.79844,2.7831) 1.59244 0.545233 (-0.356671,-0.35854) (0.210584,0.20969) 0.21977 (2.52276,2.34901) (-0.112525,-0.102203) 0.188879 (3.18586,3.00146) (-0.0934663,-0.0853897) 0.145044 (-1.00906,-0.76331) (0.171604,0.161879) 0.139919
1.6 (-0.792215,-0.969962) (0.804222,0.49303) 0.15004 (2.79844,2.7831) 1.59244 0.549961 (-0.335612,-0.337571) (0.210584,0.209689) 0.21977 (2.51151,2.33879) (-0.112518,-0.10221) 0.188879 (3.17652,2.99292) (-0.0934635,-0.0853928) 0.145044 (-0.991897,-0.747121) (0.171585,0.161899) 0.139919
1.7 (-0.712005,-0.920537) (0.802093,0.494251) 0.15004 (2.79844,2.7831) 1.59244 0.552247 (-0.314554,-0.316602) (0.210582,0.209692) 0.21977 (2.50026,2.32857) (-0.112523,-0.102205) 0.188879 (3.16717,2.98438) (-0.0934673,-0.0853887) 0.145044 (-0.974739,-0.730931) (0.171584,0.1619) 0.139919
1.8 (-0.631989,-0.871081) (0.800158,0.49456) 0.15004 (2.79844,2.7831) 1.59244 0.553605 (-0.293495,-0.295633) (0.210586,0.209687) 0.21977 (2.48901,2.31835) (-0.112527,-0.1022) 0.188879 (3.15782,2.97584) (-0.0934647,-0.0853915) 0.145044 (-0.95758,-0.714741) (0.171586,0.161898) 0.139919
1.9 (-0.552151,-0.821642) (0.798385,0.494392) 0.15004 (2.79844,2.7831) 1.59244 0.554447 (-0.272438,-0.274663) (0.210577,0.209696) 0.21977 (2.47776,2.30813) (-0.112524,-0.102204) 0.188879 (3.14848,2.9673) (-0.0934711,-0.0853844) 0.145044 (-0.94042,-0.698552) (0.1716,0.161884) 0.139919
2 (-0.472484,-0.772246) (0.796667,0.493958) 0.15004 (2.79844,2.7831) 1.59244 0.555019 (-0.25138,-0.253693) (0.210573,0.209701) 0.21977 (2.4665,2.29791) (-0.112523,-0.102205) 0.188879 (3.13913,2.95876) (-0.0934681,-0.0853877) 0.145044 (-0.923261,-0.682363) (0.171589,0.161895) 0.139919
2.1 (-0.392994,-0.722912) (0.794907,0.493338) 0.15004 (2.79844,2.7831) 1.59244 0.555446 (-0.230321,-0.232725) (0.210591,0.209683) 0.21977 (2.45525,2.28769) (-0.112521,-0.102207) 0.188879 (3.12978,2.95022) (-0.0934695,-0.0853862) 0.145044 (-0.906101,-0.666175) (0.171602,0.161882) 0.139919
2.2 (-0.313681,-0.673653) (0.793123,0.492594) 0.15004 (2.79844,2.7831) 1.59244 0.555777 (-0.209263,-0.211756) (0.210586,0.209688) 0.21977 (2.444,2.27747) (-0.112525,-0.102202) 0.188879 (3.12044,2.94168) (-0.0934679,-0.0853879) 0.145044 (-0.888943,-0.649984) (0.17158,0.161905) 0.139919
2.3 (-0.234551,-0.624474) (0.791304,0.49179) 0.15004 (2.79844,2.7831) 1.59244 0.556073 (-0.188203,-0.190788) (0.210592,0.209681) 0.21977 (2.43275,2.26725) (-0.112528,-0.102199) 0.188879 (3.11109,2.93315) (-0.0934666,-0.0853894) 0.145044 (-0.871783,-0.633796) (0.171602,0.161881) 0.139919
2.4 (-0.155627,-0.57539) (0.789242,0.490832) 0.15004 (2.79844,2.7831) 1.59244 0.55637 (-0.167143,-0.169821) (0.2106,0.209674) 0.21977 (2.42149,2.25703) (-0.112519,-0.102209) 0.188879 (3.10174,2.92461) (-0.0934669,-0.0853891) 0.145044 (-0.854623,-0.617607) (0.171595,0.161889) 0.139919
2.5 (-0.0768935,-0.526398) (0.787331,0.489927) 0.15004 (2.79844,2.7831) 1.59244 0.556629 (-0.146085,-0.148852) (0.210585,0.209689) 0.21977 (2.41024,2.24681) (-0.112516,-0.102212) 0.188879 (3.0924,2.91607) (-0.0934658,-0.0853903) 0.145044 (-0.837464,-0.601418) (0.171591,0.161893) 0.139919
2.6 (0.00162272,-0.477507) (0.785163,0.48891) 0.15004 (2.79844,2.7831) 1.59244 0.556934 (-0.125026,-0.127884) (0.210593,0.209681) 0.21977 (2.39899,2.23658) (-0.112514,-0.102215) 0.188879 (3.08305,2.90753) (-0.0934708,-0.0853848) 0.145044 (-0.820305,-0.585229) (0.171595,0.161889) 0.139919
2.7 (0.0799115,-0.428723) (0.782888,0.487837) 0.15004 (2.79844,2.7831) 1.59244 0.55725 (-0.103967,-0.106915) (0.210585,0.209688) 0.21977 (2.38774,2.22636) (-0.112516,-0.102213) 0.188879 (3.0737,2.89899) (-0.0934648,-0.0853913) 0.145044 (-0.803144,-0.569041) (0.171603,0.16188) 0.139919
2.8 (0.159047,-0.374293) (0.791355,0.544297) 0.15004 (2.79844,2.7831) 1.59244 0.602494 (-0.0829077,-0.0859469) (0.210594,0.209679) 0.21977 (2.37649,2.21614) (-0.112521,-0.102206) 0.188879 (3.06436,2.89045) (-0.0934651,-0.085391) 0.145044 (-0.785985,-0.552852) (0.171596,0.161888) 0.139919
2.9 (0.236041,-0.311001) (0.769944,0.632925) 0.15004 (2.79844,2.7831) 1.59244 0.688037 (-0.06185,-0.0649772) (0.210577,0.209697) 0.21977 (2.36523,2.20592) (-0.112525,-0.102203) 0.188879 (3.05501,2.88191) (-0.0934629,-0.0853934) 0.145044 (-0.768825,-0.536663) (0.171594,0.161889) 0.139919
3 (0.310206,-0.244769) (0.741647,0.662319) 0.15004 (2.79844,2.7831) 1.59244 0.728956 (-0.0407911,-0.0440087) (0.210589,0.209685) 0.21977 (2.35398,2.1957) (-0.112527,-0.1022) 0.188879 (3.04566,2.87337) (-0.0934666,-0.0853893) 0.145044 (-0.751666,-0.520475) (0.171595,0.161889) 0.139919
3.1 (0.38288,-0.177037) (0.72674,0.677314) 0.15004 (2.79844,2.7831) 1.59244 0.75021 (-0.0197322,-0.0230402) (0.210589,0.209685) 0.21977 (2.34273,2.18548) (-0.112524,-0.102204) 0.188879 (3.03632,2.86483) (-0.0934698,-0.0853858) 0.145044 (-0.734506,-0.504286) (0.171594,0.161889) 0.139919
3.2 (0.454769,-0.10854) (0.718888,0.684973) 0.15004 (2.79844,2.7831) 1.59244 0.761245 (0.00132524,-0.00207032) (0.210575,0.209699) 0.21977 (2.33148,2.17526) (-0.112514,-0.102214) 0.188879 (3.02697,2.8563) (-0.0934649,-0.0853912) 0.145044 (-0.717347,-0.488097) (0.171596,0.161888) 0.139919
3.3 (0.526243,-0.0396524) (0.71474,0.688876) 0.15004 (2.79844,2.7831) 1.59244 0.766974 (0.0223848,0.0188975) (0.210595,0.209679) 0.21977 (2.32023,2.16504) (-0.112524,-0.102203) 0.188879 (3.01762,2.84776) (-0.0934691,-0.0853866) 0.145044 (-0.700187,-0.471908) (0.171594,0.16189) 0.139919
3.4 (0.597474,0.0294129) (0.712308,0.690653) 0.15004 (2.79844,2.7831) 1.59244 0.769964 (0.0434422,0.0398675) (0.210575,0.209699) 0.21977 (2.30897,2.15482) (-0.112526,-0.102202) 0.188879 (3.00828,2.83922) (-0.0934618,-0.0853946) 0.145044 (-0.683029,-0.455717) (0.171579,0.161905) 0.139919
3.5 (0.66857,0.0985636) (0.710965,0.691507) 0.15004 (2.79844,2.7831) 1.59244 0.771525 (0.0645011,0.060836) (0.210588,0.209685) 0.21977 (2.29772,2.1446) (-0.112519,-0.102209) 0.188879 (2.99893,2.83068) (-0.0934658,-0.0853902) 0.145044 (-0.665871,-0.439528) (0.171586,0.161898) 0.139919
3.6 (0.739578,0.167741) (0.710083,0.691771) 0.15004 (2.79844,2.7831) 1.59244 0.772336 (0.085559,0.0818055) (0.210579,0.209695) 0.21977 (2.28647,2.13438) (-0.112528,-0.102199) 0.188879 (2.98958,2.82214) (-0.0934691,-0.0853866) 0.145044 (-0.648711,-0.423339) (0.171599,0.161884) 0.139919
3.7 (0.810519,0.236912) (0.709407,0.691711) 0.15004 (2.79844,2.7831) 1.59244 0.772769 (0.106617,0.102774) (0.210584,0.20969) 0.21977 (2.27522,2.12416) (-0.112523,-0.102205) 0.188879 (2.98024,2.8136) (-0.0934609,-0.0853956) 0.145044 (-0.631551,-0.40715) (0.171595,0.161889) 0.139919
3.8 (0.881405,0.30606) (0.708856,0.691484) 0.15004 (2.79844,2.7831) 1.59244 0.772994 (0.127675,0.123744) (0.210575,0.209699) 0.21977 (2.26396,2.11394) (-0.112526,-0.102202) 0.188879 (2.97089,2.80506) (-0.0934685,-0.0853873) 0.145044 (-0.614392,-0.390961) (0.171591,0.161893) 0.139919
3.9 (0.952244,0.37518) (0.708389,0.691197) 0.15004 (2.79844,2.7831) 1.59244 0.773115 (0.148733,0.144713) (0.210586,0.209688) 0.21977 (2.25271,2.10372) (-0.112514,-0.102214) 0.188879 (2.96154,2.79652) (-0.0934701,-0.0853855) 0.145044 (-0.597233,-0.374771) (0.171588,0.161897) 0.139919
4 (1.02303,0.444257) (0.70787,0.690769) 0.15004 (2.79844,2.7831) 1.59244 0.773172 (0.169793,0.165681) (0.210595,0.209678) 0.21977 (2.24146,2.0935) (-0.112531,-0.102195) 0.188879 (2.9522,2.78798) (-0.0934676,-0.0853882) 0.145044 (-0.580074,-0.358582) (0.171593,0.161891) 0.139919
4.1 (1.09376,0.513286) (0.707313,0.690288) 0.15004 (2.79844,2.7831) 1.59244 0.773217 (0.190851,0.18665) (0.210582,0.209692) 0.21977 (2.23021,2.08328) (-0.112523,-0.102205) 0.188879 (2.94285,2.77944) (-0.0934639,-0.0853924) 0.145044 (-0.562915,-0.342393) (0.171589,0.161895) 0.139919
4.2 (1.16443,0.582256) (0.706692,0.689708) 0.15004 (2.79844,2.7831) 1.59244 0.773236 (0.21191,0.207619) (0.210589,0.209685) 0.21977 (2.21895,2.07306) (-0.112529,-0.102198) 0.188879 (2.9335,2.77091) (-0.0934608,-0.0853957) 0.145044 (-0.545756,-0.326203) (0.171592,0.161892) 0.139919
4.3 (1.23504,0.651171) (0.706092,0.689146) 0.15004 (2.79844,2.7831) 1.59244 0.773253 (0.232969,0.228587) (0.210593,0.209681) 0.21977 (2.2077,2.06284) (-0.112523,-0.102204) 0.188879 (2.92416,2.76237) (-0.0934579,-0.0853988) 0.145044 (-0.528597,-0.310014) (0.171586,0.161898) 0.139919
4.4 (1.30558,0.720021) (0.705418,0.688498) 0.15004 (2.79844,2.7831) 1.59244 0.77326 (0.254029,0.249554) (0.210598,0.209676) 0.21977 (2.19645,2.05262) (-0.112528,-0.102199) 0.188879 (2.91481,2.75383) (-0.0934642,-0.0853919) 0.145044 (-0.511438,-0.293825) (0.171595,0.161889) 0.139919
4.5 (1.37604,0.788788) (0.704559,0.687675) 0.15004 (2.79844,2.7831) 1.59244 0.773272 (0.275039,0.270572) (0.210103,0.210172) 0.21977 (2.1852,2.0424) (-0.112452,-0.102133) 0.188879 (2.90546,2.74529) (-0.0934686,-0.0853872) 0.145044 (-0.494279,-0.277635) (0.171588,0.161897) 0.139919
4.6 (1.44641,0.857478) (0.703755,0.686898) 0.15004 (2.79844,2.7831) 1.59244 0.773277 (0.294463,0.293063) (0.194235,0.224918) 0.21977 (2.17428,2.0325) (-0.109222,-0.0990096) 0.188879 (2.89612,2.73675) (-0.0934627,-0.0853936) 0.145044 (-0.47712,-0.261446) (0.171594,0.16189) 0.139919
4.7 (1.51669,0.926069) (0.702731,0.685908) 0.15004 (2.79844,2.7831) 1.59244 0.773284 (0.313494,0.315888) (0.190308,0.228251) 0.21977 (2.16357,2.02281) (-0.10708,-0.096939) 0.188879 (2.88677,2.72821) (-0.0934723,-0.0853831) 0.145044 (-0.459961,-0.245257) (0.171589,0.161896) 0.139919
4.8 (1.58685,0.994558) (0.701682,0.684894) 0.15004 (2.79844,2.7831) 1.59244 0.773291 (0.332066,0.339088) (0.185724,0.231996) 0.21977 (2.15317,2.01341) (-0.103996,-0.0939576) 0.188879 (2.87742,2.71967) (-0.0934615,-0.085395) 0.145044 (-0.442802,-0.229067) (0.17159,0.161894) 0.139919
4.9 (1.65689,1.06292) (0.700361,0.683617) 0.15004 (2.79844,2.7831) 1.59244 0.7733 (0.350266,0.362581) (0.182001,0.234928) 0.21977 (2.14308,2.00431) (-0.100973,-0.0910355) 0.188879 (2.86808,2.71113) (-0.0934731,-0.0853822) 0.145044 (-0.425642,-0.212878) (0.171596,0.161887) 0.139919
5 (1.72678,1.13114) (0.698941,0.682244) 0.15004 (2.79844,2.7831) 1.59244 0.77331 (0.368153,0.386313) (0.178872,0.237319) 0.21977 (2.13328,1.99549) (-0.0980096,-0.0881709) 0.188879 (2.85873,2.70259) (-0.0934668,-0.0853892) 0.145044 (-0.408483,-0.19669) (0.171596,0.161887) 0.139919
5.1 (1.79651,1.19921) (0.697282,0.68064) 0.15004 (2.79844,2.7831) 1.59244 0.773321 (0.385775,0.410243) (0.176214,0.239299) 0.21977 (2.12376,1.98695) (-0.0951228,-0.0853801) 0.188879 (2.84938,2.69405) (-0.0934662,-0.0853898) 0.145044 (-0.391322,-0.180502) (0.171606,0.161877) 0.139919
5.2 (1.86605,1.26709) (0.695353,0.678776) 0.15004 (2.79844,2.7831) 1.59244 0.773335 (0.403169,0.434338) (0.173948,0.240951) 0.21977 (2.11453,1.97869) (-0.0923233,-0.0826739) 0.188879 (2.84004,2.68551) (-0.0934652,-0.0853909) 0.145044 (-0.374162,-0.164313) (0.171597,0.161887) 0.139919
5.3 (1.93536,1.33475) (0.693114,0.676611) 0.15004 (2.79844,2.7831) 1.59244 0.77335 (0.420372,0.458571) (0.172021,0.242331) 0.21977 (2.10557,1.97068) (-0.0896208,-0.0800613) 0.188879 (2.83069,2.67698) (-0.093468,-0.0853878) 0.145044 (-0.357003,-0.148124) (0.171589,0.161895) 0.139919
5.4 (2.00442,1.40217) (0.690653,0.674232) 0.15004 (2.79844,2.7831) 1.59244 0.773368 (0.437411,0.482919) (0.170394,0.243477) 0.21977 (2.09687,1.96293) (-0.087026,-0.077553) 0.188879 (2.82134,2.66844) (-0.0934659,-0.0853901) 0.145044 (-0.339846,-0.131933) (0.171577,0.161907) 0.139919
5.5 (2.07319,1.4693) (0.687631,0.671311) 0.15004 (2.79844,2.7831) 1.59244 0.773389 (0.454315,0.50736) (0.169041,0.244419) 0.21977 (2.08841,1.95541) (-0.0845527,-0.0751619) 0.188879 (2.812,2.6599) (-0.0934696,-0.0853861) 0.145044 (-0.322687,-0.115743) (0.171584,0.161901) 0.139919
5.6 (2.14159,1.53608) (0.684023,0.667823) 0.15004 (2.79844,2.7831) 1.59244 0.773415 (0.471109,0.531878) (0.167941,0.245176) 0.21977 (2.08019,1.94812) (-0.0822211,-0.0729081) 0.188879 (2.80265,2.65136) (-0.0934717,-0.0853838) 0.145044 (-0.305529,-0.0995524) (0.171578,0.161906) 0.139919
5.7 (2.20957,1.60246) (0.679776,0.663717) 0.15004 (2.79844,2.7831) 1.59244 0.773446 (0.487817,0.556454) (0.167083,0.245762) 0.21977 (2.07218,1.94104) (-0.080063,-0.0708217) 0.188879 (2.7933,2.64282) (-0.0934648,-0.0853914) 0.145044 (-0.28837,-0.0833636) (0.171595,0.161888) 0.139919
5.8 (2.27703,1.66833) (0.674622,0.658735) 0.15004 (2.79844,2.7831) 1.59244 0.773483 (0.504463,0.581073) (0.166456,0.246186) 0.21977 (2.06437,1.93414) (-0.0781338,-0.0689564) 0.188879 (2.78396,2.63428) (-0.0934639,-0.0853923) 0.145044 (-0.27121,-0.067175) (0.171598,0.161886) 0.139919
5.9 (2.34387,1.7336) (0.668372,0.652692) 0.15004 (2.79844,2.7831) 1.59244 0.77353 (0.521069,0.605718) (0.16606,0.246454) 0.21977 (2.05671,1.9274) (-0.0765483,-0.0674239) 0.188879 (2.77461,2.62574) (-0.0934631,-0.0853932) 0.145044 (-0.254051,-0.0509854) (0.171588,0.161897) 0.139919
6 (2.40937,1.80124) (0.655053,0.67646) 0.15004 (2.79844,2.7831) 1.59244 0.801473 (0.537659,0.630374) (0.165901,0.246561) 0.21977 (2.04599,1.91663) (-0.107251,-0.107724) 0.188879 (2.76526,2.6172) (-0.0934702,-0.0853854) 0.145044 (-0.236892,-0.034796) (0.17159,0.161894) 0.139919
6.1 (2.47314,1.86917) (0.637698,0.679294) 0.15004 (2.79844,2.7831) 1.59244 0.816972 (0.554254,0.655027) (0.165949,0.246529) 0.21977 (2.03526,1.90586) (-0.107292,-0.107683) 0.188879 (2.75592,2.60866) (-0.0934666,-0.0853894) 0.145044 (-0.219734,-0.0186056) (0.17158,0.161904) 0.139919
6.2 (2.53357,1.93472) (0.604232,0.655485) 0.15004 (2.79844,2.7831) 1.59244 0.826062 (0.570849,0.67968) (0.165949,0.246529) 0.21977 (2.02453,1.89509) (-0.107292,-0.107683) 0.188879 (2.74657,2.60013) (-0.0934616,-0.0853948) 0.145044 (-0.202575,-0.00241652) (0.171593,0.161891) 0.139919
6.3 (2.58762,1.99409) (0.540563,0.593722) 0.15004 (2.79844,2.7831) 1.59244 0.83223 (0.587444,0.704333) (0.165949,0.246529) 0.21977 (2.0138,1.88432) (-0.107292,-0.107683) 0.188879 (2.73722,2.59159) (-0.0934631,-0.0853932) 0.145044 (-0.185416,0.0137733) (0.171586,0.161898) 0.139919
6.4 (2.63604,2.04778) (0.48422,0.536825) 0.15004 (2.79844,2.7831) 1.59244 0.836873 (0.604039,0.728986) (0.165949,0.246529) 0.21977 (2.00307,1.87355) (-0.107292,-0.107683) 0.188879 (2.72788,2.58305) (-0.0934688,-0.0853869) 0.145044 (-0.168258,0.0299631) (0.171586,0.161898) 0.139919
6.5 (2.67946,2.09627) (0.434128,0.484937) 0.15004 (2.79844,2.7831) 1.59244 0.840625 (0.620634,0.753639) (0.165949,0.246529) 0.21977 (1.99234,1.86278) (-0.107292,-0.107683) 0.188879 (2.71853,2.57451) (-0.0934601,-0.0853965) 0.145044 (-0.151099,0.0461526) (0.171589,0.161895) 0.139919
6.6 (2.71841,2.14006) (0.389486,0.437921) 0.15004 (2.79844,2.7831) 1.59244 0.843869 (0.637228,0.778292) (0.165949,0.246529) 0.21977 (1.98161,1.85202) (-0.107292,-0.107683) 0.188879 (2.70919,2.56597) (-0.0934595,-0.0853972) 0.145044 (-0.133939,0.0623415) (0.171595,0.161889) 0.139919
6.7 (2.75335,2.17959) (0.349469,0.395327) 0.15004 (2.79844,2.7831) 1.59244 0.846891 (0.653823,0.802945) (0.165949,0.246529) 0.21977 (1.97088,1.84125) (-0.107292,-0.107683) 0.188879 (2.69984,2.55743) (-0.0934629,-0.0853934) 0.145044 (-0.11678,0.0785306) (0.171593,0.161891) 0.139919
6.8 (2.7847,2.21528) (0.313521,0.356805) 0.15004 (2.79844,2.7831) 1.59244 0.84988 (0.670418,0.827597) (0.165949,0.246529) 0.21977 (1.96015,1.83048) (-0.107292,-0.107683) 0.188879 (2.69049,2.54889) (-0.0934647,-0.0853914) 0.145044 (-0.099622,0.094721) (0.171581,0.161903) 0.139919
6.9 (2.81283,2.24748) (0.281213,0.322034) 0.15004 (2.79844,2.7831) 1.59244 0.852964 (0.687013,0.85225) (0.165949,0.246529) 0.21977 (1.94943,1.81971) (-0.107292,-0.107683) 0.188879 (2.68115,2.54035) (-0.0934655,-0.0853906) 0.145044 (-0.0824627,0.11091) (0.171593,0.161891) 0.139919
7 (2.83805,2.27655) (0.252199,0.290725) 0.15004 (2.79844,2.7831) 1.59244 0.856239 (0.703608,0.876903) (0.165949,0.246529) 0.21977 (1.9387,1.80894) (-0.107292,-0.107683) 0.188879 (2.6718,2.53181) (-0.0934676,-0.0853883) 0.145044 (-0.0653035,0.127099) (0.171592,0.161891) 0.139919
7.1 (2.86067,2.30282) (0.226203,0.262644) 0.15004 (2.79844,2.7831) 1.59244 0.859807 (0.720203,0.901556) (0.165949,0.246529) 0.21977 (1.92797,1.79817) (-0.107292,-0.107683) 0.188879 (2.66245,2.52327) (-0.0934647,-0.0853914) 0.145044 (-0.0481441,0.143288) (0.171594,0.16189) 0.139919
7.2 (2.88094,2.32656) (0.202789,0.23742) 0.15004 (2.79844,2.7831) 1.59244 0.863907 (0.736798,0.926209) (0.165949,0.246529) 0.21977 (1.91724,1.78741) (-0.107292,-0.107683) 0.188879 (2.65311,2.51473) (-0.093463,-0.0853933) 0.145044 (-0.0309845,0.159477) (0.171596,0.161887) 0.139919
7.3 (2.89975,2.35218) (0.188048,0.256177) 0.15004 (2.79844,2.7831) 1.59244 0.937577 (0.753393,0.950862) (0.165949,0.246529) 0.21977 (1.90651,1.77664) (-0.107292,-0.107683) 0.188879 (2.64376,2.50619) (-0.0934692,-0.0853865) 0.145044 (-0.0138239,0.175665) (0.171606,0.161877) 0.139919
7.4 (2.91441,2.38523) (0.146566,0.330537) 0.15004 (2.79844,2.7831) 1.59244 1.15343 (0.769988,0.975515) (0.165949,0.246529) 0.21977 (1.89578,1.76587) (-0.107292,-0.107683) 0.188879 (2.63441,2.49766) (-0.0934706,-0.085385) 0.145044 (0.00333495,0.191854) (0.171588,0.161896) 0.139919
