[]
timestamp position0 velocity0 radius0 goal pref_speed theta position1 velocity1 radius1 position2 velocity2 radius2 position3 velocity3 radius3 position4 velocity4 radius4 position5 velocity5 radius5 position6 velocity6 radius6
0 (-1.74116,-1.91316) (0,0) 0.184098 (2.79844,2.7831) 1.88357 0 (-0.564245,-0.583809) (0,0) 0.198879 (2.15178,2.5995) (0,0) 0.121582 (2.78744,3.2622) (0,0) 0.170332 (-1.12827,-1.4084) (0,0) 0.216396
0.1 (-1.74532,-1.90192) (-0.0415666,0.112368) 0.184098 (2.79844,2.7831) 1.88357 1.9251 (-0.555354,-0.574906) (0.0889194,0.0890311) 0.198879 (2.13242,2.57904) (-0.193648,-0.204653) 0.121582 (2.78408,3.25675) (-0.0336235,-0.0545411) 0.170332 (-1.11208,-1.4124) (0.161867,-0.039992) 0.216396
0.2 (-1.73979,-1.87224) (0.0552291,0.296758) 0.184098 (2.79844,2.7831) 1.88357 1.38679 (-0.546462,-0.566002) (0.0889154,0.0890352) 0.198879 (2.11305,2.55857) (-0.193649,-0.204653) 0.121582 (2.77017,3.23714) (-0.139079,-0.196121) 0.170332 (-1.08368,-1.40709) (0.283977,0.0530682) 0.216396
0.3 (-1.72995,-1.81242) (0.0983912,0.598208) 0.184098 (2.79844,2.7831) 1.88357 1.40778 (-0.53757,-0.557099) (0.088915,0.0890355) 0.198879 (2.09369,2.53811) (-0.19364,-0.204662) 0.121582 (2.75239,3.21812) (-0.177852,-0.190211) 0.170332 (-1.05739,-1.39512) (0.262914,0.119732) 0.216396
0.4 (-1.70032,-1.74398) (0.296384,0.684416) 0.184098 (2.79844,2.7831) 1.88357 1.16213 (-0.528679,-0.548195) (0.0889177,0.0890328) 0.198879 (2.07433,2.51764) (-0.193642,-0.204659) 0.121582 (2.7346,3.1991) (-0.177856,-0.190207) 0.170332 (-1.03276,-1.38002) (0.246313,0.150961) 0.216396
0.5 (-1.65935,-1.66894) (0.409673,0.75036) 0.184098 (2.79844,2.7831) 1.88357 1.07105 (-0.519787,-0.539292) (0.0889151,0.0890354) 0.198879 (2.05496,2.49718) (-0.193657,-0.204645) 0.121582 (2.71682,3.18007) (-0.177848,-0.190215) 0.170332 (-1.00911,-1.36343) (0.236477,0.165946) 0.216396
0.6 (-1.60918,-1.5857) (0.501648,0.832442) 0.184098 (2.79844,2.7831) 1.88357 1.02845 (-0.510895,-0.530389) (0.0889193,0.0890312) 0.198879 (2.03559,2.47671) (-0.193659,-0.204643) 0.121582 (2.69903,3.16105) (-0.177853,-0.190211) 0.170332 (-0.985996,-1.3461) (0.231178,0.173252) 0.216396
0.7 (-1.55743,-1.50346) (0.517593,0.822371) 0.184098 (2.79844,2.7831) 1.88357 1.00905 (-0.502003,-0.521486) (0.0889188,0.0890317) 0.198879 (2.01623,2.45625) (-0.193655,-0.204648) 0.121582 (2.68125,3.14203) (-0.177839,-0.190223) 0.170332 (-0.96315,-1.32842) (0.228457,0.176824) 0.216396
0.8 (-1.50485,-1.4218) (0.525786,0.816598) 0.184098 (2.79844,2.7831) 1.88357 0.998739 (-0.493111,-0.512583) (0.0889275,0.089023) 0.198879 (1.99686,2.43578) (-0.193649,-0.204653) 0.121582 (2.66346,3.12301) (-0.177852,-0.190211) 0.170332 (-0.940441,-1.31056) (0.227088,0.178579) 0.216396
0.9 (-1.45184,-1.34047) (0.530023,0.813306) 0.184098 (2.79844,2.7831) 1.88357 0.993235 (-0.484218,-0.503681) (0.0889231,0.0890275) 0.198879 (1.9775,2.41532) (-0.193655,-0.204648) 0.121582 (2.64567,3.10399) (-0.177866,-0.190198) 0.170332 (-0.917802,-1.29262) (0.226394,0.179458) 0.216396
1 (-1.39864,-1.25936) (0.532042,0.811154) 0.184098 (2.79844,2.7831) 1.88357 0.99028 (-0.475326,-0.494777) (0.0889188,0.0890317) 0.198879 (1.95813,2.39485) (-0.193656,-0.204647) 0.121582 (2.62789,3.08497) (-0.177849,-0.190214) 0.170332 (-0.895198,-1.27463) (0.226036,0.179909) 0.216396
1.1 (-1.34535,-1.17839) (0.532927,0.809682) 0.184098 (2.79844,2.7831) 1.88357 0.988683 (-0.466435,-0.485874) (0.0889128,0.0890377) 0.198879 (1.93877,2.37439) (-0.193634,-0.204667) 0.121582 (2.61011,3.06595) (-0.177849,-0.190214) 0.170332 (-0.872613,-1.25661) (0.225851,0.180141) 0.216396
1.2 (-1.29203,-1.09754) (0.533128,0.808447) 0.184098 (2.79844,2.7831) 1.88357 0.987808 (-0.457543,-0.476971) (0.0889206,0.0890299) 0.198879 (1.91941,2.35392) (-0.193645,-0.204657) 0.121582 (2.59232,3.04693) (-0.177851,-0.190212) 0.170332 (-0.850038,-1.23859) (0.225754,0.180262) 0.216396
1.3 (-1.23873,-1.0168) (0.533006,0.80739) 0.184098 (2.79844,2.7831) 1.88357 0.987312 (-0.448651,-0.468067) (0.0889177,0.0890328) 0.198879 (1.90004,2.33346) (-0.193649,-0.204653) 0.121582 (2.57454,3.0279) (-0.177845,-0.190217) 0.170332 (-0.827467,-1.22055) (0.225708,0.18032) 0.216396
1.4 (-1.18546,-0.936162) (0.532702,0.806433) 0.184098 (2.79844,2.7831) 1.88357 0.987029 (-0.439759,-0.459165) (0.0889227,0.0890278) 0.198879 (1.88068,2.31299) (-0.193641,-0.20466) 0.121582 (2.55675,3.00888) (-0.177865,-0.190198) 0.170332 (-0.804899,-1.20252) (0.225683,0.180351) 0.216396
1.5 (-1.13224,-0.855621) (0.532228,0.805402) 0.184098 (2.79844,2.7831) 1.88357 0.98685 (-0.430867,-0.450262) (0.0889208,0.0890297) 0.198879 (1.86131,2.29252) (-0.193646,-0.204656) 0.121582 (2.53896,2.98986) (-0.177852,-0.190211) 0.170332 (-0.782331,-1.18448) (0.225672,0.180364) 0.216396
1.6 (-1.07907,-0.77518) (0.531707,0.804414) 0.184098 (2.79844,2.7831) 1.88357 0.986737 (-0.421975,-0.441359) (0.0889202,0.0890304) 0.198879 (1.84195,2.27206) (-0.193642,-0.20466) 0.121582 (2.52118,2.97084) (-0.177847,-0.190216) 0.170332 (-0.759765,-1.16645) (0.225666,0.180372) 0.216396
1.7 (-1.02595,-0.694836) (0.531152,0.803437) 0.184098 (2.79844,2.7831) 1.88357 0.986658 (-0.413083,-0.432455) (0.088919,0.0890316) 0.198879 (1.82258,2.25159) (-0.193661,-0.204642) 0.121582 (2.50339,2.95182) (-0.177846,-0.190216) 0.170332 (-0.737199,-1.14841) (0.225663,0.180377) 0.216396
1.8 (-0.972902,-0.614598) (0.530531,0.802388) 0.184098 (2.79844,2.7831) 1.88357 0.986595 (-0.404192,-0.423552) (0.0889132,0.0890374) 0.198879 (1.80322,2.23113) (-0.193654,-0.204648) 0.121582 (2.48561,2.9328) (-0.177851,-0.190212) 0.170332 (-0.714633,-1.13037) (0.22566,0.18038) 0.216396
1.9 (-0.919916,-0.53447) (0.529852,0.801275) 0.184098 (2.79844,2.7831) 1.88357 0.986545 (-0.3953,-0.414648) (0.0889175,0.089033) 0.198879 (1.78385,2.21066) (-0.193643,-0.204658) 0.121582 (2.46783,2.91378) (-0.177836,-0.190226) 0.170332 (-0.692067,-1.11233) (0.225657,0.180384) 0.216396
2 (-0.866998,-0.454453) (0.529181,0.800174) 0.184098 (2.79844,2.7831) 1.88357 0.986495 (-0.386408,-0.405745) (0.0889175,0.089033) 0.198879 (1.76449,2.1902) (-0.19363,-0.204671) 0.121582 (2.45004,2.89476) (-0.177858,-0.190205) 0.170332 (-0.669501,-1.09429) (0.225657,0.180384) 0.216396
2.1 (-0.814157,-0.374561) (0.528412,0.798919) 0.184098 (2.79844,2.7831) 1.88357 0.986443 (-0.377516,-0.396842) (0.0889175,0.089033) 0.198879 (1.74512,2.16973) (-0.193657,-0.204645) 0.121582 (2.43226,2.87573) (-0.177844,-0.190219) 0.170332 (-0.646936,-1.07625) (0.225657,0.180384) 0.216396
2.2 (-0.761395,-0.294797) (0.527625,0.797641) 0.184098 (2.79844,2.7831) 1.88357 0.986391 (-0.368625,-0.387939) (0.0889175,0.089033) 0.198879 (1.72576,2.14927) (-0.193642,-0.204659) 0.121582 (2.41447,2.85671) (-0.177839,-0.190223) 0.170332 (-0.62437,-1.05822) (0.225657,0.180384) 0.216396
2.3 (-0.708719,-0.215174) (0.526752,0.796223) 0.184098 (2.79844,2.7831) 1.88357 0.986335 (-0.359733,-0.379035) (0.0889175,0.089033) 0.198879 (1.70639,2.1288) (-0.193638,-0.204663) 0.121582 (2.39669,2.83769) (-0.177844,-0.190219) 0.170332 (-0.601804,-1.04018) (0.225657,0.180384) 0.216396
2.4 (-0.656131,-0.135693) (0.525884,0.794811) 0.184098 (2.79844,2.7831) 1.88357 0.986277 (-0.350841,-0.370132) (0.0889175,0.089033) 0.198879 (1.68703,2.10833) (-0.193638,-0.204664) 0.121582 (2.3789,2.81867) (-0.177859,-0.190204) 0.170332 (-0.579239,-1.02214) (0.225657,0.180384) 0.216396
2.5 (-0.596628,-0.0565528) (0.595025,0.791405) 0.184098 (2.79844,2.7831) 1.88357 0.926107 (-0.341949,-0.361229) (0.0889175,0.089033) 0.198879 (1.66767,2.08787) (-0.193646,-0.204656) 0.121582 (2.36112,2.79965) (-0.177849,-0.190213) 0.170332 (-0.556673,-1.0041) (0.225657,0.180384) 0.216396
2.6 (-0.535015,0.0206903) (0.616135,0.772431) 0.184098 (2.79844,2.7831) 1.88357 0.897486 (-0.333058,-0.352325) (0.0889175,0.089033) 0.198879 (1.6483,2.0674) (-0.193641,-0.204661) 0.121582 (2.34333,2.78063) (-0.177865,-0.190199) 0.170332 (-0.534107,-0.986062) (0.225657,0.180384) 0.216396
2.7 (-0.472316,0.0969263) (0.626989,0.76236) 0.184098 (2.79844,2.7831) 1.88357 0.882526 (-0.324166,-0.343422) (0.0889165,0.089034) 0.198879 (1.62894,2.04694) (-0.193645,-0.204656) 0.121582 (2.32555,2.76161) (-0.177847,-0.190216) 0.170332 (-0.511542,-0.968024) (0.225657,0.180384) 0.216396
2.8 (-0.409078,0.172605) (0.632376,0.756782) 0.184098 (2.79844,2.7831) 1.88357 0.874715 (-0.315274,-0.334519) (0.088917,0.0890335) 0.198879 (1.60957,2.02647) (-0.193656,-0.204646) 0.121582 (2.30776,2.74259) (-0.177847,-0.190215) 0.170332 (-0.488976,-0.949985) (0.225656,0.180385) 0.216396
2.9 (-0.345579,0.247969) (0.634993,0.753643) 0.184098 (2.79844,2.7831) 1.88357 0.870635 (-0.306383,-0.325615) (0.088917,0.0890335) 0.198879 (1.59021,2.006) (-0.193629,-0.204672) 0.121582 (2.28998,2.72356) (-0.17785,-0.190213) 0.170332 (-0.46641,-0.931947) (0.225656,0.180385) 0.216396
3 (-0.281965,0.32314) (0.636141,0.75171) 0.184098 (2.79844,2.7831) 1.88357 0.868479 (-0.297491,-0.316712) (0.088917,0.0890335) 0.198879 (1.57084,1.98554) (-0.193652,-0.20465) 0.121582 (2.27219,2.70454) (-0.177852,-0.190211) 0.170332 (-0.443845,-0.913908) (0.225656,0.180385) 0.216396
3.1 (-0.218327,0.39817) (0.636379,0.7503) 0.184098 (2.79844,2.7831) 1.88357 0.867368 (-0.288599,-0.307809) (0.088917,0.0890335) 0.198879 (1.55148,1.96507) (-0.193651,-0.204651) 0.121582 (2.25441,2.68552) (-0.177854,-0.190209) 0.170332 (-0.421279,-0.89587) (0.225656,0.180385) 0.216396
3.2 (-0.154702,0.473097) (0.636255,0.749269) 0.184098 (2.79844,2.7831) 1.88357 0.866785 (-0.279707,-0.298905) (0.088917,0.0890335) 0.198879 (1.53212,1.94461) (-0.193638,-0.204664) 0.121582 (2.23662,2.6665) (-0.177835,-0.190227) 0.170332 (-0.398714,-0.877831) (0.225656,0.180385) 0.216396
3.3 (-0.0911186,0.547926) (0.63583,0.748296) 0.184098 (2.79844,2.7831) 1.88357 0.866474 (-0.270816,-0.290002) (0.0889156,0.0890349) 0.198879 (1.51275,1.92414) (-0.193657,-0.204645) 0.121582 (2.21884,2.64748) (-0.177837,-0.190225) 0.170332 (-0.376148,-0.859793) (0.225656,0.180385) 0.216396
3.4 (-0.0275909,0.622669) (0.635277,0.747426) 0.184098 (2.79844,2.7831) 1.88357 0.866329 (-0.261924,-0.281098) (0.0889164,0.0890342) 0.198879 (1.49338,1.90368) (-0.193651,-0.204651) 0.121582 (2.20105,2.62846) (-0.177857,-0.190206) 0.170332 (-0.353582,-0.841754) (0.225656,0.180386) 0.216396
3.5 (0.0358651,0.697316) (0.63456,0.74647) 0.184098 (2.79844,2.7831) 1.88357 0.866256 (-0.253033,-0.272195) (0.0889163,0.0890342) 0.198879 (1.47402,1.88321) (-0.193639,-0.204663) 0.121582 (2.18327,2.60943) (-0.17784,-0.190222) 0.170332 (-0.331017,-0.823716) (0.225656,0.180386) 0.216396
3.6 (0.0992503,0.771873) (0.633852,0.745574) 0.184098 (2.79844,2.7831) 1.88357 0.866213 (-0.244141,-0.263291) (0.0889118,0.0890387) 0.198879 (1.45466,1.86275) (-0.193648,-0.204654) 0.121582 (2.16548,2.59041) (-0.177851,-0.190212) 0.170332 (-0.308451,-0.805677) (0.225656,0.180386) 0.216396
3.7 (0.162547,0.846325) (0.632964,0.744519) 0.184098 (2.79844,2.7831) 1.88357 0.866207 (-0.23525,-0.254387) (0.0889142,0.0890364) 0.198879 (1.43529,1.84228) (-0.193642,-0.20466) 0.121582 (2.1477,2.57139) (-0.177844,-0.190218) 0.170332 (-0.285886,-0.787638) (0.225654,0.180388) 0.216396
3.8 (0.225751,0.920669) (0.632047,0.743441) 0.184098 (2.79844,2.7831) 1.88357 0.866207 (-0.226359,-0.245484) (0.0889142,0.0890364) 0.198879 (1.41593,1.82181) (-0.193643,-0.204659) 0.121582 (2.12991,2.55237) (-0.177857,-0.190206) 0.170332 (-0.263321,-0.769599) (0.225654,0.180388) 0.216396
3.9 (0.288857,0.994899) (0.631059,0.742293) 0.184098 (2.79844,2.7831) 1.88357 0.866216 (-0.217467,-0.23658) (0.0889142,0.0890363) 0.198879 (1.39656,1.80135) (-0.193649,-0.204653) 0.121582 (2.11213,2.53335) (-0.177847,-0.190216) 0.170332 (-0.240755,-0.751561) (0.225654,0.180388) 0.216396
4 (0.351844,1.06899) (0.629866,0.740924) 0.184098 (2.79844,2.7831) 1.88357 0.866239 (-0.208576,-0.227676) (0.0889142,0.0890364) 0.198879 (1.3772,1.78088) (-0.193643,-0.204659) 0.121582 (2.09434,2.51433) (-0.177855,-0.190208) 0.170332 (-0.21819,-0.733522) (0.225653,0.180388) 0.216396
4.1 (0.414713,1.14295) (0.628689,0.739565) 0.184098 (2.79844,2.7831) 1.88357 0.866256 (-0.199684,-0.218773) (0.0889142,0.0890364) 0.198879 (1.35783,1.76042) (-0.193646,-0.204656) 0.121582 (2.07656,2.49531) (-0.17784,-0.190223) 0.170332 (-0.195625,-0.715483) (0.225654,0.180388) 0.216396
4.2 (0.477441,1.21674) (0.627277,0.737944) 0.184098 (2.79844,2.7831) 1.88357 0.866283 (-0.190793,-0.209869) (0.0889142,0.0890364) 0.198879 (1.33847,1.73995) (-0.193636,-0.204666) 0.121582 (2.05877,2.47628) (-0.177846,-0.190216) 0.170332 (-0.173059,-0.697444) (0.225654,0.180388) 0.216396
4.3 (0.540025,1.29037) (0.625847,0.73629) 0.184098 (2.79844,2.7831) 1.88357 0.866301 (-0.181902,-0.200966) (0.0889142,0.0890363) 0.198879 (1.31911,1.71949) (-0.193642,-0.20466) 0.121582 (2.04099,2.45726) (-0.177857,-0.190206) 0.170332 (-0.150494,-0.679405) (0.225653,0.180388) 0.216396
4.4 (0.602441,1.36381) (0.624157,0.734349) 0.184098 (2.79844,2.7831) 1.88357 0.866333 (-0.17301,-0.192062) (0.0889117,0.0890389) 0.198879 (1.29974,1.69902) (-0.193637,-0.204665) 0.121582 (2.0232,2.43824) (-0.177851,-0.190212) 0.170332 (-0.127928,-0.661367) (0.225653,0.180388) 0.216396
4.5 (0.664675,1.43703) (0.622341,0.732257) 0.184098 (2.79844,2.7831) 1.88357 0.866364 (-0.164119,-0.183158) (0.088913,0.0890375) 0.198879 (1.28038,1.67855) (-0.193639,-0.204662) 0.121582 (2.00542,2.41922) (-0.17784,-0.190223) 0.170332 (-0.105363,-0.643328) (0.225652,0.18039) 0.216396
4.6 (0.726705,1.51002) (0.620295,0.729908) 0.184098 (2.79844,2.7831) 1.88357 0.866403 (-0.155228,-0.174254) (0.088913,0.0890375) 0.198879 (1.26101,1.65809) (-0.19364,-0.204662) 0.121582 (1.98763,2.4002) (-0.17785,-0.190213) 0.170332 (-0.082798,-0.625289) (0.225652,0.18039) 0.216396
4.7 (0.788514,1.58276) (0.618098,0.727386) 0.184098 (2.79844,2.7831) 1.88357 0.866446 (-0.146336,-0.16535) (0.088913,0.0890375) 0.198879 (1.24165,1.63762) (-0.193633,-0.204668) 0.121582 (1.96985,2.38118) (-0.177851,-0.190212) 0.170332 (-0.0602328,-0.60725) (0.225652,0.18039) 0.216396
4.8 (0.85006,1.65519) (0.615455,0.724342) 0.184098 (2.79844,2.7831) 1.88357 0.866491 (-0.137445,-0.156447) (0.088913,0.0890375) 0.198879 (1.22229,1.61715) (-0.193637,-0.204664) 0.121582 (1.95206,2.36216) (-0.177862,-0.190201) 0.170332 (-0.0376675,-0.589211) (0.225652,0.18039) 0.216396
4.9 (0.911327,1.72731) (0.612669,0.721143) 0.184098 (2.79844,2.7831) 1.88357 0.866546 (-0.128776,-0.147691) (0.086696,0.0875564) 0.198879 (1.20304,1.59682) (-0.192513,-0.203373) 0.121582 (1.93428,2.34314) (-0.177863,-0.190201) 0.170332 (-0.0151023,-0.571172) (0.225652,0.18039) 0.216396
5 (0.972281,1.79906) (0.609541,0.717551) 0.184098 (2.79844,2.7831) 1.88357 0.866608 (-0.120647,-0.139297) (0.0812892,0.0839443) 0.198879 (1.18405,1.57678) (-0.189907,-0.200381) 0.121582 (1.91649,2.32412) (-0.177862,-0.190202) 0.170332 (0.00746294,-0.553133) (0.225652,0.18039) 0.216396
5.1 (1.03382,1.87017) (0.615405,0.711013) 0.184098 (2.79844,2.7831) 1.88357 0.857354 (-0.112961,-0.131198) (0.0768537,0.080981) 0.198879 (1.16417,1.55681) (-0.198726,-0.199727) 0.121582 (1.89871,2.3051) (-0.177835,-0.190227) 0.170332 (0.0300282,-0.535094) (0.225652,0.18039) 0.216396
5.2 (1.09537,1.94053) (0.615481,0.70365) 0.184098 (2.79844,2.7831) 1.88357 0.852138 (-0.105907,-0.123522) (0.0705401,0.0767631) 0.198879 (1.14415,1.53698) (-0.200187,-0.198263) 0.121582 (1.88092,2.28608) (-0.177862,-0.190202) 0.170332 (0.0525934,-0.517055) (0.225652,0.18039) 0.216396
5.3 (1.1567,2.01023) (0.613293,0.696949) 0.184098 (2.79844,2.7831) 1.88357 0.84916 (-0.0994416,-0.116239) (0.0646566,0.0728325) 0.198879 (1.12401,1.51729) (-0.201488,-0.19694) 0.121582 (1.86314,2.26705) (-0.177857,-0.190207) 0.170332 (0.0751586,-0.499016) (0.225652,0.18039) 0.216396
5.4 (1.21768,2.07928) (0.609778,0.690513) 0.184098 (2.79844,2.7831) 1.88357 0.847409 (-0.0935725,-0.109354) (0.0586914,0.0688472) 0.198879 (1.10373,1.49772) (-0.202723,-0.195668) 0.121582 (1.84535,2.24803) (-0.177857,-0.190206) 0.170332 (0.0977239,-0.480977) (0.225652,0.18039) 0.216396
5.5 (1.27818,2.14764) (0.604989,0.683648) 0.184098 (2.79844,2.7831) 1.88357 0.846363 (-0.0882929,-0.102863) (0.0527957,0.0649085) 0.198879 (1.08334,1.47827) (-0.203888,-0.194454) 0.121582 (1.82756,2.22901) (-0.177861,-0.190202) 0.170332 (0.120289,-0.462938) (0.225652,0.18039) 0.216396
5.6 (1.33809,2.21526) (0.599156,0.676181) 0.184098 (2.79844,2.7831) 1.88357 0.845721 (-0.0835977,-0.0967628) (0.0469524,0.0610046) 0.198879 (1.06284,1.45894) (-0.204998,-0.193283) 0.121582 (1.80978,2.20999) (-0.177868,-0.190196) 0.170332 (0.142854,-0.444899) (0.225652,0.18039) 0.216396
5.7 (1.3973,2.28203) (0.592126,0.667699) 0.184098 (2.79844,2.7831) 1.88357 0.845314 (-0.0794796,-0.0910479) (0.0411805,0.057149) 0.198879 (1.04224,1.43973) (-0.206059,-0.192152) 0.121582 (1.79199,2.19097) (-0.177858,-0.190205) 0.170332 (0.16542,-0.42686) (0.225653,0.180389) 0.216396
5.8 (1.4557,2.34784) (0.583985,0.658103) 0.184098 (2.79844,2.7831) 1.88357 0.845 (-0.0727743,-0.084442) (0.0670531,0.066059) 0.198879 (1.02153,1.42062) (-0.207079,-0.191053) 0.121582 (1.77421,2.17195) (-0.177853,-0.19021) 0.170332 (0.187404,-0.408118) (0.219849,0.187419) 0.216396
5.9 (1.51317,2.41255) (0.574669,0.647091) 0.184098 (2.79844,2.7831) 1.88357 0.844606 (-0.063871,-0.0755503) (0.0890328,0.0889177) 0.198879 (1.00102,1.4013) (-0.205069,-0.193208) 0.121582 (1.75642,2.15293) (-0.177853,-0.19021) 0.170332 (0.209315,-0.38929) (0.219109,0.188284) 0.216396
6 (1.5825,2.47428) (0.693337,0.617345) 0.184098 (2.79844,2.7831) 1.88357 0.727484 (-0.0549676,-0.0666587) (0.0890344,0.0889161) 0.198879 (0.98058,1.38192) (-0.204435,-0.193879) 0.121582 (1.73863,2.13391) (-0.177865,-0.190199) 0.170332 (0.230555,-0.369708) (0.212399,0.195821) 0.216396
6.1 (1.67902,2.50284) (0.965182,0.285562) 0.184098 (2.79844,2.7831) 1.88357 0.287657 (-0.0460643,-0.0577669) (0.0890332,0.0889174) 0.198879 (0.960169,1.36249) (-0.204108,-0.194223) 0.121582 (1.72085,2.11489) (-0.177851,-0.190212) 0.170332 (0.251153,-0.349451) (0.205979,0.202563) 0.216396
6.2 (1.77603,2.52713) (0.970066,0.242908) 0.184098 (2.79844,2.7831) 1.88357 0.245359 (-0.0371613,-0.0488748) (0.0890295,0.088921) 0.198879 (0.939775,1.34305) (-0.203942,-0.194398) 0.121582 (1.70306,2.09587) (-0.177848,-0.190215) 0.170332 (0.27118,-0.32863) (0.200269,0.208211) 0.216396
6.3 (1.87303,2.55142) (0.97007,0.242853) 0.184098 (2.79844,2.7831) 1.88357 0.245304 (-0.0282577,-0.0399834) (0.0890364,0.0889141) 0.198879 (0.919389,1.3236) (-0.203858,-0.194485) 0.121582 (1.68528,2.07685) (-0.177838,-0.190224) 0.170332 (0.290699,-0.307332) (0.195193,0.212977) 0.216396
6.4 (1.96558,2.57458) (0.925478,0.23165) 0.184098 (2.79844,2.7831) 1.88357 0.245264 (-0.0193545,-0.0310915) (0.0890319,0.0889186) 0.198879 (0.899008,1.30415) (-0.203812,-0.194534) 0.121582 (1.6675,2.05783) (-0.177848,-0.190214) 0.170332 (0.309753,-0.285617) (0.190538,0.217151) 0.216396
6.5 (2.04887,2.59543) (0.832842,0.208509) 0.184098 (2.79844,2.7831) 1.88357 0.245316 (-0.0104521,-0.0221989) (0.0890242,0.0889263) 0.198879 (0.878629,1.2847) (-0.20379,-0.194557) 0.121582 (1.64971,2.0388) (-0.177853,-0.19021) 0.170332 (0.328383,-0.263537) (0.186298,0.220799) 0.216396
6.6 (2.12382,2.6142) (0.749568,0.187671) 0.184098 (2.79844,2.7831) 1.88357 0.245329 (-0.00154848,-0.0133074) (0.0890358,0.0889147) 0.198879 (0.858251,1.26524) (-0.203783,-0.194564) 0.121582 (1.63193,2.01978) (-0.17784,-0.190222) 0.170332 (0.347013,-0.241458) (0.186304,0.220795) 0.216396
6.7 (2.19129,2.63109) (0.674623,0.168899) 0.184098 (2.79844,2.7831) 1.88357 0.245318 (0.00735468,-0.00441554) (0.0890316,0.0889189) 0.198879 (0.837873,1.24578) (-0.203774,-0.194574) 0.121582 (1.61414,2.00076) (-0.177867,-0.190197) 0.170332 (0.365644,-0.219379) (0.186309,0.22079) 0.216396
6.8 (2.252,2.64629) (0.607169,0.15198) 0.184098 (2.79844,2.7831) 1.88357 0.245269 (0.0162579,0.00447634) (0.0890317,0.0889188) 0.198879 (0.817496,1.22632) (-0.203771,-0.194577) 0.121582 (1.59635,1.98174) (-0.177851,-0.190212) 0.170332 (0.384274,-0.197299) (0.186298,0.2208) 0.216396
6.9 (2.30665,2.65997) (0.546438,0.136879) 0.184098 (2.79844,2.7831) 1.88357 0.245443 (0.025161,0.0133683) (0.0890311,0.0889194) 0.198879 (0.797119,1.20687) (-0.203769,-0.194578) 0.121582 (1.57857,1.96272) (-0.177869,-0.190196) 0.170332 (0.402905,-0.17522) (0.186307,0.220792) 0.216396
7 (2.35582,2.67229) (0.491765,0.123185) 0.184098 (2.79844,2.7831) 1.88357 0.245445 (0.0340641,0.0222602) (0.0890311,0.0889195) 0.198879 (0.776742,1.18741) (-0.203769,-0.194579) 0.121582 (1.56078,1.9437) (-0.17785,-0.190213) 0.170332 (0.421535,-0.15314) (0.1863,0.220798) 0.216396
