[]
timestamp position0 velocity0 radius0 goal pref_speed theta position1 velocity1 radius1 position2 velocity2 radius2 position3 velocity3 radius3 position4 velocity4 radius4 position5 velocity5 radius5 position6 velocity6 radius6
0 (-1.77556,-1.672) (0,0) 0.175958 (2.79844,2.7831) 1.81353 0 (-0.967023,-0.884878) (0,0) 0.161315 (2.5388,2.39533) (0,0) 0.14402 (3.19855,2.92997) (0,0) 0.17727 (-1.26433,-1.07881) (0,0) 0.172462
0.1 (-1.76612,-1.6744) (0.0944013,-0.0239772) 0.175958 (2.79844,2.7831) 1.81353 -0.248733 (-0.946494,-0.864879) (0.205291,0.199993) 0.161315 (2.51762,2.37594) (-0.211773,-0.193933) 0.14402 (3.19752,2.92286) (-0.0103017,-0.0711346) 0.17727 (-1.27429,-1.06316) (-0.0995952,0.156559) 0.172462
0.2 (-1.73783,-1.66528) (0.282848,0.0912027) 0.175958 (2.79844,2.7831) 1.81353 0.311918 (-0.925963,-0.844881) (0.205306,0.199977) 0.161315 (2.49644,2.35655) (-0.211788,-0.193917) 0.14402 (3.18642,2.89992) (-0.111023,-0.229381) 0.17727 (-1.26882,-1.04482) (0.0547311,0.183342) 0.172462
0.3 (-1.68426,-1.65259) (0.535765,0.126864) 0.175958 (2.79844,2.7831) 1.81353 0.232507 (-0.905433,-0.824883) (0.2053,0.199983) 0.161315 (2.47526,2.33715) (-0.211783,-0.193922) 0.14402 (3.16475,2.88063) (-0.216698,-0.192883) 0.17727 (-1.25495,-1.03164) (0.138634,0.131873) 0.172462
0.4 (-1.61563,-1.62121) (0.686216,0.31381) 0.175958 (2.79844,2.7831) 1.81353 0.428912 (-0.884903,-0.804885) (0.2053,0.199983) 0.161315 (2.45409,2.31776) (-0.211788,-0.193916) 0.14402 (3.14308,2.86134) (-0.216702,-0.192878) 0.17727 (-1.24109,-1.01845) (0.138639,0.131868) 0.172462
0.5 (-1.53169,-1.57551) (0.839426,0.456991) 0.175958 (2.79844,2.7831) 1.81353 0.49854 (-0.864374,-0.784886) (0.205295,0.199988) 0.161315 (2.43291,2.29837) (-0.211784,-0.193921) 0.14402 (3.12141,2.84206) (-0.21669,-0.192892) 0.17727 (-1.22722,-1.00526) (0.138641,0.131866) 0.172462
0.6 (-1.44867,-1.52693) (0.830195,0.485773) 0.175958 (2.79844,2.7831) 1.81353 0.529415 (-0.843845,-0.764886) (0.205287,0.199996) 0.161315 (2.41173,2.27898) (-0.211782,-0.193923) 0.14402 (3.09974,2.82276) (-0.216677,-0.192907) 0.17727 (-1.21336,-0.992077) (0.138639,0.131868) 0.172462
0.7 (-1.36646,-1.47683) (0.822085,0.501025) 0.175958 (2.79844,2.7831) 1.81353 0.547344 (-0.823315,-0.744887) (0.205294,0.199989) 0.161315 (2.39055,2.25959) (-0.211789,-0.193916) 0.14402 (3.07807,2.80347) (-0.21668,-0.192904) 0.17727 (-1.1995,-0.97889) (0.138636,0.131871) 0.172462
0.8 (-1.28476,-1.42582) (0.817027,0.510051) 0.175958 (2.79844,2.7831) 1.81353 0.558079 (-0.802785,-0.724889) (0.205301,0.199982) 0.161315 (2.36937,2.24019) (-0.211787,-0.193918) 0.14402 (3.05641,2.78418) (-0.216683,-0.1929) 0.17727 (-1.18563,-0.965703) (0.138636,0.131871) 0.172462
0.9 (-1.20341,-1.37428) (0.813516,0.515465) 0.175958 (2.79844,2.7831) 1.81353 0.564778 (-0.782255,-0.704891) (0.205304,0.199979) 0.161315 (2.34819,2.2208) (-0.211775,-0.193931) 0.14402 (3.03474,2.7649) (-0.216697,-0.192884) 0.17727 (-1.17177,-0.952517) (0.138645,0.131862) 0.172462
1 (-1.12231,-1.32239) (0.810982,0.518918) 0.175958 (2.79844,2.7831) 1.81353 0.569216 (-0.761725,-0.684893) (0.2053,0.199983) 0.161315 (2.32701,2.20141) (-0.211794,-0.19391) 0.14402 (3.01307,2.7456) (-0.216675,-0.192909) 0.17727 (-1.1579,-0.93933) (0.138641,0.131866) 0.172462
1.1 (-1.04141,-1.27025) (0.808997,0.521406) 0.175958 (2.79844,2.7831) 1.81353 0.572505 (-0.741194,-0.664895) (0.205305,0.199978) 0.161315 (2.30584,2.18202) (-0.21179,-0.193915) 0.14402 (2.9914,2.72632) (-0.216689,-0.192894) 0.17727 (-1.14404,-0.926145) (0.138652,0.131855) 0.172462
1.2 (-0.960684,-1.21786) (0.80728,0.523848) 0.175958 (2.79844,2.7831) 1.81353 0.575605 (-0.720663,-0.644899) (0.205316,0.199966) 0.161315 (2.28466,2.16263) (-0.211784,-0.193922) 0.14402 (2.96973,2.70703) (-0.216687,-0.192896) 0.17727 (-1.13018,-0.912958) (0.138636,0.131871) 0.172462
1.3 (-0.880136,-1.16438) (0.805475,0.534803) 0.175958 (2.79844,2.7831) 1.81353 0.586126 (-0.700132,-0.624901) (0.205308,0.199975) 0.161315 (2.26348,2.14324) (-0.211806,-0.193897) 0.14402 (2.94806,2.68774) (-0.216689,-0.192893) 0.17727 (-1.11631,-0.899772) (0.13865,0.131857) 0.172462
1.4 (-0.800662,-1.10725) (0.794739,0.571311) 0.175958 (2.79844,2.7831) 1.81353 0.623276 (-0.6796,-0.604904) (0.205316,0.199966) 0.161315 (2.2423,2.12384) (-0.211782,-0.193924) 0.14402 (2.92639,2.66845) (-0.216689,-0.192893) 0.17727 (-1.10245,-0.886586) (0.138646,0.13186) 0.172462
1.5 (-0.722336,-1.04833) (0.783264,0.589195) 0.175958 (2.79844,2.7831) 1.81353 0.644927 (-0.65907,-0.584906) (0.2053,0.199983) 0.161315 (2.22112,2.10445) (-0.211782,-0.193923) 0.14402 (2.90473,2.64916) (-0.21668,-0.192904) 0.17727 (-1.08858,-0.873399) (0.138637,0.13187) 0.172462
1.6 (-0.644732,-0.988339) (0.776037,0.599905) 0.175958 (2.79844,2.7831) 1.81353 0.658082 (-0.638542,-0.564907) (0.205287,0.199996) 0.161315 (2.19994,2.08506) (-0.211797,-0.193906) 0.14402 (2.88306,2.62987) (-0.216698,-0.192884) 0.17727 (-1.07472,-0.860213) (0.138646,0.131861) 0.172462
1.7 (-0.567598,-0.927672) (0.77134,0.606667) 0.175958 (2.79844,2.7831) 1.81353 0.666461 (-0.618011,-0.544908) (0.2053,0.199983) 0.161315 (2.17876,2.06567) (-0.21178,-0.193925) 0.14402 (2.86139,2.61058) (-0.216684,-0.1929) 0.17727 (-1.06085,-0.847027) (0.138648,0.131858) 0.172462
1.8 (-0.490792,-0.866547) (0.768065,0.611252) 0.175958 (2.79844,2.7831) 1.81353 0.672196 (-0.597483,-0.524909) (0.20529,0.199994) 0.161315 (2.15758,2.04628) (-0.211793,-0.193911) 0.14402 (2.83972,2.59129) (-0.216684,-0.192899) 0.17727 (-1.04699,-0.833841) (0.138646,0.131861) 0.172462
1.9 (-0.414246,-0.805058) (0.765455,0.614895) 0.175958 (2.79844,2.7831) 1.81353 0.676754 (-0.576951,-0.504912) (0.205315,0.199968) 0.161315 (2.1364,2.02689) (-0.21179,-0.193914) 0.14402 (2.81805,2.572) (-0.21669,-0.192892) 0.17727 (-1.03312,-0.820655) (0.138647,0.13186) 0.172462
2 (-0.337951,-0.743101) (0.762957,0.619564) 0.175958 (2.79844,2.7831) 1.81353 0.68205 (-0.556422,-0.484913) (0.205287,0.199997) 0.161315 (2.11523,2.0075) (-0.211794,-0.193911) 0.14402 (2.79638,2.55271) (-0.216689,-0.192893) 0.17727 (-1.01926,-0.807468) (0.138641,0.131866) 0.172462
2.1 (-0.262464,-0.678416) (0.754866,0.646851) 0.175958 (2.79844,2.7831) 1.81353 0.708491 (-0.535892,-0.464914) (0.205301,0.199982) 0.161315 (2.09405,1.9881) (-0.211793,-0.193911) 0.14402 (2.77471,2.53342) (-0.216687,-0.192896) 0.17727 (-1.0054,-0.794281) (0.138637,0.13187) 0.172462
2.2 (-0.187879,-0.612764) (0.74585,0.656522) 0.175958 (2.79844,2.7831) 1.81353 0.721786 (-0.515362,-0.444916) (0.205299,0.199984) 0.161315 (2.07287,1.96871) (-0.211782,-0.193924) 0.14402 (2.75304,2.51413) (-0.21668,-0.192904) 0.17727 (-0.991531,-0.781095) (0.138643,0.131864) 0.172462
2.3 (-0.113769,-0.546624) (0.741098,0.661397) 0.175958 (2.79844,2.7831) 1.81353 0.728631 (-0.494832,-0.424918) (0.205304,0.199979) 0.161315 (2.05169,1.94932) (-0.211781,-0.193925) 0.14402 (2.73138,2.49484) (-0.216685,-0.192898) 0.17727 (-0.977667,-0.767909) (0.138644,0.131863) 0.172462
2.4 (-0.0399135,-0.480241) (0.738558,0.663833) 0.175958 (2.79844,2.7831) 1.81353 0.732165 (-0.474303,-0.404919) (0.205294,0.199989) 0.161315 (2.03051,1.92993) (-0.211772,-0.193934) 0.14402 (2.70971,2.47555) (-0.21669,-0.192893) 0.17727 (-0.963803,-0.754722) (0.138639,0.131868) 0.172462
2.5 (0.0337942,-0.413747) (0.737077,0.664941) 0.175958 (2.79844,2.7831) 1.81353 0.733992 (-0.453773,-0.384921) (0.205299,0.199984) 0.161315 (2.00933,1.91053) (-0.211776,-0.19393) 0.14402 (2.68804,2.45626) (-0.216705,-0.192876) 0.17727 (-0.94994,-0.741535) (0.138635,0.131872) 0.172462
2.6 (0.107411,-0.347207) (0.736171,0.665403) 0.175958 (2.79844,2.7831) 1.81353 0.734949 (-0.433242,-0.364923) (0.205301,0.199982) 0.161315 (1.98816,1.89114) (-0.211793,-0.193912) 0.14402 (2.66637,2.43697) (-0.216689,-0.192893) 0.17727 (-0.936074,-0.728349) (0.138651,0.131855) 0.172462
2.7 (0.180971,-0.280654) (0.735595,0.665528) 0.175958 (2.79844,2.7831) 1.81353 0.735432 (-0.412713,-0.344923) (0.205291,0.199992) 0.161315 (1.96698,1.87175) (-0.211792,-0.193913) 0.14402 (2.6447,2.41769) (-0.216703,-0.192878) 0.17727 (-0.92221,-0.715162) (0.13864,0.131867) 0.172462
2.8 (0.254486,-0.214106) (0.735149,0.665473) 0.175958 (2.79844,2.7831) 1.81353 0.735693 (-0.392183,-0.324925) (0.2053,0.199984) 0.161315 (1.9458,1.85236) (-0.2118,-0.193903) 0.14402 (2.62303,2.3984) (-0.216672,-0.192912) 0.17727 (-0.908346,-0.701976) (0.138643,0.131863) 0.172462
2.9 (0.327961,-0.14758) (0.734753,0.665265) 0.175958 (2.79844,2.7831) 1.81353 0.735805 (-0.371655,-0.304925) (0.205283,0.2) 0.161315 (1.92462,1.83297) (-0.211788,-0.193916) 0.14402 (2.60136,2.37911) (-0.216688,-0.192895) 0.17727 (-0.894483,-0.688789) (0.138635,0.131872) 0.172462
3 (0.401399,-0.0810777) (0.734381,0.665022) 0.175958 (2.79844,2.7831) 1.81353 0.735876 (-0.352948,-0.283212) (0.187074,0.217128) 0.161315 (1.90486,1.81236) (-0.197555,-0.206062) 0.14402 (2.57969,2.35982) (-0.216688,-0.192895) 0.17727 (-0.880619,-0.675602) (0.13864,0.131867) 0.172462
3.1 (0.474793,-0.0146111) (0.733933,0.664666) 0.175958 (2.79844,2.7831) 1.81353 0.735913 (-0.333955,-0.261748) (0.189923,0.214641) 0.161315 (1.88481,1.79181) (-0.200524,-0.205543) 0.14402 (2.55802,2.34053) (-0.216697,-0.192885) 0.17727 (-0.866755,-0.662416) (0.138641,0.131866) 0.172462
3.2 (0.548147,0.0518243) (0.733548,0.664354) 0.175958 (2.79844,2.7831) 1.81353 0.73594 (-0.315268,-0.240018) (0.186878,0.217297) 0.161315 (1.86506,1.77096) (-0.19752,-0.208431) 0.14402 (2.53635,2.32124) (-0.216704,-0.192877) 0.17727 (-0.85289,-0.64923) (0.138649,0.131857) 0.172462
3.3 (0.62146,0.118224) (0.733124,0.663997) 0.175958 (2.79844,2.7831) 1.81353 0.73596 (-0.29675,-0.218144) (0.185179,0.218746) 0.161315 (1.84547,1.74997) (-0.195868,-0.209984) 0.14402 (2.51468,2.30195) (-0.216691,-0.192891) 0.17727 (-0.839026,-0.636043) (0.13864,0.131867) 0.172462
3.4 (0.694727,0.184583) (0.732673,0.66359) 0.175958 (2.79844,2.7831) 1.81353 0.735962 (-0.278311,-0.196202) (0.184381,0.219419) 0.161315 (1.82596,1.7289) (-0.195101,-0.210698) 0.14402 (2.49301,2.28266) (-0.216691,-0.192891) 0.17727 (-0.825161,-0.622857) (0.138642,0.131864) 0.172462
3.5 (0.767945,0.250897) (0.732177,0.663143) 0.175958 (2.79844,2.7831) 1.81353 0.735963 (-0.259881,-0.174253) (0.184301,0.219487) 0.161315 (1.80646,1.70782) (-0.195024,-0.210769) 0.14402 (2.47135,2.26337) (-0.216691,-0.192891) 0.17727 (-0.811297,-0.609671) (0.138645,0.131862) 0.172462
3.6 (0.841104,0.317159) (0.731592,0.662615) 0.175958 (2.79844,2.7831) 1.81353 0.735964 (-0.241451,-0.152305) (0.184301,0.219487) 0.161315 (1.78696,1.68674) (-0.195024,-0.210769) 0.14402 (2.44968,2.24408) (-0.216697,-0.192885) 0.17727 (-0.797432,-0.596485) (0.138648,0.131859) 0.172462
3.7 (0.914199,0.383363) (0.730955,0.662046) 0.175958 (2.79844,2.7831) 1.81353 0.73597 (-0.223021,-0.130356) (0.184301,0.219487) 0.161315 (1.76745,1.66567) (-0.195024,-0.210769) 0.14402 (2.42801,2.2248) (-0.216694,-0.192888) 0.17727 (-0.783568,-0.583298) (0.138645,0.131862) 0.172462
3.8 (0.987235,0.449514) (0.730357,0.661506) 0.175958 (2.79844,2.7831) 1.81353 0.735972 (-0.204591,-0.108407) (0.184301,0.219487) 0.161315 (1.74795,1.64459) (-0.195024,-0.210769) 0.14402 (2.40634,2.20551) (-0.216694,-0.192888) 0.17727 (-0.769703,-0.570112) (0.138644,0.131863) 0.172462
3.9 (1.0602,0.5156) (0.729636,0.660856) 0.175958 (2.79844,2.7831) 1.81353 0.735974 (-0.186161,-0.0864585) (0.184301,0.219487) 0.161315 (1.72845,1.62351) (-0.195024,-0.210769) 0.14402 (2.38467,2.18622) (-0.216694,-0.192888) 0.17727 (-0.755838,-0.556926) (0.138649,0.131857) 0.172462
4 (1.13309,0.581617) (0.728881,0.660175) 0.175958 (2.79844,2.7831) 1.81353 0.735976 (-0.167731,-0.0645098) (0.184301,0.219487) 0.161315 (1.70895,1.60243) (-0.195024,-0.210769) 0.14402 (2.363,2.16693) (-0.216694,-0.192888) 0.17727 (-0.741974,-0.54374) (0.138641,0.131866) 0.172462
4.1 (1.20588,0.647553) (0.727978,0.65936) 0.175958 (2.79844,2.7831) 1.81353 0.735978 (-0.149301,-0.0425612) (0.184301,0.219487) 0.161315 (1.68944,1.58136) (-0.195024,-0.210769) 0.14402 (2.34133,2.14764) (-0.216701,-0.19288) 0.17727 (-0.72811,-0.530553) (0.13864,0.131867) 0.172462
4.2 (1.27858,0.713397) (0.726946,0.658437) 0.175958 (2.79844,2.7831) 1.81353 0.735987 (-0.130871,-0.0206125) (0.184301,0.219487) 0.161315 (1.66994,1.56028) (-0.195024,-0.210769) 0.14402 (2.31966,2.12835) (-0.216697,-0.192884) 0.17727 (-0.714245,-0.517367) (0.138649,0.131857) 0.172462
4.3 (1.35117,0.779149) (0.72593,0.657521) 0.175958 (2.79844,2.7831) 1.81353 0.73599 (-0.11244,0.00133618) (0.184301,0.219487) 0.161315 (1.65044,1.5392) (-0.195024,-0.210769) 0.14402 (2.29799,2.10907) (-0.216702,-0.192879) 0.17727 (-0.700381,-0.504181) (0.13864,0.131867) 0.172462
4.4 (1.42364,0.844788) (0.724675,0.656392) 0.175958 (2.79844,2.7831) 1.81353 0.735997 (-0.0940104,0.0232849) (0.184301,0.219487) 0.161315 (1.63094,1.51813) (-0.195024,-0.210769) 0.14402 (2.27632,2.08978) (-0.216699,-0.192882) 0.17727 (-0.686517,-0.490994) (0.13864,0.131866) 0.172462
4.5 (1.49597,0.910306) (0.723335,0.655184) 0.175958 (2.79844,2.7831) 1.81353 0.736 (-0.0755802,0.0452335) (0.184301,0.219487) 0.161315 (1.61143,1.49705) (-0.195024,-0.210769) 0.14402 (2.25465,2.07049) (-0.216699,-0.192882) 0.17727 (-0.672652,-0.477809) (0.138651,0.131856) 0.172462
4.6 (1.56815,0.975686) (0.721794,0.653794) 0.175958 (2.79844,2.7831) 1.81353 0.736005 (-0.0572541,0.0672691) (0.183261,0.220356) 0.161315 (1.59193,1.47597) (-0.195024,-0.210769) 0.14402 (2.23311,2.05132) (-0.215433,-0.191739) 0.17727 (-0.658788,-0.464622) (0.138641,0.131866) 0.172462
4.7 (1.64016,1.04091) (0.720032,0.652204) 0.175958 (2.79844,2.7831) 1.81353 0.736009 (-0.0392009,0.0895288) (0.180532,0.222597) 0.161315 (1.57238,1.45494) (-0.195534,-0.210296) 0.14402 (2.21199,2.03253) (-0.211127,-0.187855) 0.17727 (-0.644924,-0.451435) (0.13864,0.131867) 0.172462
4.8 (1.71197,1.10596) (0.718129,0.650487) 0.175958 (2.79844,2.7831) 1.81353 0.736015 (-0.021361,0.11196) (0.178399,0.22431) 0.161315 (1.55267,1.43406) (-0.197118,-0.208811) 0.14402 (2.1913,2.01412) (-0.206949,-0.184085) 0.17727 (-0.631061,-0.438247) (0.13863,0.131878) 0.172462
4.9 (1.78355,1.1708) (0.715853,0.648434) 0.175958 (2.79844,2.7831) 1.81353 0.736021 (-0.00368422,0.13452) (0.176768,0.225598) 0.161315 (1.53277,1.41336) (-0.198945,-0.207072) 0.14402 (2.17101,1.99608) (-0.202903,-0.180435) 0.17727 (-0.617198,-0.42506) (0.138632,0.131875) 0.172462
5 (1.85488,1.23541) (0.713298,0.646129) 0.175958 (2.79844,2.7831) 1.81353 0.736028 (0.0138745,0.157171) (0.175587,0.226518) 0.161315 (1.51271,1.39281) (-0.200645,-0.205425) 0.14402 (2.1511,1.97838) (-0.199028,-0.17694) 0.17727 (-0.603334,-0.411873) (0.138638,0.131869) 0.172462
5.1 (1.92592,1.29976) (0.710346,0.643466) 0.175958 (2.79844,2.7831) 1.81353 0.736037 (0.0313572,0.179882) (0.174826,0.227106) 0.161315 (1.4925,1.37241) (-0.202064,-0.204029) 0.14402 (2.13156,1.96102) (-0.195404,-0.17367) 0.17727 (-0.58947,-0.398687) (0.138642,0.131864) 0.172462
5.2 (1.99661,1.36379) (0.706881,0.64034) 0.175958 (2.79844,2.7831) 1.81353 0.736046 (0.0488044,0.20262) (0.174472,0.227378) 0.161315 (1.47219,1.35211) (-0.203142,-0.202956) 0.14402 (2.11233,1.94393) (-0.19231,-0.170879) 0.17727 (-0.575606,-0.3855) (0.138641,0.131865) 0.172462
5.3 (2.0669,1.42747) (0.702887,0.636736) 0.175958 (2.79844,2.7831) 1.81353 0.736058 (0.0662489,0.22536) (0.174445,0.227399) 0.161315 (1.4518,1.33189) (-0.203858,-0.202237) 0.14402 (2.09313,1.92687) (-0.192034,-0.170629) 0.17727 (-0.561741,-0.372314) (0.138643,0.131864) 0.172462
5.4 (2.13671,1.49071) (0.698183,0.632492) 0.175958 (2.79844,2.7831) 1.81353 0.736072 (0.0836934,0.2481) (0.174445,0.227399) 0.161315 (1.43157,1.31151) (-0.202321,-0.203774) 0.14402 (2.07393,1.9098) (-0.192034,-0.17063) 0.17727 (-0.548032,-0.358967) (0.137098,0.133469) 0.172462
5.5 (2.20598,1.55347) (0.692677,0.627525) 0.175958 (2.79844,2.7831) 1.81353 0.736088 (0.101138,0.270839) (0.174445,0.227399) 0.161315 (1.41166,1.29082) (-0.199135,-0.206889) 0.14402 (2.05472,1.89274) (-0.192034,-0.17063) 0.17727 (-0.53464,-0.345301) (0.133917,0.136661) 0.172462
5.6 (2.27459,1.61562) (0.686076,0.62157) 0.175958 (2.79844,2.7831) 1.81353 0.736109 (0.118582,0.293579) (0.174445,0.227399) 0.161315 (1.39194,1.26995) (-0.197192,-0.208742) 0.14402 (2.03552,1.87568) (-0.192037,-0.170634) 0.17727 (-0.521442,-0.331447) (0.131979,0.138534) 0.172462
5.7 (2.34221,1.67838) (0.676245,0.627528) 0.175958 (2.79844,2.7831) 1.81353 0.748049 (0.136027,0.316319) (0.174445,0.227399) 0.161315 (1.37235,1.24896) (-0.195913,-0.209943) 0.14402 (2.01406,1.85616) (-0.214635,-0.195176) 0.17727 (-0.508372,-0.317473) (0.130702,0.139739) 0.172462
5.8 (2.38039,1.7708) (0.381749,0.924225) 0.175958 (2.79844,2.7831) 1.81353 1.17909 (0.153471,0.339059) (0.174445,0.227399) 0.161315 (1.35282,1.2279) (-0.195237,-0.210571) 0.14402 (1.99259,1.83664) (-0.214635,-0.195176) 0.17727 (-0.495369,-0.303437) (0.130026,0.140368) 0.172462
5.9 (2.41856,1.86322) (0.381716,0.924237) 0.175958 (2.79844,2.7831) 1.81353 1.17913 (0.170916,0.361799) (0.174445,0.227399) 0.161315 (1.33331,1.20683) (-0.195095,-0.210703) 0.14402 (1.97113,1.81712) (-0.214635,-0.195176) 0.17727 (-0.482381,-0.289387) (0.129885,0.140499) 0.172462
6 (2.45654,1.95521) (0.379851,0.919833) 0.175958 (2.79844,2.7831) 1.81353 1.17917 (0.18836,0.384539) (0.174445,0.227399) 0.161315 (1.3138,1.18576) (-0.195095,-0.210703) 0.14402 (1.94967,1.79761) (-0.214635,-0.195176) 0.17727 (-0.469392,-0.275337) (0.129885,0.140499) 0.172462
6.1 (2.49074,2.038) (0.341915,0.827913) 0.175958 (2.79844,2.7831) 1.81353 1.17915 (0.205805,0.407279) (0.174445,0.227399) 0.161315 (1.29429,1.16469) (-0.195095,-0.210703) 0.14402 (1.9282,1.77809) (-0.214635,-0.195176) 0.17727 (-0.456404,-0.261287) (0.129885,0.140499) 0.172462
6.2 (2.5215,2.1125) (0.307682,0.745041) 0.175958 (2.79844,2.7831) 1.81353 1.17916 (0.223249,0.430019) (0.174445,0.227399) 0.161315 (1.27478,1.14362) (-0.195095,-0.210703) 0.14402 (1.90674,1.75857) (-0.214635,-0.195176) 0.17727 (-0.443416,-0.247237) (0.129885,0.140499) 0.172462
6.3 (2.5492,2.17956) (0.276935,0.670544) 0.175958 (2.79844,2.7831) 1.81353 1.17913 (0.240694,0.452759) (0.174445,0.227399) 0.161315 (1.25527,1.12255) (-0.195095,-0.210703) 0.14402 (1.88527,1.73905) (-0.214635,-0.195176) 0.17727 (-0.430427,-0.233187) (0.129885,0.140499) 0.172462
6.4 (2.57412,2.23991) (0.249269,0.603584) 0.175958 (2.79844,2.7831) 1.81353 1.17915 (0.258138,0.475498) (0.174445,0.227399) 0.161315 (1.23576,1.10148) (-0.195095,-0.210703) 0.14402 (1.86381,1.71954) (-0.214635,-0.195176) 0.17727 (-0.417439,-0.219137) (0.129885,0.140499) 0.172462
6.5 (2.59656,2.29424) (0.22433,0.543213) 0.175958 (2.79844,2.7831) 1.81353 1.17916 (0.275583,0.498238) (0.174445,0.227399) 0.161315 (1.21625,1.08041) (-0.195095,-0.210703) 0.14402 (1.84235,1.70002) (-0.214635,-0.195176) 0.17727 (-0.40445,-0.205087) (0.129885,0.140499) 0.172462
6.6 (2.61675,2.34312) (0.201906,0.488866) 0.175958 (2.79844,2.7831) 1.81353 1.17913 (0.293027,0.520978) (0.174445,0.227399) 0.161315 (1.19674,1.05934) (-0.195095,-0.210703) 0.14402 (1.82088,1.6805) (-0.214635,-0.195176) 0.17727 (-0.391462,-0.191037) (0.129885,0.140499) 0.172462
6.7 (2.63492,2.38712) (0.181739,0.439944) 0.175958 (2.79844,2.7831) 1.81353 1.17905 (0.310472,0.543718) (0.174445,0.227399) 0.161315 (1.17724,1.03827) (-0.195095,-0.210703) 0.14402 (1.79942,1.66098) (-0.214635,-0.195176) 0.17727 (-0.378473,-0.176988) (0.129885,0.140499) 0.172462
