[]
timestamp position0 velocity0 radius0 goal pref_speed theta position1 velocity1 radius1 position2 velocity2 radius2 position3 velocity3 radius3 position4 velocity4 radius4 position5 velocity5 radius5 position6 velocity6 radius6
0 (-1.93468,-1.83) (0,0) 0.172735 (2.79844,2.7831) 1.88662 0 (-0.809508,-0.598534) (0,0) 0.164323 (2.36055,2.29692) (0,0) 0.166122 (2.97437,2.82366) (0,0) 0.146284 (-1.33831,-1.22517) (0,0) 0.190186
0.1 (-1.92985,-1.82793) (0.0483155,0.0206794) 0.172735 (2.79844,2.7831) 1.88662 0.404415 (-0.790213,-0.580451) (0.192947,0.180833) 0.164323 (2.34448,2.28196) (-0.160682,-0.149624) 0.166122 (2.97275,2.81791) (-0.016128,-0.0574368) 0.146284 (-1.32789,-1.22787) (0.104197,-0.0270276) 0.190186
0.2 (-1.93373,-1.78908) (-0.0388529,0.388582) 0.172735 (2.79844,2.7831) 1.88662 1.67045 (-0.770919,-0.562368) (0.192946,0.180834) 0.164323 (2.32841,2.26699) (-0.160694,-0.149611) 0.166122 (2.95996,2.80618) (-0.127981,-0.117283) 0.146284 (-1.31021,-1.21632) (0.176756,0.115516) 0.190186
0.3 (-1.91973,-1.72427) (0.140031,0.648013) 0.172735 (2.79844,2.7831) 1.88662 1.35798 (-0.751624,-0.544284) (0.192941,0.18084) 0.164323 (2.31234,2.25203) (-0.160682,-0.149624) 0.166122 (2.94716,2.79446) (-0.127992,-0.117271) 0.146284 (-1.29512,-1.20155) (0.150906,0.147695) 0.190186
0.4 (-1.88516,-1.6387) (0.345669,0.855788) 0.172735 (2.79844,2.7831) 1.88662 1.18692 (-0.732332,-0.526198) (0.192929,0.180853) 0.164323 (2.29627,2.23707) (-0.160681,-0.149625) 0.166122 (2.93436,2.78273) (-0.12798,-0.117284) 0.146284 (-1.28003,-1.18678) (0.150893,0.147708) 0.190186
0.5 (-1.8451,-1.55514) (0.400611,0.835575) 0.172735 (2.79844,2.7831) 1.88662 1.12373 (-0.713037,-0.508114) (0.192942,0.180839) 0.164323 (2.28021,2.22211) (-0.160684,-0.149622) 0.166122 (2.92156,2.771) (-0.127988,-0.117275) 0.146284 (-1.26494,-1.17201) (0.150911,0.14769) 0.190186
0.6 (-1.80201,-1.47283) (0.430961,0.823041) 0.172735 (2.79844,2.7831) 1.88662 1.08843 (-0.693743,-0.49003) (0.192942,0.180839) 0.164323 (2.26414,2.20715) (-0.160688,-0.149618) 0.166122 (2.90876,2.75927) (-0.127985,-0.117279) 0.146284 (-1.24985,-1.15724) (0.150908,0.147694) 0.190186
0.7 (-1.75721,-1.39131) (0.447961,0.815256) 0.172735 (2.79844,2.7831) 1.88662 1.06836 (-0.674449,-0.471947) (0.192942,0.180839) 0.164323 (2.24807,2.19218) (-0.160678,-0.149628) 0.166122 (2.89596,2.74755) (-0.127996,-0.117267) 0.146284 (-1.23476,-1.14247) (0.150904,0.147697) 0.190186
0.8 (-1.71146,-1.3103) (0.457544,0.810121) 0.172735 (2.79844,2.7831) 1.88662 1.05667 (-0.655156,-0.453862) (0.192932,0.18085) 0.164323 (2.232,2.17722) (-0.16069,-0.149615) 0.166122 (2.88316,2.73582) (-0.127986,-0.117277) 0.146284 (-1.21967,-1.12771) (0.150917,0.147684) 0.190186
0.9 (-1.66516,-1.22964) (0.463008,0.806516) 0.172735 (2.79844,2.7831) 1.88662 1.04965 (-0.635861,-0.435779) (0.192949,0.180831) 0.164323 (2.21593,2.16226) (-0.160682,-0.149623) 0.166122 (2.87036,2.72409) (-0.127992,-0.117271) 0.146284 (-1.20458,-1.11294) (0.15091,0.147691) 0.190186
1 (-1.61854,-1.14927) (0.466117,0.803739) 0.172735 (2.79844,2.7831) 1.88662 1.04526 (-0.616567,-0.417694) (0.192935,0.180846) 0.164323 (2.19986,2.1473) (-0.160682,-0.149623) 0.166122 (2.85756,2.71236) (-0.127983,-0.117281) 0.146284 (-1.18949,-1.09817) (0.150902,0.1477) 0.190186
1.1 (-1.57175,-1.06912) (0.467933,0.801485) 0.172735 (2.79844,2.7831) 1.88662 1.04235 (-0.597275,-0.399608) (0.192927,0.180855) 0.164323 (2.1838,2.13233) (-0.160689,-0.149617) 0.166122 (2.84477,2.70064) (-0.127992,-0.117271) 0.146284 (-1.1744,-1.0834) (0.150904,0.147697) 0.190186
1.2 (-1.52485,-0.98918) (0.469036,0.799419) 0.172735 (2.79844,2.7831) 1.88662 1.0402 (-0.57798,-0.381526) (0.192952,0.180828) 0.164323 (2.16773,2.11737) (-0.160684,-0.149621) 0.166122 (2.83197,2.68891) (-0.127985,-0.117279) 0.146284 (-1.1593,-1.06863) (0.150908,0.147693) 0.190186
1.3 (-1.47785,-0.909433) (0.46999,0.797471) 0.172735 (2.79844,2.7831) 1.88662 1.03824 (-0.558685,-0.363442) (0.192943,0.180838) 0.164323 (2.15166,2.10241) (-0.160674,-0.149633) 0.166122 (2.81917,2.67718) (-0.127991,-0.117272) 0.146284 (-1.14421,-1.05386) (0.150899,0.147702) 0.190186
1.4 (-1.43046,-0.829795) (0.473879,0.796376) 0.172735 (2.79844,2.7831) 1.88662 1.03403 (-0.53939,-0.345359) (0.192948,0.180832) 0.164323 (2.13559,2.08745) (-0.16068,-0.149626) 0.166122 (2.80637,2.66545) (-0.127988,-0.117275) 0.146284 (-1.12912,-1.03909) (0.150899,0.147702) 0.190186
1.5 (-1.36996,-0.750833) (0.605013,0.789622) 0.172735 (2.79844,2.7831) 1.88662 0.917004 (-0.520096,-0.327275) (0.192946,0.180835) 0.164323 (2.11952,2.07248) (-0.160682,-0.149624) 0.166122 (2.79357,2.65373) (-0.12799,-0.117273) 0.146284 (-1.11403,-1.02432) (0.150906,0.147696) 0.190186
1.6 (-1.30527,-0.675465) (0.646853,0.753677) 0.172735 (2.79844,2.7831) 1.88662 0.861525 (-0.500803,-0.30919) (0.192934,0.180848) 0.164323 (2.10345,2.05752) (-0.160686,-0.149619) 0.166122 (2.78077,2.642) (-0.128,-0.117262) 0.146284 (-1.09894,-1.00955) (0.150918,0.147682) 0.190186
1.7 (-1.23835,-0.602096) (0.669257,0.733692) 0.172735 (2.79844,2.7831) 1.88662 0.831295 (-0.481508,-0.291107) (0.192946,0.180835) 0.164323 (2.08739,2.04256) (-0.160683,-0.149623) 0.166122 (2.76797,2.63027) (-0.12799,-0.117274) 0.146284 (-1.08385,-0.99478) (0.150908,0.147693) 0.190186
1.8 (-1.17021,-0.52984) (0.68142,0.722563) 0.172735 (2.79844,2.7831) 1.88662 0.814694 (-0.462214,-0.273023) (0.192943,0.180838) 0.164323 (2.07132,2.0276) (-0.16069,-0.149615) 0.166122 (2.75517,2.61855) (-0.127997,-0.117266) 0.146284 (-1.06876,-0.980012) (0.150918,0.147683) 0.190186
1.9 (-1.10139,-0.458205) (0.688118,0.716353) 0.172735 (2.79844,2.7831) 1.88662 0.805499 (-0.44292,-0.254939) (0.192939,0.180842) 0.164323 (2.05525,2.01264) (-0.160687,-0.149618) 0.166122 (2.74237,2.60682) (-0.127983,-0.11728) 0.146284 (-1.05367,-0.965242) (0.150898,0.147703) 0.190186
2 (-1.03222,-0.386932) (0.69173,0.712724) 0.172735 (2.79844,2.7831) 1.88662 0.800345 (-0.423625,-0.236855) (0.192943,0.180838) 0.164323 (2.03918,1.99767) (-0.160683,-0.149623) 0.166122 (2.72957,2.59509) (-0.127991,-0.117272) 0.146284 (-1.03858,-0.950473) (0.150909,0.147692) 0.190186
2.1 (-0.962845,-0.31587) (0.693757,0.710625) 0.172735 (2.79844,2.7831) 1.88662 0.797409 (-0.404333,-0.218769) (0.192925,0.180857) 0.164323 (2.02311,1.98271) (-0.160689,-0.149616) 0.166122 (2.71678,2.58336) (-0.127981,-0.117283) 0.146284 (-1.02349,-0.935704) (0.150919,0.147682) 0.190186
2.2 (-0.893363,-0.244938) (0.694821,0.709312) 0.172735 (2.79844,2.7831) 1.88662 0.795718 (-0.38504,-0.200684) (0.192928,0.180854) 0.164323 (2.00704,1.96775) (-0.16068,-0.149626) 0.166122 (2.70398,2.57164) (-0.127996,-0.117266) 0.146284 (-1.0084,-0.920934) (0.150899,0.147703) 0.190186
2.3 (-0.823821,-0.174089) (0.695423,0.708495) 0.172735 (2.79844,2.7831) 1.88662 0.794709 (-0.365746,-0.182601) (0.192945,0.180835) 0.164323 (1.99098,1.95279) (-0.160677,-0.149629) 0.166122 (2.69118,2.55991) (-0.127992,-0.11727) 0.146284 (-0.993306,-0.906165) (0.150911,0.14769) 0.190186
2.4 (-0.754253,-0.103304) (0.695683,0.707851) 0.172735 (2.79844,2.7831) 1.88662 0.794068 (-0.346451,-0.164517) (0.192945,0.180835) 0.164323 (1.97491,1.93782) (-0.16068,-0.149626) 0.166122 (2.67838,2.54818) (-0.12798,-0.117284) 0.146284 (-0.978215,-0.891396) (0.150914,0.147687) 0.190186
2.5 (-0.684676,-0.0325698) (0.695767,0.707341) 0.172735 (2.79844,2.7831) 1.88662 0.793647 (-0.327157,-0.146433) (0.192945,0.180836) 0.164323 (1.95884,1.92286) (-0.160685,-0.149621) 0.166122 (2.66558,2.53645) (-0.127979,-0.117285) 0.146284 (-0.963124,-0.876627) (0.150909,0.147693) 0.190186
2.6 (-0.615095,0.0381258) (0.69581,0.706956) 0.172735 (2.79844,2.7831) 1.88662 0.793343 (-0.307862,-0.128351) (0.192952,0.180829) 0.164323 (1.94277,1.9079) (-0.160687,-0.149618) 0.166122 (2.65278,2.52473) (-0.128,-0.117262) 0.146284 (-0.948033,-0.861858) (0.150908,0.147694) 0.190186
2.7 (-0.545513,0.108783) (0.695823,0.706572) 0.172735 (2.79844,2.7831) 1.88662 0.793062 (-0.288568,-0.110267) (0.192941,0.18084) 0.164323 (1.9267,1.89294) (-0.16068,-0.149626) 0.166122 (2.63998,2.513) (-0.127988,-0.117275) 0.146284 (-0.932942,-0.847089) (0.15091,0.147692) 0.190186
2.8 (-0.475905,0.179379) (0.69608,0.70596) 0.172735 (2.79844,2.7831) 1.88662 0.792445 (-0.269274,-0.0921822) (0.192937,0.180844) 0.164323 (1.91064,1.87797) (-0.160675,-0.149631) 0.166122 (2.62718,2.50127) (-0.127987,-0.117277) 0.146284 (-0.91785,-0.83232) (0.150916,0.147685) 0.190186
2.9 (-0.403641,0.248278) (0.722634,0.688993) 0.172735 (2.79844,2.7831) 1.88662 0.761571 (-0.249978,-0.0740997) (0.192956,0.180824) 0.164323 (1.89457,1.86301) (-0.160687,-0.149619) 0.166122 (2.61438,2.48955) (-0.127995,-0.117267) 0.146284 (-0.90276,-0.81755) (0.150899,0.147702) 0.190186
3 (-0.330325,0.315993) (0.733161,0.677143) 0.172735 (2.79844,2.7831) 1.88662 0.745699 (-0.230684,-0.0560164) (0.192947,0.180833) 0.164323 (1.8785,1.84805) (-0.160681,-0.149625) 0.166122 (2.60159,2.47782) (-0.12799,-0.117273) 0.146284 (-0.887669,-0.802781) (0.15091,0.147691) 0.190186
3.1 (-0.256456,0.383089) (0.73869,0.670965) 0.172735 (2.79844,2.7831) 1.88662 0.737391 (-0.211389,-0.0379329) (0.192945,0.180835) 0.164323 (1.86243,1.83309) (-0.160682,-0.149624) 0.166122 (2.58879,2.46609) (-0.127993,-0.11727) 0.146284 (-0.872579,-0.788012) (0.150909,0.147692) 0.190186
3.2 (-0.182306,0.449854) (0.741499,0.66765) 0.172735 (2.79844,2.7831) 1.88662 0.733039 (-0.192094,-0.0198504) (0.192955,0.180825) 0.164323 (1.84636,1.81813) (-0.160679,-0.149628) 0.166122 (2.57599,2.45436) (-0.127989,-0.117274) 0.146284 (-0.857487,-0.773243) (0.15091,0.147691) 0.190186
3.3 (-0.108008,0.516446) (0.742986,0.665916) 0.172735 (2.79844,2.7831) 1.88662 0.730751 (-0.17291,-0.00164913) (0.191835,0.182013) 0.164323 (1.83041,1.80304) (-0.159544,-0.150837) 0.166122 (2.56319,2.44264) (-0.12799,-0.117273) 0.146284 (-0.842396,-0.758474) (0.150911,0.14769) 0.190186
3.4 (-0.0335811,0.582873) (0.744264,0.664275) 0.172735 (2.79844,2.7831) 1.88662 0.728671 (-0.154958,0.0177681) (0.179517,0.194172) 0.164323 (1.81567,1.78677) (-0.147361,-0.16276) 0.166122 (2.55039,2.43091) (-0.127991,-0.117272) 0.146284 (-0.827306,-0.743704) (0.150905,0.147696) 0.190186
3.5 (0.041243,0.648936) (0.748241,0.660626) 0.172735 (2.79844,2.7831) 1.88662 0.72329 (-0.136947,0.0371305) (0.180108,0.193624) 0.164323 (1.80088,1.77054) (-0.147952,-0.162222) 0.166122 (2.53759,2.41918) (-0.127998,-0.117265) 0.146284 (-0.812215,-0.728934) (0.150905,0.147696) 0.190186
3.6 (0.116245,0.714784) (0.750015,0.658482) 0.172735 (2.79844,2.7831) 1.88662 0.720503 (-0.119197,0.0567322) (0.177501,0.196017) 0.164323 (1.78634,1.75409) (-0.145337,-0.164569) 0.166122 (2.52479,2.40746) (-0.127992,-0.117271) 0.146284 (-0.797124,-0.714166) (0.150915,0.147686) 0.190186
3.7 (0.191334,0.780516) (0.750894,0.657323) 0.172735 (2.79844,2.7831) 1.88662 0.719049 (-0.101612,0.0764821) (0.175851,0.197499) 0.164323 (1.77198,1.73748) (-0.143677,-0.166021) 0.166122 (2.51199,2.39573) (-0.12799,-0.117273) 0.146284 (-0.782033,-0.699397) (0.150912,0.147689) 0.190186
3.8 (0.266463,0.846182) (0.751288,0.656661) 0.172735 (2.79844,2.7831) 1.88662 0.71829 (-0.0841279,0.0963211) (0.174844,0.198391) 0.164323 (1.75771,1.72079) (-0.14266,-0.166896) 0.166122 (2.49919,2.384) (-0.127981,-0.117283) 0.146284 (-0.766941,-0.684628) (0.150915,0.147686) 0.190186
3.9 (0.341613,0.911814) (0.751504,0.656315) 0.172735 (2.79844,2.7831) 1.88662 0.717887 (-0.0666863,0.116198) (0.174416,0.198767) 0.164323 (1.74349,1.70407) (-0.142227,-0.167265) 0.166122 (2.48639,2.37227) (-0.127994,-0.117269) 0.146284 (-0.75185,-0.669859) (0.150909,0.147693) 0.190186
4 (0.416762,0.977417) (0.751484,0.656032) 0.172735 (2.79844,2.7831) 1.88662 0.717686 (-0.0492468,0.136076) (0.174394,0.198786) 0.164323 (1.72927,1.68734) (-0.142205,-0.167284) 0.166122 (2.47359,2.36055) (-0.127994,-0.117269) 0.146284 (-0.73676,-0.655089) (0.150906,0.147695) 0.190186
4.1 (0.491909,1.04301) (0.751479,0.655887) 0.172735 (2.79844,2.7831) 1.88662 0.71758 (-0.0318074,0.155955) (0.174394,0.198786) 0.164323 (1.71505,1.67061) (-0.142205,-0.167284) 0.166122 (2.4608,2.34882) (-0.127987,-0.117276) 0.146284 (-0.72167,-0.640319) (0.150901,0.147701) 0.190186
4.2 (0.567046,1.10858) (0.751368,0.65571) 0.172735 (2.79844,2.7831) 1.88662 0.717519 (-0.014368,0.175834) (0.174394,0.198786) 0.164323 (1.70083,1.65388) (-0.142205,-0.167284) 0.166122 (2.448,2.33709) (-0.127987,-0.117277) 0.146284 (-0.706578,-0.625551) (0.150913,0.147688) 0.190186
4.3 (0.642164,1.17413) (0.751174,0.655497) 0.172735 (2.79844,2.7831) 1.88662 0.717486 (0.00307147,0.195712) (0.174394,0.198786) 0.164323 (1.6866,1.63715) (-0.142205,-0.167284) 0.166122 (2.4352,2.32536) (-0.127992,-0.117271) 0.146284 (-0.691488,-0.610781) (0.150906,0.147695) 0.190186
4.4 (0.717274,1.23967) (0.751109,0.655423) 0.172735 (2.79844,2.7831) 1.88662 0.717473 (0.0205109,0.215591) (0.174394,0.198786) 0.164323 (1.67238,1.62043) (-0.142205,-0.167284) 0.166122 (2.4224,2.31364) (-0.127994,-0.117269) 0.146284 (-0.676397,-0.596011) (0.150904,0.147697) 0.190186
4.5 (0.79236,1.30519) (0.750859,0.655196) 0.172735 (2.79844,2.7831) 1.88662 0.717467 (0.0379503,0.235469) (0.174394,0.198786) 0.164323 (1.65816,1.6037) (-0.142205,-0.167284) 0.166122 (2.4096,2.30191) (-0.127991,-0.117272) 0.146284 (-0.661307,-0.581241) (0.150903,0.147698) 0.190186
4.6 (0.867436,1.3707) (0.750754,0.655096) 0.172735 (2.79844,2.7831) 1.88662 0.717461 (0.0553898,0.255348) (0.174394,0.198786) 0.164323 (1.64394,1.58697) (-0.142205,-0.167284) 0.166122 (2.3968,2.29018) (-0.127988,-0.117275) 0.146284 (-0.646216,-0.566472) (0.150908,0.147693) 0.190186
4.7 (0.942485,1.43618) (0.750496,0.654863) 0.172735 (2.79844,2.7831) 1.88662 0.717454 (0.0728292,0.275227) (0.174394,0.198786) 0.164323 (1.62972,1.57024) (-0.142205,-0.167284) 0.166122 (2.384,2.27846) (-0.127991,-0.117271) 0.146284 (-0.631126,-0.551703) (0.150906,0.147696) 0.190186
4.8 (1.01751,1.50165) (0.750268,0.654663) 0.172735 (2.79844,2.7831) 1.88662 0.717453 (0.0902687,0.295105) (0.174394,0.198786) 0.164323 (1.6155,1.55351) (-0.142205,-0.167284) 0.166122 (2.3712,2.26673) (-0.127991,-0.117272) 0.146284 (-0.616035,-0.536933) (0.150907,0.147694) 0.190186
4.9 (1.0925,1.56709) (0.749928,0.654364) 0.172735 (2.79844,2.7831) 1.88662 0.717452 (0.107708,0.314984) (0.174394,0.198786) 0.164323 (1.60128,1.53678) (-0.142205,-0.167284) 0.166122 (2.3584,2.255) (-0.127984,-0.11728) 0.146284 (-0.600944,-0.522164) (0.150909,0.147692) 0.190186
5 (1.16747,1.6325) (0.749638,0.654101) 0.172735 (2.79844,2.7831) 1.88662 0.717444 (0.125148,0.334862) (0.174394,0.198786) 0.164323 (1.58706,1.52006) (-0.142205,-0.167284) 0.166122 (2.3456,2.24327) (-0.127987,-0.117276) 0.146284 (-0.585853,-0.507395) (0.15091,0.147692) 0.190186
5.1 (1.24239,1.69787) (0.749225,0.653738) 0.172735 (2.79844,2.7831) 1.88662 0.717442 (0.142587,0.354741) (0.174394,0.198786) 0.164323 (1.57284,1.50333) (-0.142205,-0.167284) 0.166122 (2.33281,2.23154) (-0.127988,-0.117276) 0.146284 (-0.570762,-0.492626) (0.150908,0.147693) 0.190186
5.2 (1.31727,1.76321) (0.748833,0.653394) 0.172735 (2.79844,2.7831) 1.88662 0.71744 (0.160026,0.37462) (0.174394,0.198786) 0.164323 (1.55862,1.4866) (-0.142205,-0.167284) 0.166122 (2.32001,2.21982) (-0.127988,-0.117276) 0.146284 (-0.555671,-0.477856) (0.150908,0.147693) 0.190186
5.3 (1.3921,1.8285) (0.748274,0.652902) 0.172735 (2.79844,2.7831) 1.88662 0.717437 (0.177466,0.394498) (0.174394,0.198786) 0.164323 (1.5444,1.46987) (-0.142205,-0.167284) 0.166122 (2.30721,2.20809) (-0.127985,-0.117278) 0.146284 (-0.540581,-0.463087) (0.150908,0.147693) 0.190186
5.4 (1.46687,1.89374) (0.747697,0.652392) 0.172735 (2.79844,2.7831) 1.88662 0.717432 (0.194905,0.414377) (0.174394,0.198786) 0.164323 (1.53018,1.45314) (-0.142205,-0.167284) 0.166122 (2.29441,2.19636) (-0.127986,-0.117277) 0.146284 (-0.52549,-0.448318) (0.150909,0.147692) 0.190186
5.5 (1.54157,1.95891) (0.746952,0.651737) 0.172735 (2.79844,2.7831) 1.88662 0.717429 (0.212345,0.434255) (0.174394,0.198786) 0.164323 (1.51596,1.43641) (-0.142205,-0.167284) 0.166122 (2.28161,2.18463) (-0.127986,-0.117277) 0.146284 (-0.510398,-0.433549) (0.150915,0.147686) 0.190186
5.6 (1.61617,2.02401) (0.746059,0.650952) 0.172735 (2.79844,2.7831) 1.88662 0.717424 (0.229784,0.454134) (0.174394,0.198786) 0.164323 (1.50174,1.41969) (-0.142205,-0.167284) 0.166122 (2.26881,2.17291) (-0.127987,-0.117277) 0.146284 (-0.495308,-0.418779) (0.150905,0.147697) 0.190186
5.7 (1.69068,2.08901) (0.745048,0.650064) 0.172735 (2.79844,2.7831) 1.88662 0.717419 (0.247224,0.474013) (0.174394,0.198786) 0.164323 (1.48752,1.40296) (-0.142205,-0.167284) 0.166122 (2.25601,2.16118) (-0.127984,-0.11728) 0.146284 (-0.480216,-0.404011) (0.150914,0.147687) 0.190186
5.8 (1.76505,2.1539) (0.743726,0.648899) 0.172735 (2.79844,2.7831) 1.88662 0.717411 (0.264663,0.493891) (0.174394,0.198786) 0.164323 (1.4733,1.38623) (-0.142205,-0.167284) 0.166122 (2.24322,2.14945) (-0.127986,-0.117278) 0.146284 (-0.465126,-0.389241) (0.150902,0.1477) 0.190186
5.9 (1.83926,2.21865) (0.742115,0.647483) 0.172735 (2.79844,2.7831) 1.88662 0.717402 (0.282103,0.51377) (0.174394,0.198786) 0.164323 (1.45908,1.3695) (-0.142205,-0.167284) 0.166122 (2.23042,2.13772) (-0.127986,-0.117278) 0.146284 (-0.450034,-0.374473) (0.150919,0.147682) 0.190186
6 (1.91327,2.28322) (0.740056,0.645673) 0.172735 (2.79844,2.7831) 1.88662 0.717392 (0.299542,0.533648) (0.174394,0.198786) 0.164323 (1.44486,1.35277) (-0.142205,-0.167284) 0.166122 (2.21762,2.12599) (-0.127986,-0.117278) 0.146284 (-0.434943,-0.359704) (0.150917,0.147684) 0.190186
6.1 (1.98701,2.34755) (0.737409,0.643346) 0.172735 (2.79844,2.7831) 1.88662 0.717378 (0.316981,0.553527) (0.174394,0.198786) 0.164323 (1.43064,1.33604) (-0.142205,-0.167284) 0.166122 (2.20482,2.11427) (-0.127986,-0.117277) 0.146284 (-0.419853,-0.344934) (0.150898,0.147704) 0.190186
6.2 (2.05462,2.4065) (0.676133,0.589478) 0.172735 (2.79844,2.7831) 1.88662 0.717036 (0.334421,0.573405) (0.174394,0.198786) 0.164323 (1.41642,1.31931) (-0.142205,-0.167284) 0.166122 (2.19202,2.10254) (-0.127989,-0.117274) 0.146284 (-0.404761,-0.330166) (0.150918,0.147683) 0.190186
6.3 (2.129,2.44417) (0.74379,0.376669) 0.172735 (2.79844,2.7831) 1.88662 0.468769 (0.35186,0.593284) (0.174394,0.198786) 0.164323 (1.4022,1.30259) (-0.142205,-0.167284) 0.166122 (2.17922,2.09081) (-0.127984,-0.11728) 0.146284 (-0.389671,-0.315395) (0.150897,0.147705) 0.190186
6.4 (2.19594,2.47807) (0.669412,0.339025) 0.172735 (2.79844,2.7831) 1.88662 0.468796 (0.3693,0.613163) (0.174394,0.198786) 0.164323 (1.38828,1.2856) (-0.139131,-0.169849) 0.166122 (2.16642,2.07908) (-0.127991,-0.117272) 0.146284 (-0.374897,-0.300309) (0.147745,0.150857) 0.190186
6.5 (2.25619,2.50857) (0.602523,0.30496) 0.172735 (2.79844,2.7831) 1.88662 0.468546 (0.386713,0.633064) (0.174129,0.199019) 0.164323 (1.37463,1.26841) (-0.136535,-0.171942) 0.166122 (2.15365,2.06733) (-0.127741,-0.117544) 0.146284 (-0.36038,-0.284976) (0.14517,0.153336) 0.190186
6.6 (2.31042,2.53602) (0.542274,0.274565) 0.172735 (2.79844,2.7831) 1.88662 0.468692 (0.404024,0.653055) (0.17311,0.199906) 0.164323 (1.36116,1.25106) (-0.134638,-0.173432) 0.166122 (2.14097,2.05547) (-0.126798,-0.118561) 0.146284 (-0.346047,-0.269469) (0.143326,0.155062) 0.190186
6.7 (2.35922,2.56073) (0.488024,0.247033) 0.172735 (2.79844,2.7831) 1.88662 0.468587 (0.421285,0.673089) (0.172611,0.200336) 0.164323 (1.34784,1.23362) (-0.133291,-0.174469) 0.166122 (2.12834,2.04357) (-0.126343,-0.119046) 0.146284 (-0.331844,-0.253845) (0.142034,0.156246) 0.190186
6.8 (2.40315,2.58296) (0.439269,0.222365) 0.172735 (2.79844,2.7831) 1.88662 0.468607 (0.438539,0.693128) (0.172543,0.200395) 0.164323 (1.33459,1.2161) (-0.132428,-0.175125) 0.166122 (2.11571,2.03166) (-0.126281,-0.119112) 0.146284 (-0.317722,-0.238146) (0.141218,0.156984) 0.190186
