[]
timestamp position0 velocity0 radius0 goal pref_speed theta position1 velocity1 radius1 position2 velocity2 radius2 position3 velocity3 radius3 position4 velocity4 radius4 position5 velocity5 radius5 position6 velocity6 radius6
0 (-1.85431,-1.5526) (0,0) 0.166491 (2.79844,2.7831) 1.5027 0 (-0.578157,-0.533184) (0,0) 0.121937 (2.35373,2.74373) (0,0) 0.204708 (2.9114,3.33878) (0,0) 0.180148 (-1.23679,-0.885033) (0,0) 0.121582
0.1 (-1.84464,-1.55308) (0.096636,-0.00475403) 0.166491 (2.79844,2.7831) 1.5027 -0.0491556 (-0.568798,-0.523992) (0.0935962,0.0919206) 0.121937 (2.34029,2.72975) (-0.134357,-0.139783) 0.204708 (2.90812,3.33595) (-0.0327501,-0.0283314) 0.180148 (-1.23808,-0.87193) (-0.0129479,0.131031) 0.121582
0.2 (-1.8206,-1.54366) (0.240435,0.0941622) 0.166491 (2.79844,2.7831) 1.5027 0.373273 (-0.559438,-0.5148) (0.0935943,0.0919225) 0.121937 (2.32685,2.71577) (-0.134363,-0.139777) 0.204708 (2.89623,3.32474) (-0.118887,-0.112093) 0.180148 (-1.22919,-0.862221) (0.0889408,0.0970894) 0.121582
0.3 (-1.77809,-1.53415) (0.425064,0.0951316) 0.166491 (2.79844,2.7831) 1.5027 0.220177 (-0.550079,-0.505608) (0.0935955,0.0919213) 0.121937 (2.31342,2.7018) (-0.134376,-0.139764) 0.204708 (2.87832,3.31076) (-0.179068,-0.139827) 0.180148 (-1.2195,-0.853304) (0.0968808,0.0891679) 0.121582
0.4 (-1.70814,-1.50418) (0.699555,0.29965) 0.166491 (2.79844,2.7831) 1.5027 0.404699 (-0.54072,-0.496415) (0.0935916,0.0919253) 0.121937 (2.29998,2.68782) (-0.13437,-0.139771) 0.204708 (2.86149,3.29292) (-0.16839,-0.178349) 0.180148 (-1.20981,-0.844388) (0.0968882,0.0891599) 0.121582
0.5 (-1.62251,-1.45804) (0.856227,0.461418) 0.166491 (2.79844,2.7831) 1.5027 0.494279 (-0.53136,-0.487223) (0.0935974,0.0919194) 0.121937 (2.28654,2.67384) (-0.134359,-0.139781) 0.204708 (2.84465,3.27509) (-0.168386,-0.178353) 0.180148 (-1.20012,-0.835471) (0.0968815,0.0891672) 0.121582
0.6 (-1.53853,-1.40908) (0.839809,0.489642) 0.166491 (2.79844,2.7831) 1.5027 0.527856 (-0.522001,-0.47803) (0.0935893,0.0919276) 0.121937 (2.27311,2.65987) (-0.134378,-0.139763) 0.204708 (2.82781,3.25725) (-0.168389,-0.17835) 0.180148 (-1.19044,-0.826555) (0.0968823,0.0891663) 0.121582
0.7 (-1.45544,-1.35862) (0.830883,0.504528) 0.166491 (2.79844,2.7831) 1.5027 0.545711 (-0.512641,-0.468838) (0.093594,0.0919228) 0.121937 (2.25967,2.64589) (-0.134372,-0.139768) 0.204708 (2.81097,3.23942) (-0.168393,-0.178346) 0.180148 (-1.18075,-0.817638) (0.0968822,0.0891664) 0.121582
0.8 (-1.37288,-1.30741) (0.825653,0.512188) 0.166491 (2.79844,2.7831) 1.5027 0.555243 (-0.503282,-0.459646) (0.0935984,0.0919183) 0.121937 (2.24623,2.63191) (-0.13437,-0.139771) 0.204708 (2.79413,3.22158) (-0.168383,-0.178355) 0.180148 (-1.17106,-0.808721) (0.0968768,0.0891723) 0.121582
0.9 (-1.29063,-1.2558) (0.822508,0.516085) 0.166491 (2.79844,2.7831) 1.5027 0.560362 (-0.493923,-0.450453) (0.0935881,0.0919288) 0.121937 (2.23279,2.61794) (-0.13438,-0.139761) 0.204708 (2.77729,3.20375) (-0.1684,-0.17834) 0.180148 (-1.16137,-0.799804) (0.0968809,0.0891678) 0.121582
1 (-1.20858,-1.204) (0.820506,0.518011) 0.166491 (2.79844,2.7831) 1.5027 0.563139 (-0.484563,-0.441262) (0.0936021,0.0919146) 0.121937 (2.21936,2.60396) (-0.134367,-0.139773) 0.204708 (2.76045,3.18592) (-0.168407,-0.178333) 0.180148 (-1.15168,-0.790887) (0.0968809,0.0891678) 0.121582
1.1 (-1.12667,-1.15211) (0.819097,0.51885) 0.166491 (2.79844,2.7831) 1.5027 0.564647 (-0.475203,-0.43207) (0.0935944,0.0919224) 0.121937 (2.20592,2.58998) (-0.134377,-0.139764) 0.204708 (2.74361,3.16808) (-0.168392,-0.178347) 0.180148 (-1.142,-0.781971) (0.0968859,0.0891625) 0.121582
1.2 (-1.04488,-1.10021) (0.817869,0.519043) 0.166491 (2.79844,2.7831) 1.5027 0.565493 (-0.465844,-0.422877) (0.0935921,0.0919248) 0.121937 (2.19248,2.576) (-0.134366,-0.139774) 0.204708 (2.72677,3.15025) (-0.168385,-0.178354) 0.180148 (-1.13231,-0.773054) (0.0968777,0.0891713) 0.121582
1.3 (-0.9632,-1.04831) (0.816818,0.518928) 0.166491 (2.79844,2.7831) 1.5027 0.565975 (-0.456484,-0.413685) (0.0935972,0.0919195) 0.121937 (2.17905,2.56203) (-0.134366,-0.139775) 0.204708 (2.70993,3.13241) (-0.16839,-0.17835) 0.180148 (-1.12262,-0.764137) (0.0968812,0.0891675) 0.121582
1.4 (-0.881621,-0.996455) (0.815791,0.518598) 0.166491 (2.79844,2.7831) 1.5027 0.566257 (-0.447125,-0.404493) (0.0935942,0.0919227) 0.121937 (2.16561,2.54805) (-0.134369,-0.139771) 0.204708 (2.69309,3.11458) (-0.16839,-0.178349) 0.180148 (-1.11293,-0.75522) (0.0968812,0.0891675) 0.121582
1.5 (-0.800137,-0.944635) (0.814836,0.518192) 0.166491 (2.79844,2.7831) 1.5027 0.566432 (-0.437766,-0.3953) (0.0935857,0.0919313) 0.121937 (2.15217,2.53407) (-0.134375,-0.139765) 0.204708 (2.67626,3.09674) (-0.168387,-0.178352) 0.180148 (-1.10324,-0.746304) (0.096882,0.0891667) 0.121582
1.6 (-0.718755,-0.892866) (0.81382,0.517689) 0.166491 (2.79844,2.7831) 1.5027 0.566558 (-0.428407,-0.386107) (0.0935921,0.0919248) 0.121937 (2.13874,2.5201) (-0.134367,-0.139773) 0.204708 (2.65942,3.07891) (-0.168396,-0.178344) 0.180148 (-1.09356,-0.737387) (0.0968814,0.0891673) 0.121582
1.7 (-0.637477,-0.841154) (0.812781,0.517127) 0.166491 (2.79844,2.7831) 1.5027 0.566644 (-0.419048,-0.376915) (0.0935938,0.091923) 0.121937 (2.1253,2.50612) (-0.134368,-0.139772) 0.204708 (2.64258,3.06107) (-0.168394,-0.178346) 0.180148 (-1.08387,-0.72847) (0.0968778,0.0891712) 0.121582
1.8 (-0.556307,-0.789502) (0.811699,0.516515) 0.166491 (2.79844,2.7831) 1.5027 0.566712 (-0.409688,-0.367723) (0.0935937,0.0919231) 0.121937 (2.11186,2.49214) (-0.134358,-0.139782) 0.204708 (2.62574,3.04324) (-0.168394,-0.178346) 0.180148 (-1.07418,-0.719553) (0.0968788,0.0891701) 0.121582
1.9 (-0.475252,-0.737916) (0.810556,0.515858) 0.166491 (2.79844,2.7831) 1.5027 0.566773 (-0.400328,-0.358531) (0.0936026,0.0919141) 0.121937 (2.09843,2.47816) (-0.134366,-0.139774) 0.204708 (2.6089,3.0254) (-0.168393,-0.178347) 0.180148 (-1.06449,-0.710636) (0.0968851,0.0891633) 0.121582
2 (-0.394317,-0.686402) (0.80935,0.515147) 0.166491 (2.79844,2.7831) 1.5027 0.566823 (-0.390968,-0.349339) (0.0935977,0.0919191) 0.121937 (2.08499,2.46419) (-0.134365,-0.139775) 0.204708 (2.59206,3.00757) (-0.168377,-0.178361) 0.180148 (-1.0548,-0.70172) (0.0968799,0.0891689) 0.121582
2.1 (-0.313508,-0.634961) (0.80809,0.51441) 0.166491 (2.79844,2.7831) 1.5027 0.56688 (-0.381609,-0.340147) (0.093589,0.0919279) 0.121937 (2.07155,2.45021) (-0.13437,-0.139771) 0.204708 (2.57522,2.98973) (-0.16838,-0.178358) 0.180148 (-1.04511,-0.692804) (0.0968902,0.0891578) 0.121582
2.2 (-0.232829,-0.583595) (0.806781,0.513657) 0.166491 (2.79844,2.7831) 1.5027 0.56695 (-0.37225,-0.330954) (0.0935952,0.0919216) 0.121937 (2.05811,2.43623) (-0.134377,-0.139764) 0.204708 (2.55838,2.9719) (-0.168382,-0.178357) 0.180148 (-1.03543,-0.683887) (0.0968817,0.089167) 0.121582
2.3 (-0.152297,-0.53231) (0.805322,0.51285) 0.166491 (2.79844,2.7831) 1.5027 0.567058 (-0.362891,-0.321762) (0.093592,0.0919249) 0.121937 (2.04468,2.42226) (-0.134368,-0.139772) 0.204708 (2.54155,2.95406) (-0.168383,-0.178356) 0.180148 (-1.02574,-0.674971) (0.096888,0.0891601) 0.121582
2.4 (-0.0758544,-0.466713) (0.764429,0.655968) 0.166491 (2.79844,2.7831) 1.5027 0.709186 (-0.353531,-0.31257) (0.0935947,0.0919221) 0.121937 (2.03124,2.40828) (-0.134371,-0.13977) 0.204708 (2.52471,2.93623) (-0.16839,-0.178349) 0.180148 (-1.01605,-0.666054) (0.096882,0.0891666) 0.121582
2.5 (-0.00423108,-0.396681) (0.716233,0.700326) 0.166491 (2.79844,2.7831) 1.5027 0.774169 (-0.344172,-0.303378) (0.0935955,0.0919213) 0.121937 (2.0178,2.3943) (-0.134371,-0.13977) 0.204708 (2.50787,2.91839) (-0.16839,-0.178349) 0.180148 (-1.00636,-0.657138) (0.0968834,0.0891651) 0.121582
2.6 (0.0648849,-0.324368) (0.69116,0.723129) 0.166491 (2.79844,2.7831) 1.5027 0.807998 (-0.334812,-0.294185) (0.0935955,0.0919213) 0.121937 (2.00437,2.38032) (-0.134376,-0.139764) 0.204708 (2.49103,2.90056) (-0.168393,-0.178346) 0.180148 (-0.996673,-0.648221) (0.0968813,0.0891674) 0.121582
2.7 (0.132705,-0.250869) (0.678204,0.734984) 0.166491 (2.79844,2.7831) 1.5027 0.825555 (-0.325453,-0.284993) (0.0935944,0.0919224) 0.121937 (1.99093,2.36635) (-0.134361,-0.139779) 0.204708 (2.47419,2.88272) (-0.168395,-0.178345) 0.180148 (-0.986984,-0.639305) (0.0968839,0.0891646) 0.121582
2.8 (0.199846,-0.176766) (0.67141,0.741036) 0.166491 (2.79844,2.7831) 1.5027 0.834653 (-0.316094,-0.2758) (0.0935858,0.0919312) 0.121937 (1.97749,2.35237) (-0.13436,-0.13978) 0.204708 (2.45735,2.86489) (-0.168388,-0.178351) 0.180148 (-0.977296,-0.630389) (0.0968863,0.0891619) 0.121582
2.9 (0.266632,-0.102351) (0.667853,0.744147) 0.166491 (2.79844,2.7831) 1.5027 0.839379 (-0.306734,-0.266608) (0.0935973,0.0919194) 0.121937 (1.96406,2.33839) (-0.134364,-0.139776) 0.204708 (2.44051,2.84705) (-0.168389,-0.17835) 0.180148 (-0.967607,-0.621472) (0.0968812,0.0891675) 0.121582
3 (0.333235,-0.0277702) (0.666037,0.745809) 0.166491 (2.79844,2.7831) 1.5027 0.84184 (-0.297375,-0.257416) (0.0935944,0.0919225) 0.121937 (1.95062,2.32441) (-0.134368,-0.139772) 0.204708 (2.42367,2.82922) (-0.168385,-0.178354) 0.180148 (-0.95792,-0.612554) (0.0968745,0.0891748) 0.121582
3.1 (0.39974,0.0468924) (0.665043,0.746626) 0.166491 (2.79844,2.7831) 1.5027 0.843126 (-0.288015,-0.248224) (0.0935943,0.0919225) 0.121937 (1.93718,2.31044) (-0.134369,-0.139771) 0.204708 (2.40683,2.81138) (-0.168385,-0.178353) 0.180148 (-0.948232,-0.603638) (0.0968843,0.0891641) 0.121582
3.2 (0.466193,0.121599) (0.664538,0.747069) 0.166491 (2.79844,2.7831) 1.5027 0.843798 (-0.278656,-0.239032) (0.093598,0.0919188) 0.121937 (1.92375,2.29646) (-0.134379,-0.139762) 0.204708 (2.39,2.79355) (-0.168387,-0.178352) 0.180148 (-0.938543,-0.594722) (0.0968868,0.0891615) 0.121582
3.3 (0.532624,0.196334) (0.664305,0.747346) 0.166491 (2.79844,2.7831) 1.5027 0.844156 (-0.269297,-0.229839) (0.0935889,0.091928) 0.121937 (1.91031,2.28248) (-0.134374,-0.139767) 0.204708 (2.37316,2.77571) (-0.168388,-0.178351) 0.180148 (-0.928855,-0.585805) (0.0968816,0.0891671) 0.121582
3.4 (0.599043,0.271083) (0.664191,0.747495) 0.166491 (2.79844,2.7831) 1.5027 0.84434 (-0.259937,-0.220647) (0.0935987,0.091918) 0.121937 (1.89687,2.26851) (-0.134373,-0.139767) 0.204708 (2.35632,2.75788) (-0.16839,-0.178349) 0.180148 (-0.919167,-0.576888) (0.0968814,0.0891673) 0.121582
3.5 (0.665454,0.345838) (0.664106,0.747544) 0.166491 (2.79844,2.7831) 1.5027 0.844436 (-0.250577,-0.211455) (0.0935979,0.0919189) 0.121937 (1.88343,2.25453) (-0.134371,-0.13977) 0.204708 (2.33948,2.74004) (-0.168392,-0.178347) 0.180148 (-0.909478,-0.567972) (0.0968808,0.089168) 0.121582
3.6 (0.731861,0.420596) (0.66407,0.747577) 0.166491 (2.79844,2.7831) 1.5027 0.844485 (-0.241218,-0.202263) (0.0935918,0.0919251) 0.121937 (1.87,2.24055) (-0.134374,-0.139767) 0.204708 (2.32264,2.72221) (-0.168391,-0.178348) 0.180148 (-0.89979,-0.559055) (0.0968831,0.0891654) 0.121582
3.7 (0.798265,0.495355) (0.664044,0.74759) 0.166491 (2.79844,2.7831) 1.5027 0.844513 (-0.231858,-0.193071) (0.0935938,0.091923) 0.121937 (1.85656,2.22658) (-0.134366,-0.139774) 0.204708 (2.3058,2.70437) (-0.168401,-0.178339) 0.180148 (-0.890102,-0.550139) (0.0968854,0.089163) 0.121582
3.8 (0.864669,0.570114) (0.664035,0.747595) 0.166491 (2.79844,2.7831) 1.5027 0.844523 (-0.2225,-0.183878) (0.0935883,0.0919286) 0.121937 (1.84312,2.2126) (-0.134374,-0.139766) 0.204708 (2.28896,2.68654) (-0.168378,-0.17836) 0.180148 (-0.880413,-0.541222) (0.0968848,0.0891636) 0.121582
3.9 (0.931068,0.644871) (0.663998,0.74757) 0.166491 (2.79844,2.7831) 1.5027 0.844534 (-0.21314,-0.174685) (0.0935925,0.0919243) 0.121937 (1.82969,2.19862) (-0.134366,-0.139774) 0.204708 (2.27212,2.6687) (-0.168381,-0.178358) 0.180148 (-0.870725,-0.532305) (0.0968774,0.0891717) 0.121582
4 (0.997471,0.719631) (0.664025,0.7476) 0.166491 (2.79844,2.7831) 1.5027 0.844534 (-0.203781,-0.165493) (0.0935977,0.091919) 0.121937 (1.81625,2.18464) (-0.134367,-0.139773) 0.204708 (2.25528,2.65087) (-0.168392,-0.178347) 0.180148 (-0.861038,-0.523387) (0.0968732,0.0891762) 0.121582
4.1 (1.06387,0.794389) (0.664003,0.747577) 0.166491 (2.79844,2.7831) 1.5027 0.844535 (-0.194421,-0.156301) (0.0935944,0.0919224) 0.121937 (1.80265,2.17082) (-0.13597,-0.138215) 0.204708 (2.23863,2.63287) (-0.166525,-0.179987) 0.180148 (-0.85135,-0.51447) (0.0968777,0.0891713) 0.121582
4.2 (1.13018,0.869228) (0.663118,0.748394) 0.166491 (2.79844,2.7831) 1.5027 0.84574 (-0.185062,-0.147109) (0.0935939,0.0919229) 0.121937 (1.7882,2.1579) (-0.144544,-0.129222) 0.204708 (2.2221,2.61481) (-0.16531,-0.180598) 0.180148 (-0.841662,-0.505554) (0.0968869,0.0891613) 0.121582
4.3 (1.1965,0.944078) (0.663134,0.748499) 0.166491 (2.79844,2.7831) 1.5027 0.845797 (-0.175703,-0.137916) (0.0935928,0.091924) 0.121937 (1.77378,2.14494) (-0.14415,-0.12966) 0.204708 (2.20557,2.59673) (-0.165355,-0.180735) 0.180148 (-0.831974,-0.496637) (0.0968797,0.0891691) 0.121582
4.4 (1.26281,1.01892) (0.663095,0.748455) 0.166491 (2.79844,2.7831) 1.5027 0.845798 (-0.166343,-0.128724) (0.0935929,0.0919239) 0.121937 (1.75921,2.13215) (-0.145772,-0.127834) 0.204708 (2.18906,2.57869) (-0.165044,-0.180387) 0.180148 (-0.822285,-0.487721) (0.0968823,0.0891664) 0.121582
4.5 (1.32912,1.09377) (0.663096,0.748456) 0.166491 (2.79844,2.7831) 1.5027 0.845798 (-0.156984,-0.119532) (0.0935927,0.0919241) 0.121937 (1.7445,2.11952) (-0.147046,-0.126367) 0.204708 (2.17259,2.56069) (-0.164756,-0.180064) 0.180148 (-0.812597,-0.478804) (0.0968816,0.0891671) 0.121582
4.6 (1.39542,1.16861) (0.663084,0.748443) 0.166491 (2.79844,2.7831) 1.5027 0.845798 (-0.147624,-0.11034) (0.0936,0.0919167) 0.121937 (1.72969,2.10701) (-0.148141,-0.125081) 0.204708 (2.15614,2.54271) (-0.164475,-0.179749) 0.180148 (-0.802909,-0.469887) (0.0968812,0.0891676) 0.121582
4.7 (1.46173,1.24346) (0.663063,0.748419) 0.166491 (2.79844,2.7831) 1.5027 0.845798 (-0.138265,-0.101148) (0.0935938,0.091923) 0.121937 (1.71478,2.09461) (-0.14909,-0.123949) 0.204708 (2.13972,2.52477) (-0.164204,-0.179444) 0.180148 (-0.793221,-0.460971) (0.0968835,0.089165) 0.121582
4.8 (1.52804,1.3183) (0.663087,0.748446) 0.166491 (2.79844,2.7831) 1.5027 0.845798 (-0.128906,-0.0919548) (0.0935887,0.0919282) 0.121937 (1.69979,2.08232) (-0.14992,-0.122943) 0.204708 (2.12332,2.50685) (-0.163941,-0.17915) 0.180148 (-0.783532,-0.452055) (0.0968868,0.0891614) 0.121582
4.9 (1.59435,1.39314) (0.663072,0.74843) 0.166491 (2.79844,2.7831) 1.5027 0.845798 (-0.119546,-0.0827631) (0.0935997,0.091917) 0.121937 (1.68472,2.07011) (-0.150652,-0.122045) 0.204708 (2.10695,2.48897) (-0.163689,-0.178867) 0.180148 (-0.773844,-0.443138) (0.0968828,0.0891657) 0.121582
5 (1.66065,1.46799) (0.663078,0.748436) 0.166491 (2.79844,2.7831) 1.5027 0.845798 (-0.110186,-0.0735712) (0.0935978,0.091919) 0.121937 (1.66959,2.05799) (-0.151301,-0.12124) 0.204708 (2.09061,2.47111) (-0.163447,-0.178595) 0.180148 (-0.764155,-0.434222) (0.0968852,0.0891631) 0.121582
5.1 (1.72696,1.54283) (0.66306,0.748416) 0.166491 (2.79844,2.7831) 1.5027 0.845798 (-0.100826,-0.0643795) (0.0936001,0.0919166) 0.121937 (1.6544,2.04594) (-0.151879,-0.120515) 0.204708 (2.07429,2.45327) (-0.163214,-0.178335) 0.180148 (-0.754467,-0.425305) (0.0968822,0.0891664) 0.121582
5.2 (1.79326,1.61767) (0.663036,0.748389) 0.166491 (2.79844,2.7831) 1.5027 0.845798 (-0.091467,-0.0551868) (0.0935894,0.0919275) 0.121937 (1.63916,2.03395) (-0.152395,-0.119862) 0.204708 (2.05799,2.43547) (-0.162992,-0.178085) 0.180148 (-0.74478,-0.416387) (0.0968746,0.0891747) 0.121582
5.3 (1.85956,1.6925) (0.663009,0.748359) 0.166491 (2.79844,2.7831) 1.5027 0.845798 (-0.0821072,-0.0459949) (0.0935982,0.0919185) 0.121937 (1.62388,2.02202) (-0.152857,-0.119272) 0.204708 (2.04171,2.41768) (-0.16278,-0.177847) 0.180148 (-0.735092,-0.407471) (0.0968809,0.0891679) 0.121582
5.4 (1.92587,1.76734) (0.663052,0.748407) 0.166491 (2.79844,2.7831) 1.5027 0.845798 (-0.0727472,-0.0368032) (0.0935998,0.0919169) 0.121937 (1.60855,2.01015) (-0.153272,-0.118739) 0.204708 (2.02545,2.39992) (-0.162577,-0.17762) 0.180148 (-0.725403,-0.398554) (0.0968849,0.0891635) 0.121582
5.5 (1.99217,1.84218) (0.662978,0.748325) 0.166491 (2.79844,2.7831) 1.5027 0.845798 (-0.0633886,-0.0276101) (0.093586,0.091931) 0.121937 (1.59319,1.99832) (-0.153644,-0.118257) 0.204708 (2.00922,2.38218) (-0.162385,-0.177405) 0.180148 (-0.715714,-0.389638) (0.0968875,0.0891606) 0.121582
5.6 (2.05847,1.91701) (0.663008,0.748358) 0.166491 (2.79844,2.7831) 1.5027 0.845798 (-0.0540295,-0.0184175) (0.0935909,0.091926) 0.121937 (1.57779,1.98654) (-0.153978,-0.117822) 0.204708 (1.99299,2.36446) (-0.162202,-0.1772) 0.180148 (-0.706026,-0.380722) (0.0968842,0.0891643) 0.121582
5.7 (2.12477,1.99185) (0.662981,0.748328) 0.166491 (2.79844,2.7831) 1.5027 0.845798 (-0.0446703,-0.00922503) (0.0935919,0.0919249) 0.121937 (1.56236,1.9748) (-0.154277,-0.117429) 0.204708 (1.97679,2.34676) (-0.16203,-0.177006) 0.180148 (-0.696337,-0.371806) (0.0968854,0.0891629) 0.121582
5.8 (2.19106,2.06668) (0.662983,0.74833) 0.166491 (2.79844,2.7831) 1.5027 0.845798 (-0.0353106,-3.30806e-05) (0.0935973,0.0919195) 0.121937 (1.54691,1.96309) (-0.154546,-0.117075) 0.204708 (1.96061,2.32908) (-0.161867,-0.176823) 0.180148 (-0.686649,-0.362889) (0.0968841,0.0891643) 0.121582
5.9 (2.25332,2.13697) (0.622515,0.702941) 0.166491 (2.79844,2.7831) 1.5027 0.846002 (-0.0259506,0.00915864) (0.0935995,0.0919172) 0.121937 (1.53143,1.95142) (-0.154787,-0.116757) 0.204708 (1.94443,2.31141) (-0.161713,-0.176651) 0.180148 (-0.676961,-0.353972) (0.096882,0.0891666) 0.121582
6 (2.30783,2.20159) (0.545174,0.646142) 0.166491 (2.79844,2.7831) 1.5027 0.869949 (-0.0165915,0.0183512) (0.0935916,0.0919252) 0.121937 (1.51593,1.93977) (-0.155002,-0.116471) 0.204708 (1.92843,2.29283) (-0.160073,-0.18585) 0.180148 (-0.667272,-0.345056) (0.0968837,0.0891648) 0.121582
6.1 (2.3569,2.25974) (0.490622,0.581519) 0.166491 (2.79844,2.7831) 1.5027 0.869977 (-0.00723195,0.0275433) (0.0935953,0.0919215) 0.121937 (1.50045,1.92809) (-0.154763,-0.116788) 0.204708 (1.9124,2.27426) (-0.16031,-0.185646) 0.180148 (-0.657585,-0.336139) (0.0968762,0.0891729) 0.121582
6.2 (2.40104,2.31207) (0.441491,0.523313) 0.166491 (2.79844,2.7831) 1.5027 0.870003 (0.00212785,0.0367352) (0.093598,0.0919187) 0.121937 (1.48497,1.91642) (-0.154827,-0.116703) 0.204708 (1.89637,2.25569) (-0.160245,-0.185701) 0.180148 (-0.647897,-0.327222) (0.0968814,0.0891673) 0.121582
6.3 (2.44078,2.35917) (0.397329,0.471019) 0.166491 (2.79844,2.7831) 1.5027 0.870057 (0.0114873,0.0459274) (0.0935948,0.091922) 0.121937 (1.46948,1.90476) (-0.154876,-0.116638) 0.204708 (1.88035,2.23712) (-0.160196,-0.185744) 0.180148 (-0.638208,-0.318305) (0.096882,0.0891667) 0.121582
6.4 (2.47655,2.40157) (0.357732,0.423981) 0.166491 (2.79844,2.7831) 1.5027 0.869945 (0.0208463,0.0551201) (0.0935897,0.0919272) 0.121937 (1.45399,1.8931) (-0.154911,-0.116592) 0.204708 (1.86434,2.21854) (-0.160161,-0.185774) 0.180148 (-0.62852,-0.309388) (0.0968804,0.0891684) 0.121582
6.5 (2.50874,2.43973) (0.321844,0.381603) 0.166491 (2.79844,2.7831) 1.5027 0.870146 (0.030206,0.0643121) (0.0935965,0.0919202) 0.121937 (1.4385,1.88144) (-0.154931,-0.116565) 0.204708 (1.84832,2.19996) (-0.16014,-0.185792) 0.180148 (-0.618832,-0.300472) (0.0968841,0.0891644) 0.121582
