[]
timestamp position0 velocity0 radius0 goal pref_speed theta position1 velocity1 radius1 position2 velocity2 radius2 position3 velocity3 radius3 position4 velocity4 radius4 position5 velocity5 radius5 position6 velocity6 radius6
0 (-1.94781,-1.97112) (0,0) 0.177479 (2.79844,2.7831) 1.89314 0 (-0.713451,-0.698024) (0,0) 0.162701 (2.88329,2.76164) (0,0) 0.122506 (3.43352,3.40011) (0,0) 0.201223 (-1.34207,-1.34504) (0,0) 0.127765
0.1 (-1.94275,-1.96815) (0.0506233,0.0297633) 0.177479 (2.79844,2.7831) 1.89314 0.531503 (-0.695784,-0.680512) (0.176677,0.17512) 0.162701 (2.87251,2.75165) (-0.107869,-0.0999344) 0.122506 (3.42263,3.40264) (-0.108936,0.0253519) 0.201223 (-1.33673,-1.3417) (0.0533595,0.0334355) 0.127765
0.2 (-1.93339,-1.96113) (0.0935517,0.0702084) 0.177479 (2.79844,2.7831) 1.89314 0.643806 (-0.678116,-0.663) (0.176673,0.175125) 0.162701 (2.86172,2.74165) (-0.107866,-0.0999372) 0.122506 (3.39441,3.40099) (-0.282216,-0.0165311) 0.201223 (-1.31885,-1.32857) (0.178768,0.13128) 0.127765
0.3 (-1.92016,-1.94205) (0.13236,0.190806) 0.177479 (2.79844,2.7831) 1.89314 0.964317 (-0.660449,-0.645488) (0.176679,0.175119) 0.162701 (2.85093,2.73166) (-0.107865,-0.0999388) 0.122506 (3.36781,3.39141) (-0.265975,-0.0957912) 0.201223 (-1.29818,-1.30789) (0.206743,0.206805) 0.127765
0.4 (-1.90439,-1.91074) (0.157644,0.313044) 0.177479 (2.79844,2.7831) 1.89314 1.10429 (-0.642781,-0.627976) (0.176676,0.175121) 0.162701 (2.84015,2.72167) (-0.107868,-0.0999356) 0.122506 (3.34288,3.37808) (-0.249323,-0.133256) 0.201223 (-1.27751,-1.28721) (0.206723,0.206825) 0.127765
0.5 (-1.88502,-1.85922) (0.193729,0.515243) 0.177479 (2.79844,2.7831) 1.89314 1.21115 (-0.625115,-0.610462) (0.176664,0.175133) 0.162701 (2.82936,2.71167) (-0.10787,-0.0999327) 0.122506 (3.319,3.36295) (-0.238802,-0.151303) 0.201223 (-1.25683,-1.26653) (0.206743,0.206805) 0.127765
0.6 (-1.84516,-1.78) (0.398631,0.792158) 0.177479 (2.79844,2.7831) 1.89314 1.10457 (-0.607448,-0.592949) (0.176663,0.175134) 0.162701 (2.81857,2.70168) (-0.107868,-0.099935) 0.122506 (3.2957,3.34694) (-0.23298,-0.160122) 0.201223 (-1.23616,-1.24585) (0.206742,0.206806) 0.127765
0.7 (-1.79858,-1.69751) (0.465736,0.824951) 0.177479 (2.79844,2.7831) 1.89314 1.05684 (-0.589781,-0.575436) (0.176673,0.175124) 0.162701 (2.80779,2.69169) (-0.107869,-0.0999345) 0.122506 (3.2727,3.3305) (-0.229977,-0.164406) 0.201223 (-1.21548,-1.22517) (0.206752,0.206796) 0.127765
0.8 (-1.74977,-1.6161) (0.48811,0.814072) 0.177479 (2.79844,2.7831) 1.89314 1.03068 (-0.572115,-0.557923) (0.17666,0.175137) 0.162701 (2.797,2.68169) (-0.107867,-0.0999368) 0.122506 (3.24985,3.31386) (-0.228509,-0.166441) 0.201223 (-1.19481,-1.20449) (0.206742,0.206806) 0.127765
0.9 (-1.69974,-1.53533) (0.500293,0.807646) 0.177479 (2.79844,2.7831) 1.89314 1.0162 (-0.554447,-0.540411) (0.176677,0.17512) 0.162701 (2.78621,2.6717) (-0.107873,-0.0999297) 0.122506 (3.22707,3.29712) (-0.227819,-0.167384) 0.201223 (-1.17413,-1.18381) (0.206758,0.20679) 0.127765
1 (-1.64906,-1.45499) (0.506837,0.803471) 0.177479 (2.79844,2.7831) 1.89314 1.00803 (-0.536779,-0.522899) (0.176681,0.175116) 0.162701 (2.77543,2.66171) (-0.107866,-0.0999372) 0.122506 (3.20432,3.28034) (-0.227501,-0.167816) 0.201223 (-1.15346,-1.16313) (0.20675,0.206798) 0.127765
1.1 (-1.59802,-1.37491) (0.510404,0.800819) 0.177479 (2.79844,2.7831) 1.89314 1.00336 (-0.519112,-0.505387) (0.176671,0.175126) 0.162701 (2.76464,2.65171) (-0.107868,-0.0999354) 0.122506 (3.18159,3.26353) (-0.227339,-0.168035) 0.201223 (-1.13278,-1.14245) (0.206738,0.20681) 0.127765
1.2 (-1.5468,-1.29503) (0.512184,0.798751) 0.177479 (2.79844,2.7831) 1.89314 1.00061 (-0.501444,-0.487875) (0.176679,0.175118) 0.162701 (2.75385,2.64172) (-0.107865,-0.0999382) 0.122506 (3.15886,3.24672) (-0.227257,-0.168146) 0.201223 (-1.11211,-1.12177) (0.206744,0.206804) 0.127765
1.3 (-1.4955,-1.21532) (0.51302,0.797092) 0.177479 (2.79844,2.7831) 1.89314 0.998923 (-0.483777,-0.470362) (0.17667,0.175127) 0.162701 (2.74307,2.63173) (-0.107865,-0.0999379) 0.122506 (3.13614,3.2299) (-0.227214,-0.168205) 0.201223 (-1.09144,-1.10109) (0.206738,0.20681) 0.127765
1.4 (-1.44417,-1.13575) (0.513325,0.795681) 0.177479 (2.79844,2.7831) 1.89314 0.997846 (-0.46611,-0.452849) (0.176669,0.175128) 0.162701 (2.73228,2.62173) (-0.107861,-0.099943) 0.122506 (3.11342,3.21307) (-0.227192,-0.168234) 0.201223 (-1.07076,-1.0804) (0.206734,0.206814) 0.127765
1.5 (-1.39284,-1.05632) (0.51328,0.794306) 0.177479 (2.79844,2.7831) 1.89314 0.997098 (-0.448442,-0.435337) (0.176676,0.175121) 0.162701 (2.72149,2.61174) (-0.10787,-0.0999326) 0.122506 (3.0907,3.19625) (-0.227179,-0.168252) 0.201223 (-1.05009,-1.05972) (0.206731,0.206817) 0.127765
1.6 (-1.34153,-0.977024) (0.513062,0.792981) 0.177479 (2.79844,2.7831) 1.89314 0.99653 (-0.430775,-0.417825) (0.176679,0.175119) 0.162701 (2.71071,2.60174) (-0.107866,-0.0999375) 0.122506 (3.06798,3.17942) (-0.227176,-0.168255) 0.201223 (-1.02942,-1.03904) (0.206739,0.206809) 0.127765
1.7 (-1.29026,-0.897874) (0.512713,0.791504) 0.177479 (2.79844,2.7831) 1.89314 0.99599 (-0.413107,-0.400313) (0.176677,0.17512) 0.162701 (2.69992,2.59175) (-0.10787,-0.0999333) 0.122506 (3.04527,3.1626) (-0.227173,-0.16826) 0.201223 (-1.00874,-1.01836) (0.206736,0.206812) 0.127765
1.8 (-1.23898,-0.818852) (0.512817,0.790214) 0.177479 (2.79844,2.7831) 1.89314 0.995153 (-0.395439,-0.382801) (0.176677,0.17512) 0.162701 (2.68913,2.58176) (-0.107868,-0.0999351) 0.122506 (3.02255,3.14577) (-0.227173,-0.16826) 0.201223 (-0.98807,-0.997679) (0.206726,0.206822) 0.127765
1.9 (-1.17857,-0.738868) (0.604101,0.799848) 0.177479 (2.79844,2.7831) 1.89314 0.923931 (-0.377772,-0.365289) (0.176674,0.175123) 0.162701 (2.67835,2.57176) (-0.107861,-0.0999423) 0.122506 (2.99983,3.12894) (-0.227172,-0.168261) 0.201223 (-0.967397,-0.976997) (0.20673,0.206818) 0.127765
2 (-1.11595,-0.660995) (0.626196,0.778732) 0.177479 (2.79844,2.7831) 1.89314 0.893546 (-0.360105,-0.347776) (0.176664,0.175134) 0.162701 (2.66756,2.56177) (-0.107865,-0.0999381) 0.122506 (2.97712,3.11212) (-0.227169,-0.168265) 0.201223 (-0.946722,-0.956316) (0.206742,0.206805) 0.127765
2.1 (-1.05221,-0.584209) (0.637427,0.767853) 0.177479 (2.79844,2.7831) 1.89314 0.877945 (-0.342439,-0.330262) (0.176659,0.175138) 0.162701 (2.65677,2.55178) (-0.107865,-0.0999381) 0.122506 (2.9544,3.09529) (-0.227169,-0.168265) 0.201223 (-0.926049,-0.935636) (0.206738,0.20681) 0.127765
2.2 (-0.987898,-0.50799) (0.643088,0.762195) 0.177479 (2.79844,2.7831) 1.89314 0.869953 (-0.324771,-0.31275) (0.17668,0.175117) 0.162701 (2.64599,2.54178) (-0.10786,-0.0999439) 0.122506 (2.93168,3.07846) (-0.227169,-0.168265) 0.201223 (-0.905376,-0.914953) (0.206721,0.206827) 0.127765
2.3 (-0.923311,-0.432072) (0.64587,0.759175) 0.177479 (2.79844,2.7831) 1.89314 0.865866 (-0.307104,-0.295237) (0.17667,0.175128) 0.162701 (2.6352,2.53179) (-0.107863,-0.0999409) 0.122506 (2.90897,3.06164) (-0.227166,-0.168269) 0.201223 (-0.884704,-0.89427) (0.20672,0.206828) 0.127765
2.4 (-0.858592,-0.356321) (0.647185,0.757509) 0.177479 (2.79844,2.7831) 1.89314 0.863777 (-0.289439,-0.277723) (0.176658,0.17514) 0.162701 (2.62442,2.52179) (-0.107863,-0.0999409) 0.122506 (2.88625,3.04481) (-0.227166,-0.168269) 0.201223 (-0.86403,-0.873589) (0.206741,0.206807) 0.127765
2.5 (-0.793816,-0.280666) (0.647765,0.756555) 0.177479 (2.79844,2.7831) 1.89314 0.862712 (-0.271771,-0.260212) (0.176681,0.175116) 0.162701 (2.61363,2.5118) (-0.107863,-0.0999409) 0.122506 (2.86353,3.02798) (-0.227167,-0.168269) 0.201223 (-0.843358,-0.852907) (0.206727,0.206821) 0.127765
2.6 (-0.729021,-0.205071) (0.647945,0.755942) 0.177479 (2.79844,2.7831) 1.89314 0.862174 (-0.254103,-0.242699) (0.176673,0.175124) 0.162701 (2.60284,2.5018) (-0.107863,-0.0999409) 0.122506 (2.84082,3.01116) (-0.227166,-0.168268) 0.201223 (-0.822684,-0.832227) (0.206741,0.206807) 0.127765
2.7 (-0.664236,-0.129528) (0.647858,0.755438) 0.177479 (2.79844,2.7831) 1.89314 0.861911 (-0.236436,-0.225187) (0.176672,0.175125) 0.162701 (2.59206,2.49181) (-0.107863,-0.0999409) 0.122506 (2.8181,2.99433) (-0.227167,-0.168269) 0.201223 (-0.802011,-0.811545) (0.206728,0.20682) 0.127765
2.8 (-0.59946,-0.0540154) (0.64776,0.755123) 0.177479 (2.79844,2.7831) 1.89314 0.86178 (-0.21877,-0.207673) (0.176657,0.175141) 0.162701 (2.58127,2.48182) (-0.10786,-0.0999437) 0.122506 (2.79538,2.9775) (-0.227167,-0.168268) 0.201223 (-0.781335,-0.790865) (0.206755,0.206793) 0.127765
2.9 (-0.534707,0.0214612) (0.647524,0.754766) 0.177479 (2.79844,2.7831) 1.89314 0.861726 (-0.201103,-0.190161) (0.176676,0.175121) 0.162701 (2.57049,2.47182) (-0.107861,-0.0999423) 0.122506 (2.77267,2.96068) (-0.227165,-0.16827) 0.201223 (-0.760661,-0.770184) (0.20674,0.206807) 0.127765
3 (-0.469986,0.0968992) (0.647213,0.75438) 0.177479 (2.79844,2.7831) 1.89314 0.86171 (-0.183435,-0.172648) (0.176674,0.175123) 0.162701 (2.5597,2.46183) (-0.107861,-0.0999423) 0.122506 (2.74995,2.94385) (-0.227165,-0.16827) 0.201223 (-0.739988,-0.749503) (0.206734,0.206814) 0.127765
3.1 (-0.405297,0.1723) (0.646886,0.754006) 0.177479 (2.79844,2.7831) 1.89314 0.861715 (-0.165768,-0.155136) (0.176673,0.175125) 0.162701 (2.54891,2.45183) (-0.107861,-0.0999423) 0.122506 (2.72723,2.92702) (-0.227165,-0.16827) 0.201223 (-0.719312,-0.728824) (0.206755,0.206793) 0.127765
3.2 (-0.34064,0.247665) (0.646571,0.753657) 0.177479 (2.79844,2.7831) 1.89314 0.861728 (-0.148102,-0.137622) (0.176662,0.175135) 0.162701 (2.53813,2.44184) (-0.107861,-0.0999423) 0.122506 (2.70452,2.9102) (-0.227165,-0.16827) 0.201223 (-0.698638,-0.708143) (0.206741,0.206807) 0.127765
3.3 (-0.276026,0.322985) (0.646142,0.753197) 0.177479 (2.79844,2.7831) 1.89314 0.861754 (-0.130435,-0.120109) (0.176669,0.175129) 0.162701 (2.52734,2.43184) (-0.107861,-0.0999423) 0.122506 (2.6818,2.89337) (-0.227165,-0.16827) 0.201223 (-0.677962,-0.687464) (0.206759,0.206789) 0.127765
3.4 (-0.211455,0.398259) (0.645708,0.752735) 0.177479 (2.79844,2.7831) 1.89314 0.861782 (-0.112768,-0.102596) (0.176667,0.17513) 0.162701 (2.51655,2.42185) (-0.10786,-0.0999442) 0.122506 (2.65908,2.87654) (-0.227165,-0.16827) 0.201223 (-0.657287,-0.666785) (0.206754,0.206794) 0.127765
3.5 (-0.14693,0.473484) (0.645257,0.752257) 0.177479 (2.79844,2.7831) 1.89314 0.861814 (-0.0951018,-0.0850832) (0.176665,0.175132) 0.162701 (2.50577,2.41186) (-0.107861,-0.0999432) 0.122506 (2.63637,2.85971) (-0.227165,-0.168271) 0.201223 (-0.636614,-0.646103) (0.206732,0.206816) 0.127765
3.6 (-0.08245,0.548661) (0.644796,0.751769) 0.177479 (2.79844,2.7831) 1.89314 0.861846 (-0.0774338,-0.0675715) (0.17668,0.175117) 0.162701 (2.49498,2.40186) (-0.107861,-0.0999432) 0.122506 (2.61365,2.84289) (-0.227165,-0.168271) 0.201223 (-0.615939,-0.625423) (0.206744,0.206804) 0.127765
3.7 (-0.0180258,0.62378) (0.644242,0.751183) 0.177479 (2.79844,2.7831) 1.89314 0.861886 (-0.059766,-0.0500596) (0.176678,0.17512) 0.162701 (2.4842,2.39187) (-0.107861,-0.0999432) 0.122506 (2.59093,2.82606) (-0.227165,-0.168271) 0.201223 (-0.595267,-0.604741) (0.206727,0.206821) 0.127765
3.8 (0.0463327,0.698829) (0.643585,0.750489) 0.177479 (2.79844,2.7831) 1.89314 0.861933 (-0.0420987,-0.0325472) (0.176673,0.175124) 0.162701 (2.47341,2.38187) (-0.107858,-0.099946) 0.122506 (2.56822,2.80923) (-0.227165,-0.168271) 0.201223 (-0.574591,-0.584062) (0.206756,0.206792) 0.127765
3.9 (0.110632,0.773815) (0.642994,0.749866) 0.177479 (2.79844,2.7831) 1.89314 0.861976 (-0.0244306,-0.0150355) (0.176681,0.175116) 0.162701 (2.46263,2.37188) (-0.107859,-0.0999446) 0.122506 (2.5455,2.79241) (-0.227163,-0.168273) 0.201223 (-0.553917,-0.563381) (0.206739,0.206809) 0.127765
4 (0.17486,0.848726) (0.642281,0.749111) 0.177479 (2.79844,2.7831) 1.89314 0.862027 (-0.00676293,0.00247652) (0.176677,0.17512) 0.162701 (2.45184,2.36188) (-0.107859,-0.0999446) 0.122506 (2.52278,2.77558) (-0.227163,-0.168273) 0.201223 (-0.533243,-0.542701) (0.206748,0.2068) 0.127765
4.1 (0.239008,0.923553) (0.641479,0.748265) 0.177479 (2.79844,2.7831) 1.89314 0.862086 (0.0109042,0.0199891) (0.176672,0.175125) 0.162701 (2.44105,2.35189) (-0.107859,-0.0999446) 0.122506 (2.50007,2.75875) (-0.227163,-0.168273) 0.201223 (-0.51257,-0.522019) (0.206728,0.20682) 0.127765
4.2 (0.303067,0.998285) (0.640591,0.747327) 0.177479 (2.79844,2.7831) 1.89314 0.862151 (0.0285722,0.0375009) (0.176679,0.175118) 0.162701 (2.43027,2.3419) (-0.107859,-0.0999446) 0.122506 (2.47735,2.74192) (-0.227163,-0.168273) 0.201223 (-0.491895,-0.501338) (0.206744,0.206804) 0.127765
4.3 (0.367036,1.07292) (0.639693,0.746379) 0.177479 (2.79844,2.7831) 1.89314 0.862217 (0.0462378,0.055015) (0.176656,0.175141) 0.162701 (2.41948,2.3319) (-0.107859,-0.0999446) 0.122506 (2.45463,2.7251) (-0.227163,-0.168273) 0.201223 (-0.471222,-0.480656) (0.206729,0.206819) 0.127765
4.4 (0.430904,1.14745) (0.638676,0.745306) 0.177479 (2.79844,2.7831) 1.89314 0.862292 (0.0639062,0.0725263) (0.176684,0.175113) 0.162701 (2.4087,2.32191) (-0.107859,-0.0999446) 0.122506 (2.43192,2.70827) (-0.227163,-0.168273) 0.201223 (-0.450549,-0.459975) (0.206736,0.206812) 0.127765
4.5 (0.494651,1.22186) (0.637465,0.744028) 0.177479 (2.79844,2.7831) 1.89314 0.862382 (0.0815741,0.0900381) (0.176679,0.175118) 0.162701 (2.39791,2.31191) (-0.107859,-0.0999446) 0.122506 (2.4092,2.69144) (-0.227163,-0.168273) 0.201223 (-0.429876,-0.439293) (0.206729,0.206819) 0.127765
4.6 (0.558267,1.29612) (0.636165,0.742656) 0.177479 (2.79844,2.7831) 1.89314 0.862479 (0.0992417,0.10755) (0.176676,0.175121) 0.162701 (2.38712,2.30192) (-0.107859,-0.0999446) 0.122506 (2.38649,2.67461) (-0.227163,-0.168273) 0.201223 (-0.409201,-0.418613) (0.206745,0.206803) 0.127765
4.7 (0.621738,1.37023) (0.634709,0.74112) 0.177479 (2.79844,2.7831) 1.89314 0.862588 (0.116909,0.125063) (0.176668,0.175129) 0.162701 (2.37634,2.29192) (-0.107859,-0.0999446) 0.122506 (2.36377,2.65779) (-0.227163,-0.168273) 0.201223 (-0.388527,-0.397932) (0.20674,0.206808) 0.127765
4.8 (0.685046,1.44417) (0.633082,0.739403) 0.177479 (2.79844,2.7831) 1.89314 0.86271 (0.134575,0.142576) (0.176664,0.175133) 0.162701 (2.36555,2.28193) (-0.107859,-0.0999446) 0.122506 (2.34105,2.64096) (-0.227163,-0.168273) 0.201223 (-0.367853,-0.377252) (0.206743,0.206805) 0.127765
4.9 (0.748174,1.51792) (0.631279,0.7375) 0.177479 (2.79844,2.7831) 1.89314 0.862846 (0.152242,0.160089) (0.176675,0.175123) 0.162701 (2.35477,2.27193) (-0.107859,-0.0999446) 0.122506 (2.31834,2.62413) (-0.227163,-0.168273) 0.201223 (-0.347178,-0.356572) (0.206748,0.2068) 0.127765
5 (0.811096,1.59146) (0.629223,0.735332) 0.177479 (2.79844,2.7831) 1.89314 0.863002 (0.16991,0.177601) (0.176678,0.17512) 0.162701 (2.34398,2.26194) (-0.107859,-0.0999446) 0.122506 (2.29562,2.6073) (-0.227163,-0.168273) 0.201223 (-0.326503,-0.335892) (0.20675,0.206798) 0.127765
5.1 (0.87379,1.66475) (0.626941,0.732923) 0.177479 (2.79844,2.7831) 1.89314 0.863177 (0.187578,0.195112) (0.176679,0.175118) 0.162701 (2.3332,2.25194) (-0.107859,-0.0999446) 0.122506 (2.2729,2.59048) (-0.227163,-0.168273) 0.201223 (-0.305829,-0.315212) (0.206746,0.206802) 0.127765
5.2 (0.936222,1.73776) (0.624312,0.730149) 0.177479 (2.79844,2.7831) 1.89314 0.863379 (0.205245,0.212625) (0.176672,0.175125) 0.162701 (2.32241,2.24195) (-0.107859,-0.0999446) 0.122506 (2.25019,2.57365) (-0.227163,-0.168272) 0.201223 (-0.285155,-0.29453) (0.206734,0.206814) 0.127765
5.3 (0.998359,1.81047) (0.621374,0.727049) 0.177479 (2.79844,2.7831) 1.89314 0.863608 (0.222913,0.230137) (0.176672,0.175125) 0.162701 (2.31162,2.23196) (-0.107859,-0.0999446) 0.122506 (2.22747,2.55682) (-0.227163,-0.168273) 0.201223 (-0.264481,-0.27385) (0.206746,0.206802) 0.127765
5.4 (1.06015,1.88281) (0.617939,0.723424) 0.177479 (2.79844,2.7831) 1.89314 0.863877 (0.24058,0.24765) (0.176673,0.175124) 0.162701 (2.30084,2.22196) (-0.107859,-0.0999447) 0.122506 (2.20476,2.54) (-0.227163,-0.168273) 0.201223 (-0.243806,-0.25317) (0.206747,0.206801) 0.127765
5.5 (1.12157,1.95476) (0.614171,0.719448) 0.177479 (2.79844,2.7831) 1.89314 0.864176 (0.258247,0.265163) (0.17667,0.175127) 0.162701 (2.29005,2.21197) (-0.107859,-0.0999447) 0.122506 (2.18204,2.52317) (-0.227164,-0.168273) 0.201223 (-0.223132,-0.232489) (0.206737,0.206811) 0.127765
5.6 (1.18255,2.02624) (0.609785,0.714821) 0.177479 (2.79844,2.7831) 1.89314 0.864528 (0.275914,0.282675) (0.176671,0.175127) 0.162701 (2.27927,2.20197) (-0.107859,-0.0999447) 0.122506 (2.15932,2.50634) (-0.227164,-0.168272) 0.201223 (-0.202459,-0.211807) (0.20673,0.206818) 0.127765
5.7 (1.24302,2.09718) (0.604697,0.709452) 0.177479 (2.79844,2.7831) 1.89314 0.864943 (0.293581,0.300188) (0.176665,0.175132) 0.162701 (2.26848,2.19198) (-0.107859,-0.0999447) 0.122506 (2.13661,2.48951) (-0.227164,-0.168272) 0.201223 (-0.181787,-0.191124) (0.20672,0.206828) 0.127765
5.8 (1.3029,2.1675) (0.598772,0.7032) 0.177479 (2.79844,2.7831) 1.89314 0.865435 (0.311247,0.317702) (0.176662,0.175135) 0.162701 (2.25769,2.18198) (-0.107859,-0.0999448) 0.122506 (2.11389,2.47269) (-0.227164,-0.168272) 0.201223 (-0.161113,-0.170444) (0.206743,0.206805) 0.127765
5.9 (1.36209,2.23711) (0.591956,0.696008) 0.177479 (2.79844,2.7831) 1.89314 0.866011 (0.328914,0.335214) (0.176676,0.175121) 0.162701 (2.24691,2.17199) (-0.107859,-0.099945) 0.122506 (2.09117,2.45586) (-0.227164,-0.168272) 0.201223 (-0.140439,-0.149763) (0.206744,0.206804) 0.127765
6 (1.4205,2.30588) (0.584103,0.687723) 0.177479 (2.79844,2.7831) 1.89314 0.866692 (0.346581,0.352727) (0.176666,0.175132) 0.162701 (2.23612,2.16199) (-0.10786,-0.0999443) 0.122506 (2.06846,2.43903) (-0.227163,-0.168273) 0.201223 (-0.119764,-0.129083) (0.206747,0.206801) 0.127765
6.1 (1.47799,2.37368) (0.574872,0.677981) 0.177479 (2.79844,2.7831) 1.89314 0.867513 (0.364248,0.370239) (0.176674,0.175124) 0.162701 (2.22534,2.152) (-0.107861,-0.0999424) 0.122506 (2.04594,2.42194) (-0.22517,-0.170931) 0.201223 (-0.0990899,-0.108403) (0.206742,0.206806) 0.127765
6.2 (1.53458,2.44023) (0.565952,0.665553) 0.177479 (2.79844,2.7831) 1.89314 0.8661 (0.381915,0.387753) (0.176667,0.17513) 0.162701 (2.21455,2.14201) (-0.10786,-0.0999439) 0.122506 (2.02381,2.40435) (-0.221343,-0.175858) 0.201223 (-0.0784161,-0.0877216) (0.206738,0.20681) 0.127765
6.3 (1.59045,2.5052) (0.558643,0.649702) 0.177479 (2.79844,2.7831) 1.89314 0.860614 (0.399582,0.405266) (0.176666,0.175131) 0.162701 (2.20376,2.13201) (-0.107864,-0.0999398) 0.122506 (2.00208,2.38626) (-0.217257,-0.180882) 0.201223 (-0.0577422,-0.0670406) (0.206738,0.206809) 0.127765
6.4 (1.64581,2.56828) (0.553571,0.6308) 0.177479 (2.79844,2.7831) 1.89314 0.850513 (0.417249,0.422778) (0.176673,0.175124) 0.162701 (2.19298,2.12202) (-0.107876,-0.0999268) 0.122506 (1.98057,2.36792) (-0.21513,-0.183407) 0.201223 (-0.0370683,-0.0463598) (0.206739,0.206808) 0.127765
6.5 (1.70113,2.62931) (0.553245,0.610284) 0.177479 (2.79844,2.7831) 1.89314 0.834382 (0.434915,0.440291) (0.176665,0.175132) 0.162701 (2.18219,2.11203) (-0.107869,-0.0999341) 0.122506 (1.95917,2.34945) (-0.214029,-0.184691) 0.201223 (-0.0163949,-0.0256784) (0.206734,0.206814) 0.127765
6.6 (1.76707,2.68731) (0.659383,0.580047) 0.177479 (2.79844,2.7831) 1.89314 0.721475 (0.452584,0.457803) (0.176683,0.175114) 0.162701 (2.1714,2.10203) (-0.107873,-0.0999299) 0.122506 (1.93782,2.33092) (-0.213467,-0.185339) 0.201223 (0.00427911,-0.00499758) (0.20674,0.206808) 0.127765
6.7 (1.86313,2.71872) (0.960634,0.314085) 0.177479 (2.79844,2.7831) 1.89314 0.316 (0.470251,0.475315) (0.176669,0.175128) 0.162701 (2.16062,2.09204) (-0.107864,-0.0999392) 0.122506 (1.9165,2.31235) (-0.213171,-0.18568) 0.201223 (0.024953,0.0156833) (0.206739,0.206809) 0.127765
6.8 (1.95666,2.72516) (0.935284,0.0644138) 0.177479 (2.79844,2.7831) 1.89314 0.0687623 (0.487919,0.492827) (0.176681,0.175117) 0.162701 (2.14983,2.08205) (-0.107871,-0.0999317) 0.122506 (1.8952,2.29377) (-0.213025,-0.185847) 0.201223 (0.0456273,0.0363638) (0.206743,0.206805) 0.127765
6.9 (2.04084,2.73096) (0.841773,0.0579137) 0.177479 (2.79844,2.7831) 1.89314 0.0686913 (0.505585,0.51034) (0.176663,0.175134) 0.162701 (2.13904,2.07205) (-0.107864,-0.0999395) 0.122506 (1.8739,2.27517) (-0.212946,-0.185938) 0.201223 (0.0663012,0.0570447) (0.206739,0.206809) 0.127765
7 (2.1166,2.73617) (0.757602,0.0521413) 0.177479 (2.79844,2.7831) 1.89314 0.0687159 (0.52322,0.527831) (0.176349,0.17491) 0.162701 (2.1288,2.0615) (-0.102469,-0.105464) 0.122506 (1.85261,2.25658) (-0.212913,-0.185976) 0.201223 (0.086975,0.0777258) (0.206738,0.20681) 0.127765
7.1 (2.18478,2.74085) (0.681813,0.046841) 0.177479 (2.79844,2.7831) 1.89314 0.0685928 (0.540586,0.545073) (0.17366,0.172417) 0.162701 (2.1195,2.05011) (-0.0929334,-0.113956) 0.122506 (1.83132,2.23798) (-0.212913,-0.185975) 0.201223 (0.10765,0.0984056) (0.20675,0.206798) 0.127765
7.2 (2.24615,2.74508) (0.613723,0.0422821) 0.177479 (2.79844,2.7831) 1.89314 0.0687858 (0.557718,0.562098) (0.171321,0.170248) 0.162701 (2.1106,2.03841) (-0.0890358,-0.117026) 0.122506 (1.81003,2.21938) (-0.212913,-0.185975) 0.201223 (0.128324,0.119086) (0.206742,0.206806) 0.127765
7.3 (2.30138,2.74888) (0.552306,0.0379914) 0.177479 (2.79844,2.7831) 1.89314 0.0686786 (0.574577,0.57887) (0.168589,0.167716) 0.162701 (2.10205,2.02644) (-0.0854853,-0.119645) 0.122506 (1.78874,2.20078) (-0.212913,-0.185976) 0.201223 (0.148998,0.139767) (0.20674,0.206808) 0.127765
7.4 (2.35109,2.7523) (0.497089,0.0341471) 0.177479 (2.79844,2.7831) 1.89314 0.0685864 (0.591167,0.595392) (0.165903,0.165226) 0.162701 (2.09379,2.01428) (-0.0826109,-0.121647) 0.122506 (1.76745,2.18219) (-0.212913,-0.185975) 0.201223 (0.169672,0.160448) (0.206741,0.206807) 0.127765
