[]
timestamp position0 velocity0 radius0 goal pref_speed theta position1 velocity1 radius1 position2 velocity2 radius2 position3 velocity3 radius3 position4 velocity4 radius4 position5 velocity5 radius5 position6 velocity6 radius6
0 (-1.67663,-1.60838) (0,0) 0.219839 (2.79844,2.7831) 1.97788 0 (-0.998869,-0.52085) (0,0) 0.150342 (2.64751,2.84319) (0,0) 0.172683 (3.29799,3.44225) (0,0) 0.158667 (-1.1483,-0.947538) (0,0) 0.19798
0.1 (-1.66457,-1.61254) (0.120569,-0.0415624) 0.219839 (2.79844,2.7831) 1.97788 -0.331962 (-0.981464,-0.505706) (0.174048,0.151436) 0.150342 (2.63496,2.83072) (-0.125467,-0.124696) 0.172683 (3.29633,3.43589) (-0.0165526,-0.063651) 0.158667 (-1.12817,-0.953487) (0.201271,-0.0594923) 0.19798
0.2 (-1.65911,-1.59266) (0.0546166,0.198756) 0.219839 (2.79844,2.7831) 1.97788 1.30262 (-0.964059,-0.490563) (0.174049,0.151435) 0.150342 (2.62242,2.81825) (-0.125458,-0.124705) 0.172683 (3.28871,3.42835) (-0.0762202,-0.075307) 0.158667 (-1.10794,-0.947896) (0.202293,0.0559173) 0.19798
0.3 (-1.64659,-1.56202) (0.125162,0.306389) 0.219839 (2.79844,2.7831) 1.97788 1.18298 (-0.946654,-0.475419) (0.174052,0.151432) 0.150342 (2.60987,2.80578) (-0.12547,-0.124693) 0.172683 (3.28109,3.42082) (-0.0762132,-0.0753141) 0.158667 (-1.09037,-0.93643) (0.175795,0.114654) 0.19798
0.4 (-1.63404,-1.51158) (0.125529,0.504412) 0.219839 (2.79844,2.7831) 1.97788 1.32689 (-0.929248,-0.460276) (0.174053,0.151431) 0.150342 (2.59733,2.79331) (-0.125463,-0.1247) 0.172683 (3.27347,3.41329) (-0.0762144,-0.075313) 0.158667 (-1.07526,-0.921859) (0.151053,0.145713) 0.19798
0.5 (-1.60965,-1.43147) (0.243881,0.801106) 0.219839 (2.79844,2.7831) 1.97788 1.27528 (-0.911843,-0.445134) (0.174056,0.151427) 0.150342 (2.58478,2.78084) (-0.125475,-0.124688) 0.172683 (3.26585,3.40576) (-0.0762143,-0.0753131) 0.158667 (-1.06015,-0.907288) (0.151055,0.14571) 0.19798
0.6 (-1.5825,-1.35197) (0.27154,0.794992) 0.219839 (2.79844,2.7831) 1.97788 1.24166 (-0.894439,-0.429988) (0.174035,0.151452) 0.150342 (2.57223,2.76837) (-0.125465,-0.124698) 0.172683 (3.25822,3.39823) (-0.0762199,-0.0753073) 0.158667 (-1.04505,-0.892718) (0.151061,0.145704) 0.19798
0.7 (-1.55383,-1.27295) (0.286654,0.790209) 0.219839 (2.79844,2.7831) 1.97788 1.2228 (-0.877034,-0.414845) (0.174049,0.151435) 0.150342 (2.55968,2.7559) (-0.125464,-0.124698) 0.172683 (3.2506,3.3907) (-0.0762225,-0.0753047) 0.158667 (-1.02994,-0.878146) (0.151052,0.145714) 0.19798
0.8 (-1.52435,-1.19434) (0.294844,0.786066) 0.219839 (2.79844,2.7831) 1.97788 1.21195 (-0.859631,-0.3997) (0.174038,0.151448) 0.150342 (2.54714,2.74343) (-0.125469,-0.124694) 0.172683 (3.24298,3.38317) (-0.0762163,-0.075311) 0.158667 (-1.01484,-0.863575) (0.151056,0.14571) 0.19798
0.9 (-1.49443,-1.11611) (0.299219,0.782314) 0.219839 (2.79844,2.7831) 1.97788 1.20549 (-0.842227,-0.384556) (0.174041,0.151444) 0.150342 (2.53459,2.73096) (-0.125475,-0.124687) 0.172683 (3.23536,3.37564) (-0.0762142,-0.0753131) 0.158667 (-0.999733,-0.849004) (0.15105,0.145716) 0.19798
1 (-1.46428,-1.03824) (0.301442,0.778719) 0.219839 (2.79844,2.7831) 1.97788 1.20146 (-0.82482,-0.369414) (0.174062,0.15142) 0.150342 (2.52204,2.71849) (-0.125464,-0.124698) 0.172683 (3.22774,3.36811) (-0.0762156,-0.0753118) 0.158667 (-0.984627,-0.834433) (0.151063,0.145702) 0.19798
1.1 (-1.43404,-0.960727) (0.302448,0.775126) 0.219839 (2.79844,2.7831) 1.97788 1.19877 (-0.807415,-0.35427) (0.174049,0.151435) 0.150342 (2.5095,2.70602) (-0.125468,-0.124695) 0.172683 (3.22012,3.36057) (-0.0762086,-0.0753188) 0.158667 (-0.969521,-0.819862) (0.151055,0.14571) 0.19798
1.2 (-1.40376,-0.883571) (0.302758,0.771558) 0.219839 (2.79844,2.7831) 1.97788 1.19686 (-0.79001,-0.339127) (0.174051,0.151433) 0.150342 (2.49695,2.69355) (-0.125464,-0.124699) 0.172683 (3.2125,3.35304) (-0.0762109,-0.0753165) 0.158667 (-0.954415,-0.805292) (0.151065,0.145701) 0.19798
1.3 (-1.37349,-0.806781) (0.302668,0.7679) 0.219839 (2.79844,2.7831) 1.97788 1.19534 (-0.772605,-0.323984) (0.174054,0.151429) 0.150342 (2.4844,2.68108) (-0.12546,-0.124703) 0.172683 (3.20487,3.34551) (-0.0762174,-0.0753099) 0.158667 (-0.939309,-0.790721) (0.151052,0.145714) 0.19798
1.4 (-1.34326,-0.730363) (0.302363,0.764181) 0.219839 (2.79844,2.7831) 1.97788 1.19403 (-0.7552,-0.30884) (0.174047,0.151437) 0.150342 (2.47186,2.66861) (-0.125465,-0.124698) 0.172683 (3.19725,3.33798) (-0.0762228,-0.0753045) 0.158667 (-0.924202,-0.776152) (0.151072,0.145693) 0.19798
1.5 (-1.31304,-0.654305) (0.302153,0.760581) 0.219839 (2.79844,2.7831) 1.97788 1.19265 (-0.737795,-0.293697) (0.174052,0.151432) 0.150342 (2.45931,2.65614) (-0.125453,-0.12471) 0.172683 (3.18963,3.33045) (-0.0762204,-0.0753069) 0.158667 (-0.909096,-0.761582) (0.151064,0.145701) 0.19798
1.6 (-1.28105,-0.577083) (0.319918,0.772226) 0.219839 (2.79844,2.7831) 1.97788 1.17804 (-0.72039,-0.278553) (0.174047,0.151438) 0.150342 (2.44677,2.64367) (-0.125466,-0.124697) 0.172683 (3.18201,3.32292) (-0.0762155,-0.0753118) 0.158667 (-0.89399,-0.747011) (0.151062,0.145703) 0.19798
1.7 (-1.23912,-0.496072) (0.419253,0.810102) 0.219839 (2.79844,2.7831) 1.97788 1.09322 (-0.702986,-0.26341) (0.174047,0.151437) 0.150342 (2.43422,2.6312) (-0.125465,-0.124698) 0.172683 (3.17439,3.31539) (-0.0762134,-0.0753139) 0.158667 (-0.878885,-0.73244) (0.151048,0.145718) 0.19798
1.8 (-1.19332,-0.416643) (0.458063,0.794298) 0.219839 (2.79844,2.7831) 1.97788 1.04769 (-0.685581,-0.248266) (0.174049,0.151435) 0.150342 (2.42167,2.61873) (-0.125459,-0.124704) 0.172683 (3.16676,3.30786) (-0.0762173,-0.07531) 0.158667 (-0.86378,-0.717868) (0.151048,0.145718) 0.19798
1.9 (-1.14527,-0.338251) (0.480491,0.783913) 0.219839 (2.79844,2.7831) 1.97788 1.02092 (-0.668176,-0.233123) (0.174049,0.151435) 0.150342 (2.40913,2.60626) (-0.125458,-0.124705) 0.172683 (3.15914,3.30033) (-0.0762184,-0.0753089) 0.158667 (-0.848674,-0.703297) (0.151058,0.145707) 0.19798
2 (-1.09589,-0.260562) (0.493826,0.776889) 0.219839 (2.79844,2.7831) 1.97788 1.00458 (-0.650771,-0.217979) (0.174048,0.151437) 0.150342 (2.39658,2.59379) (-0.125464,-0.124699) 0.172683 (3.15152,3.29279) (-0.0762158,-0.0753115) 0.158667 (-0.833568,-0.688727) (0.151064,0.145702) 0.19798
2.1 (-1.04567,-0.183367) (0.502133,0.771958) 0.219839 (2.79844,2.7831) 1.97788 0.994093 (-0.633367,-0.202835) (0.174044,0.151441) 0.150342 (2.38404,2.58132) (-0.125466,-0.124697) 0.172683 (3.1439,3.28526) (-0.0762156,-0.0753117) 0.158667 (-0.818462,-0.674156) (0.151058,0.145708) 0.19798
2.2 (-0.994908,-0.106554) (0.507656,0.768125) 0.219839 (2.79844,2.7831) 1.97788 0.986795 (-0.615962,-0.187691) (0.174043,0.151442) 0.150342 (2.37149,2.56885) (-0.125465,-0.124698) 0.172683 (3.13628,3.27773) (-0.0762133,-0.0753141) 0.158667 (-0.803356,-0.659585) (0.151056,0.14571) 0.19798
2.3 (-0.943698,-0.0300553) (0.512097,0.764987) 0.219839 (2.79844,2.7831) 1.97788 0.980891 (-0.598558,-0.172547) (0.174045,0.151439) 0.150342 (2.35894,2.55638) (-0.125461,-0.124702) 0.172683 (3.12866,3.2702) (-0.0762161,-0.0753112) 0.158667 (-0.788251,-0.645014) (0.151058,0.145708) 0.19798
2.4 (-0.891841,0.0462137) (0.518572,0.76269) 0.219839 (2.79844,2.7831) 1.97788 0.973671 (-0.581153,-0.157403) (0.174045,0.15144) 0.150342 (2.3464,2.54391) (-0.12546,-0.124702) 0.172683 (3.12104,3.26267) (-0.0762155,-0.0753118) 0.158667 (-0.773144,-0.630445) (0.151067,0.145698) 0.19798
2.5 (-0.833163,0.122694) (0.586785,0.764799) 0.219839 (2.79844,2.7831) 1.97788 0.916352 (-0.563747,-0.14226) (0.174059,0.151424) 0.150342 (2.33385,2.53144) (-0.125465,-0.124698) 0.172683 (3.11341,3.25514) (-0.0762103,-0.0753171) 0.158667 (-0.758038,-0.615874) (0.151059,0.145706) 0.19798
2.6 (-0.765687,0.195991) (0.674751,0.732973) 0.219839 (2.79844,2.7831) 1.97788 0.826733 (-0.546343,-0.127116) (0.174043,0.151442) 0.150342 (2.3213,2.51897) (-0.125461,-0.124701) 0.172683 (3.10579,3.24761) (-0.0762134,-0.075314) 0.158667 (-0.742932,-0.601303) (0.151058,0.145708) 0.19798
2.7 (-0.695291,0.266152) (0.703963,0.701615) 0.219839 (2.79844,2.7831) 1.97788 0.783728 (-0.528939,-0.111972) (0.174041,0.151445) 0.150342 (2.30876,2.5065) (-0.125461,-0.124702) 0.172683 (3.09817,3.24008) (-0.0762159,-0.0753114) 0.158667 (-0.727827,-0.586731) (0.151047,0.145719) 0.19798
2.8 (-0.623419,0.334694) (0.718722,0.685414) 0.219839 (2.79844,2.7831) 1.97788 0.761681 (-0.511534,-0.0968281) (0.174048,0.151436) 0.150342 (2.29621,2.49403) (-0.125456,-0.124706) 0.172683 (3.09055,3.23254) (-0.0762108,-0.0753166) 0.158667 (-0.712722,-0.57216) (0.151055,0.14571) 0.19798
2.9 (-0.550814,0.402385) (0.726051,0.676912) 0.219839 (2.79844,2.7831) 1.97788 0.750388 (-0.494129,-0.0816846) (0.174049,0.151435) 0.150342 (2.28367,2.48156) (-0.125465,-0.124698) 0.172683 (3.08293,3.22501) (-0.0762103,-0.0753171) 0.158667 (-0.697616,-0.557589) (0.151057,0.145708) 0.19798
3 (-0.47785,0.469626) (0.729638,0.672407) 0.219839 (2.79844,2.7831) 1.97788 0.744602 (-0.476725,-0.0665405) (0.174045,0.15144) 0.150342 (2.27112,2.46909) (-0.125465,-0.124698) 0.172683 (3.07531,3.21748) (-0.0762104,-0.0753169) 0.158667 (-0.68251,-0.543019) (0.151062,0.145703) 0.19798
3.1 (-0.404715,0.536624) (0.731346,0.669981) 0.219839 (2.79844,2.7831) 1.97788 0.741636 (-0.45932,-0.0513967) (0.174046,0.151439) 0.150342 (2.25857,2.45662) (-0.125464,-0.124699) 0.172683 (3.06769,3.20995) (-0.0762105,-0.0753168) 0.158667 (-0.667404,-0.528449) (0.151061,0.145704) 0.19798
3.2 (-0.331507,0.603485) (0.732086,0.668613) 0.219839 (2.79844,2.7831) 1.97788 0.740114 (-0.441915,-0.0362538) (0.174054,0.151429) 0.150342 (2.24603,2.44415) (-0.125472,-0.124691) 0.172683 (3.06007,3.20242) (-0.0762162,-0.0753111) 0.158667 (-0.652299,-0.513877) (0.151049,0.145717) 0.19798
3.3 (-0.258279,0.670259) (0.732275,0.667742) 0.219839 (2.79844,2.7831) 1.97788 0.739337 (-0.424509,-0.0211111) (0.174056,0.151427) 0.150342 (2.23348,2.43168) (-0.12546,-0.124703) 0.172683 (3.05244,3.19489) (-0.076216,-0.0753113) 0.158667 (-0.637193,-0.499307) (0.151061,0.145704) 0.19798
3.4 (-0.185064,0.736969) (0.732155,0.667096) 0.219839 (2.79844,2.7831) 1.97788 0.738936 (-0.407105,-0.00596628) (0.174038,0.151448) 0.150342 (2.22093,2.41921) (-0.125469,-0.124694) 0.172683 (3.04482,3.18736) (-0.0762143,-0.0753131) 0.158667 (-0.622087,-0.484735) (0.151055,0.145711) 0.19798
3.5 (-0.111871,0.80363) (0.731926,0.666609) 0.219839 (2.79844,2.7831) 1.97788 0.738728 (-0.389701,0.00917733) (0.174048,0.151436) 0.150342 (2.20839,2.40674) (-0.125464,-0.124699) 0.172683 (3.0372,3.17982) (-0.0762128,-0.0753145) 0.158667 (-0.606982,-0.470164) (0.151055,0.145711) 0.19798
3.6 (-0.0387129,0.870245) (0.731585,0.666152) 0.219839 (2.79844,2.7831) 1.97788 0.738619 (-0.372295,0.0243202) (0.174055,0.151428) 0.150342 (2.19584,2.39427) (-0.125472,-0.124691) 0.172683 (3.02958,3.17229) (-0.0762157,-0.0753116) 0.158667 (-0.591875,-0.455594) (0.151066,0.145699) 0.19798
3.7 (0.0344095,0.93682) (0.731223,0.665749) 0.219839 (2.79844,2.7831) 1.97788 0.738564 (-0.354891,0.0394647) (0.17404,0.151446) 0.150342 (2.18329,2.38181) (-0.125473,-0.12469) 0.172683 (3.02196,3.16476) (-0.0762146,-0.0753128) 0.158667 (-0.576769,-0.441024) (0.151063,0.145703) 0.19798
3.8 (0.107481,1.00334) (0.730719,0.665248) 0.219839 (2.79844,2.7831) 1.97788 0.738533 (-0.337485,0.0546072) (0.174058,0.151425) 0.150342 (2.17075,2.36934) (-0.125465,-0.124698) 0.172683 (3.01434,3.15723) (-0.0762175,-0.0753098) 0.158667 (-0.561663,-0.426453) (0.151058,0.145707) 0.19798
3.9 (0.180506,1.06982) (0.730245,0.664797) 0.219839 (2.79844,2.7831) 1.97788 0.738518 (-0.32008,0.0697509) (0.174048,0.151437) 0.150342 (2.1582,2.35687) (-0.125473,-0.124689) 0.172683 (3.00672,3.1497) (-0.0762156,-0.0753117) 0.158667 (-0.546556,-0.411884) (0.15107,0.145695) 0.19798
4 (0.253473,1.13625) (0.729669,0.664258) 0.219839 (2.79844,2.7831) 1.97788 0.738507 (-0.302677,0.0848957) (0.174037,0.151449) 0.150342 (2.14565,2.3444) (-0.125455,-0.124708) 0.172683 (2.99909,3.14217) (-0.0762183,-0.075309) 0.158667 (-0.53145,-0.397314) (0.151062,0.145704) 0.19798
4.1 (0.326383,1.20262) (0.729102,0.663735) 0.219839 (2.79844,2.7831) 1.97788 0.738502 (-0.285272,0.100039) (0.174048,0.151436) 0.150342 (2.13311,2.33193) (-0.12547,-0.124692) 0.172683 (2.99147,3.13464) (-0.0762181,-0.0753092) 0.158667 (-0.516344,-0.382744) (0.151065,0.1457) 0.19798
4.2 (0.399219,1.26893) (0.728363,0.663055) 0.219839 (2.79844,2.7831) 1.97788 0.738496 (-0.267866,0.115181) (0.174061,0.151421) 0.150342 (2.12056,2.31946) (-0.125463,-0.1247) 0.172683 (2.98385,3.12711) (-0.0762142,-0.0753132) 0.158667 (-0.501237,-0.368174) (0.151067,0.145698) 0.19798
4.3 (0.471981,1.33517) (0.727619,0.662367) 0.219839 (2.79844,2.7831) 1.97788 0.738489 (-0.25046,0.130324) (0.174055,0.151429) 0.150342 (2.10801,2.30699) (-0.125467,-0.124696) 0.172683 (2.97623,3.11958) (-0.0762167,-0.0753106) 0.158667 (-0.486132,-0.353602) (0.151051,0.145715) 0.19798
4.4 (0.544659,1.40133) (0.726778,0.661596) 0.219839 (2.79844,2.7831) 1.97788 0.738484 (-0.233056,0.145469) (0.174042,0.151444) 0.150342 (2.09547,2.29452) (-0.125458,-0.124705) 0.172683 (2.96861,3.11204) (-0.0762167,-0.0753106) 0.158667 (-0.471026,-0.339032) (0.151061,0.145705) 0.19798
4.5 (0.617243,1.4674) (0.725836,0.660731) 0.219839 (2.79844,2.7831) 1.97788 0.738479 (-0.215651,0.160612) (0.174053,0.15143) 0.150342 (2.08292,2.28205) (-0.125465,-0.124698) 0.172683 (2.96099,3.10451) (-0.0762117,-0.0753156) 0.158667 (-0.455919,-0.324462) (0.151065,0.145701) 0.19798
4.6 (0.68973,1.53338) (0.72487,0.65984) 0.219839 (2.79844,2.7831) 1.97788 0.73847 (-0.198247,0.175756) (0.174041,0.151444) 0.150342 (2.07037,2.26958) (-0.125464,-0.124699) 0.172683 (2.95336,3.09698) (-0.0762143,-0.075313) 0.158667 (-0.440813,-0.309891) (0.15106,0.145705) 0.19798
4.7 (0.762093,1.59925) (0.723633,0.658705) 0.219839 (2.79844,2.7831) 1.97788 0.738463 (-0.180842,0.1909) (0.174046,0.151438) 0.150342 (2.05783,2.25711) (-0.125453,-0.124709) 0.172683 (2.94574,3.08945) (-0.0762143,-0.0753131) 0.158667 (-0.425706,-0.295322) (0.151071,0.145694) 0.19798
4.8 (0.834328,1.66501) (0.722346,0.657524) 0.219839 (2.79844,2.7831) 1.97788 0.738455 (-0.163437,0.206043) (0.174054,0.151429) 0.150342 (2.04528,2.24464) (-0.125467,-0.124696) 0.172683 (2.93812,3.08192) (-0.0762143,-0.0753131) 0.158667 (-0.4106,-0.280751) (0.15106,0.145706) 0.19798
4.9 (0.906415,1.73062) (0.720876,0.656175) 0.219839 (2.79844,2.7831) 1.97788 0.738447 (-0.146032,0.221186) (0.174049,0.151435) 0.150342 (2.03274,2.23217) (-0.125459,-0.124704) 0.172683 (2.9305,3.07439) (-0.0762143,-0.0753131) 0.158667 (-0.395493,-0.266182) (0.151068,0.145697) 0.19798
5 (0.978341,1.79609) (0.719262,0.654693) 0.219839 (2.79844,2.7831) 1.97788 0.738438 (-0.128627,0.23633) (0.174051,0.151433) 0.150342 (2.02019,2.2197) (-0.125455,-0.124708) 0.172683 (2.92288,3.06686) (-0.0762143,-0.0753131) 0.158667 (-0.380388,-0.251611) (0.151059,0.145707) 0.19798
5.1 (1.05007,1.86138) (0.717332,0.652922) 0.219839 (2.79844,2.7831) 1.97788 0.738427 (-0.111221,0.251472) (0.174057,0.151426) 0.150342 (2.00764,2.20722) (-0.125457,-0.124706) 0.172683 (2.91526,3.05932) (-0.0762143,-0.075313) 0.158667 (-0.365281,-0.237041) (0.151067,0.145698) 0.19798
5.2 (1.12159,1.92648) (0.715147,0.650918) 0.219839 (2.79844,2.7831) 1.97788 0.738415 (-0.0938156,0.266615) (0.174054,0.151429) 0.150342 (1.9951,2.19475) (-0.125457,-0.124706) 0.172683 (2.90763,3.05179) (-0.0762143,-0.075313) 0.158667 (-0.350175,-0.222471) (0.151063,0.145702) 0.19798
5.3 (1.19286,1.99134) (0.712695,0.648667) 0.219839 (2.79844,2.7831) 1.97788 0.7384 (-0.0764101,0.281758) (0.174055,0.151428) 0.150342 (1.98255,2.18229) (-0.125474,-0.124689) 0.172683 (2.90001,3.04426) (-0.0762126,-0.0753147) 0.158667 (-0.335069,-0.2079) (0.15106,0.145705) 0.19798
5.4 (1.26384,2.05594) (0.709798,0.646007) 0.219839 (2.79844,2.7831) 1.97788 0.738382 (-0.0590052,0.296902) (0.174049,0.151435) 0.150342 (1.97,2.16982) (-0.125471,-0.124692) 0.172683 (2.89239,3.03673) (-0.0762135,-0.0753139) 0.158667 (-0.319962,-0.19333) (0.151062,0.145703) 0.19798
5.5 (1.33449,2.12025) (0.706562,0.643037) 0.219839 (2.79844,2.7831) 1.97788 0.738363 (-0.0416003,0.312045) (0.174049,0.151436) 0.150342 (1.95746,2.15735) (-0.125464,-0.124699) 0.172683 (2.88477,3.0292) (-0.0762135,-0.0753139) 0.158667 (-0.304856,-0.17876) (0.151065,0.1457) 0.19798
5.6 (1.40476,2.18419) (0.702614,0.639414) 0.219839 (2.79844,2.7831) 1.97788 0.73834 (-0.0241948,0.327188) (0.174056,0.151427) 0.150342 (1.94491,2.14488) (-0.125459,-0.124704) 0.172683 (2.87715,3.02167) (-0.0762135,-0.0753139) 0.158667 (-0.289751,-0.164188) (0.15105,0.145716) 0.19798
5.7 (1.47457,2.24772) (0.698095,0.635267) 0.219839 (2.79844,2.7831) 1.97788 0.738313 (-0.0067899,0.342331) (0.174049,0.151436) 0.150342 (1.93237,2.13241) (-0.125467,-0.124696) 0.172683 (2.86953,3.01414) (-0.0762113,-0.075316) 0.158667 (-0.274644,-0.149619) (0.151071,0.145694) 0.19798
5.8 (1.54384,2.31075) (0.692699,0.630312) 0.219839 (2.79844,2.7831) 1.97788 0.738278 (0.0106136,0.357477) (0.174035,0.151451) 0.150342 (1.91982,2.11994) (-0.125468,-0.124694) 0.172683 (2.86191,3.0066) (-0.0762104,-0.075317) 0.158667 (-0.259537,-0.13505) (0.151072,0.145693) 0.19798
5.9 (1.61245,2.37318) (0.686191,0.624338) 0.219839 (2.79844,2.7831) 1.97788 0.738236 (0.0280187,0.37262) (0.174051,0.151433) 0.150342 (1.90727,2.10747) (-0.12547,-0.124693) 0.172683 (2.85429,2.99907) (-0.0762115,-0.0753158) 0.158667 (-0.244429,-0.12048) (0.151072,0.145693) 0.19798
6 (1.6803,2.4349) (0.67846,0.617243) 0.219839 (2.79844,2.7831) 1.97788 0.738187 (0.0454241,0.387763) (0.174055,0.151428) 0.150342 (1.89473,2.095) (-0.125467,-0.124696) 0.172683 (2.84667,2.99154) (-0.0762115,-0.0753158) 0.158667 (-0.229323,-0.10591) (0.151063,0.145702) 0.19798
6.1 (1.74721,2.49577) (0.669085,0.60864) 0.219839 (2.79844,2.7831) 1.97788 0.738127 (0.0628293,0.402906) (0.174051,0.151433) 0.150342 (1.88218,2.08253) (-0.125457,-0.124706) 0.172683 (2.83904,2.98401) (-0.0762107,-0.0753167) 0.158667 (-0.214216,-0.0913407) (0.15107,0.145696) 0.19798
6.2 (1.81297,2.55558) (0.657619,0.598117) 0.219839 (2.79844,2.7831) 1.97788 0.738049 (0.0802339,0.41805) (0.174046,0.151438) 0.150342 (1.86963,2.07006) (-0.125459,-0.124704) 0.172683 (2.83142,2.97648) (-0.0762111,-0.0753162) 0.158667 (-0.19911,-0.0767701) (0.15106,0.145706) 0.19798
6.3 (1.87734,2.61411) (0.643697,0.585341) 0.219839 (2.79844,2.7831) 1.97788 0.737953 (0.0976401,0.433192) (0.174062,0.15142) 0.150342 (1.85709,2.05759) (-0.125461,-0.124702) 0.172683 (2.8238,2.96895) (-0.0762112,-0.0753162) 0.158667 (-0.184004,-0.0621997) (0.151062,0.145703) 0.19798
6.4 (1.93603,2.66743) (0.586857,0.533178) 0.219839 (2.79844,2.7831) 1.97788 0.737509 (0.115044,0.448336) (0.174042,0.151443) 0.150342 (1.84454,2.04512) (-0.125467,-0.124696) 0.172683 (2.81618,2.96141) (-0.0762112,-0.0753161) 0.158667 (-0.168898,-0.0476295) (0.151063,0.145702) 0.19798
6.5 (1.98887,2.71539) (0.528411,0.479543) 0.219839 (2.79844,2.7831) 1.97788 0.736954 (0.133125,0.462666) (0.180807,0.143299) 0.150342 (1.83272,2.03196) (-0.118253,-0.131557) 0.172683 (2.80856,2.95388) (-0.0762113,-0.0753161) 0.158667 (-0.153792,-0.033059) (0.151061,0.145705) 0.19798
6.6 (2.03646,2.75852) (0.475877,0.431333) 0.219839 (2.79844,2.7831) 1.97788 0.736337 (0.152608,0.474939) (0.194829,0.12273) 0.150342 (1.82163,2.01862) (-0.110834,-0.133449) 0.172683 (2.80094,2.94635) (-0.0762113,-0.0753161) 0.158667 (-0.138685,-0.0184888) (0.151063,0.145703) 0.19798
6.7 (2.07931,2.79731) (0.428548,0.387899) 0.219839 (2.79844,2.7831) 1.97788 0.735652 (0.172426,0.48675) (0.198185,0.118104) 0.150342 (1.80871,2.00654) (-0.129272,-0.120747) 0.172683 (2.79332,2.93882) (-0.0762113,-0.0753161) 0.158667 (-0.123578,-0.00391935) (0.151071,0.145694) 0.19798
6.8 (2.11791,2.83219) (0.38595,0.348807) 0.219839 (2.79844,2.7831) 1.97788 0.73489 (0.19223,0.498585) (0.198035,0.118355) 0.150342 (1.7958,1.99444) (-0.129037,-0.120998) 0.172683 (2.7857,2.93129) (-0.0762113,-0.075316) 0.158667 (-0.108472,0.0106511) (0.151061,0.145705) 0.19798
6.9 (2.15267,2.86355) (0.347625,0.313636) 0.219839 (2.79844,2.7831) 1.97788 0.734044 (0.212158,0.51021) (0.199278,0.11625) 0.150342 (1.78271,1.98255) (-0.130918,-0.118961) 0.172683 (2.77808,2.92376) (-0.0762113,-0.075316) 0.158667 (-0.0933664,0.0252219) (0.151057,0.145708) 0.19798
7 (2.18399,2.89176) (0.313204,0.282049) 0.219839 (2.79844,2.7831) 1.97788 0.733106 (0.232168,0.521691) (0.200108,0.114815) 0.150342 (1.7695,1.97078) (-0.132118,-0.117626) 0.172683 (2.77045,2.91622) (-0.0762114,-0.0753159) 0.158667 (-0.0782605,0.0397925) (0.15106,0.145706) 0.19798
7.1 (2.21219,2.91711) (0.282068,0.253475) 0.219839 (2.79844,2.7831) 1.97788 0.732058 (0.252232,0.533081) (0.200635,0.113891) 0.150342 (1.75621,1.9591) (-0.132855,-0.116793) 0.172683 (2.76283,2.90869) (-0.0762115,-0.0753158) 0.158667 (-0.0631549,0.0543635) (0.151056,0.145709) 0.19798
7.2 (2.23761,2.93989) (0.254175,0.227878) 0.219839 (2.79844,2.7831) 1.97788 0.730899 (0.272321,0.544425) (0.20089,0.113441) 0.150342 (1.74289,1.94746) (-0.133201,-0.116398) 0.172683 (2.75521,2.90116) (-0.0762116,-0.0753158) 0.158667 (-0.0480488,0.068934) (0.15106,0.145705) 0.19798
7.3 (2.26052,2.96037) (0.22903,0.204802) 0.219839 (2.79844,2.7831) 1.97788 0.72961 (0.292413,0.555764) (0.20092,0.113388) 0.150342 (1.72957,1.93583) (-0.133241,-0.116352) 0.172683 (2.74759,2.89363) (-0.0762116,-0.0753158) 0.158667 (-0.0329416,0.0835033) (0.151072,0.145693) 0.19798
7.4 (2.28115,2.97878) (0.20639,0.184025) 0.219839 (2.79844,2.7831) 1.97788 0.728177 (0.312505,0.567102) (0.20092,0.113388) 0.150342 (1.71624,1.92419) (-0.133241,-0.116352) 0.172683 (2.73997,2.8861) (-0.0762117,-0.0753157) 0.158667 (-0.0178343,0.0980724) (0.151074,0.145691) 0.19798
7.5 (2.29975,2.99531) (0.185983,0.165298) 0.219839 (2.79844,2.7831) 1.97788 0.726582 (0.332597,0.578441) (0.20092,0.113388) 0.150342 (1.70292,1.91256) (-0.133241,-0.116352) 0.172683 (2.73235,2.87857) (-0.0762118,-0.0753156) 0.158667 (-0.00272822,0.112643) (0.15106,0.145705) 0.19798
7.6 (2.31652,3.01015) (0.167656,0.148479) 0.219839 (2.79844,2.7831) 1.97788 0.724813 (0.352689,0.58978) (0.20092,0.113388) 0.150342 (1.6896,1.90092) (-0.133241,-0.116352) 0.172683 (2.72473,2.87103) (-0.0762117,-0.0753156) 0.158667 (0.0123784,0.127213) (0.151066,0.145699) 0.19798
7.7 (2.33164,3.02349) (0.151176,0.133356) 0.219839 (2.79844,2.7831) 1.97788 0.722851 (0.372781,0.601119) (0.20092,0.113388) 0.150342 (1.67627,1.88929) (-0.133241,-0.116352) 0.172683 (2.71711,2.8635) (-0.0762096,-0.0753178) 0.158667 (0.0274842,0.141784) (0.151058,0.145707) 0.19798
7.79999 (2.34527,3.03546) (0.136338,0.119737) 0.219839 (2.79844,2.7831) 1.97788 0.72066 (0.392873,0.612458) (0.20092,0.113388) 0.150342 (1.66295,1.87765) (-0.133241,-0.116352) 0.172683 (2.70949,2.85597) (-0.0762108,-0.0753166) 0.158667 (0.04259,0.156354) (0.151058,0.145707) 0.19798
7.89999 (2.35756,3.04621) (0.122951,0.107451) 0.219839 (2.79844,2.7831) 1.97788 0.71823 (0.412965,0.623796) (0.20092,0.113388) 0.150342 (1.64962,1.86602) (-0.133241,-0.116352) 0.172683 (2.70186,2.84844) (-0.0762108,-0.0753166) 0.158667 (0.0576971,0.170924) (0.151071,0.145694) 0.19798
7.99999 (2.36865,3.05585) (0.110902,0.0963946) 0.219839 (2.79844,2.7831) 1.97788 0.715529 (0.433057,0.635135) (0.20092,0.113388) 0.150342 (1.6363,1.85438) (-0.133241,-0.116352) 0.172683 (2.69424,2.84091) (-0.0762107,-0.0753166) 0.158667 (0.0728019,0.185495) (0.151048,0.145718) 0.19798
8.09999 (2.37867,3.0645) (0.100105,0.0864867) 0.219839 (2.79844,2.7831) 1.97788 0.712541 (0.453149,0.646474) (0.20092,0.113388) 0.150342 (1.62298,1.84275) (-0.133241,-0.116352) 0.172683 (2.68662,2.83338) (-0.0762107,-0.0753167) 0.158667 (0.0879072,0.200067) (0.151052,0.145713) 0.19798
8.2 (2.3877,3.07225) (0.0903663,0.0775493) 0.219839 (2.79844,2.7831) 1.97788 0.709216 (0.473241,0.657813) (0.20092,0.113388) 0.150342 (1.6094,1.8314) (-0.135719,-0.113452) 0.172683 (2.679,2.82584) (-0.0762107,-0.0753167) 0.158667 (0.103299,0.214335) (0.153921,0.142679) 0.19798
8.3 (2.39586,3.0792) (0.0816042,0.0695081) 0.219839 (2.79844,2.7831) 1.97788 0.705521 (0.493236,0.669321) (0.199953,0.115084) 0.150342 (1.59555,1.8204) (-0.138537,-0.109993) 0.172683 (2.67138,2.81831) (-0.0762109,-0.0753164) 0.158667 (0.119011,0.22825) (0.157114,0.139156) 0.19798
8.4 (2.40323,3.08542) (0.0736582,0.0622155) 0.219839 (2.79844,2.7831) 1.97788 0.701381 (0.513065,0.681113) (0.198293,0.117922) 0.150342 (1.58151,1.80965) (-0.140421,-0.107577) 0.172683 (2.66376,2.81078) (-0.0762113,-0.0753161) 0.158667 (0.134933,0.241924) (0.15922,0.136741) 0.19798
8.5 (2.40988,3.091) (0.0665689,0.0557069) 0.219839 (2.79844,2.7831) 1.97788 0.696799 (0.532726,0.693185) (0.196607,0.120711) 0.150342 (1.56732,1.79908) (-0.141843,-0.105696) 0.172683 (2.65614,2.80325) (-0.076213,-0.0753144) 0.158667 (0.151012,0.255413) (0.160797,0.134883) 0.19798
8.6 (2.41892,3.0976) (0.0903088,0.0660667) 0.219839 (2.79844,2.7831) 1.97788 0.631598 (0.552234,0.705501) (0.195082,0.12316) 0.150342 (1.55303,1.78865) (-0.142882,-0.104287) 0.172683 (2.64852,2.79572) (-0.0762194,-0.0753078) 0.158667 (0.167207,0.268763) (0.161943,0.133505) 0.19798
8.7 (2.43117,3.10481) (0.122538,0.072126) 0.219839 (2.79844,2.7831) 1.97788 0.531996 (0.571614,0.718018) (0.1938,0.125168) 0.150342 (1.53867,1.77832) (-0.143605,-0.103288) 0.172683 (2.64089,2.78819) (-0.0762167,-0.0753106) 0.158667 (0.18348,0.282017) (0.162737,0.132536) 0.19798
8.8 (2.44639,3.11175) (0.152192,0.0693849) 0.219839 (2.79844,2.7831) 1.97788 0.427752 (0.590893,0.73069) (0.192785,0.126727) 0.150342 (1.52427,1.76805) (-0.144055,-0.102661) 0.172683 (2.63327,2.78066) (-0.0762154,-0.0753119) 0.158667 (0.199803,0.29521) (0.163228,0.131931) 0.19798
8.9 (2.46427,3.11774) (0.178812,0.0598354) 0.219839 (2.79844,2.7831) 1.97788 0.322915 (0.610096,0.743476) (0.192036,0.127858) 0.150342 (1.50984,1.75781) (-0.144254,-0.10238) 0.172683 (2.62565,2.77312) (-0.0762142,-0.0753132) 0.158667 (0.216148,0.308376) (0.163444,0.131663) 0.19798
