[]
timestamp position0 velocity0 radius0 goal pref_speed theta position1 velocity1 radius1 position2 velocity2 radius2 position3 velocity3 radius3 position4 velocity4 radius4 position5 velocity5 radius5 position6 velocity6 radius6
0 (-1.65082,-1.7687) (0,0) 0.201923 (2.79844,2.7831) 1.70323 0 (-0.738393,-0.64342) (0,0) 0.133165 (2.71755,2.07271) (0,0) 0.194986 (3.26686,2.61244) (0,0) 0.190302 (-0.958888,-1.20671) (0,0) 0.196905
0.1 (-1.65421,-1.75671) (-0.0338695,0.119832) 0.201923 (2.79844,2.7831) 1.70323 1.84625 (-0.723426,-0.628918) (0.149673,0.145014) 0.133165 (2.69454,2.05411) (-0.230133,-0.18595) 0.194986 (3.25739,2.61659) (-0.0946846,0.0414587) 0.190302 (-0.940327,-1.21103) (0.185612,-0.0431412) 0.196905
0.2 (-1.64635,-1.72748) (0.0785644,0.292276) 0.201923 (2.79844,2.7831) 1.70323 1.3082 (-0.708458,-0.614418) (0.149682,0.145004) 0.133165 (2.67153,2.03551) (-0.230113,-0.185975) 0.194986 (3.23657,2.60773) (-0.208126,-0.0885088) 0.190302 (-0.922873,-1.20338) (0.174534,0.0764917) 0.196905
0.3 (-1.63518,-1.67345) (0.111735,0.540349) 0.201923 (2.79844,2.7831) 1.70323 1.36689 (-0.69349,-0.599917) (0.149673,0.145014) 0.133165 (2.64851,2.01692) (-0.230122,-0.185963) 0.194986 (3.21903,2.59346) (-0.175415,-0.142758) 0.190302 (-0.909809,-1.1895) (0.130643,0.138728) 0.196905
0.4 (-1.60261,-1.60203) (0.325638,0.714201) 0.201923 (2.79844,2.7831) 1.70323 1.14301 (-0.678523,-0.585415) (0.149676,0.145011) 0.133165 (2.6255,1.99832) (-0.230141,-0.18594) 0.194986 (3.20149,2.57918) (-0.175409,-0.142765) 0.190302 (-0.896745,-1.17563) (0.130646,0.138725) 0.196905
0.5 (-1.55688,-1.51801) (0.457377,0.840184) 0.201923 (2.79844,2.7831) 1.70323 1.07228 (-0.663555,-0.570915) (0.149677,0.14501) 0.133165 (2.60249,1.97973) (-0.230126,-0.185958) 0.194986 (3.18395,2.56491) (-0.175407,-0.142768) 0.190302 (-0.88368,-1.16176) (0.130646,0.138725) 0.196905
0.6 (-1.5085,-1.43543) (0.483809,0.825857) 0.201923 (2.79844,2.7831) 1.70323 1.04086 (-0.648586,-0.556415) (0.149689,0.144998) 0.133165 (2.57948,1.96113) (-0.230127,-0.185957) 0.194986 (3.16641,2.55063) (-0.175423,-0.142749) 0.190302 (-0.870616,-1.14789) (0.13064,0.138731) 0.196905
0.7 (-1.45874,-1.35366) (0.497588,0.817696) 0.201923 (2.79844,2.7831) 1.70323 1.02413 (-0.633619,-0.541913) (0.149669,0.145018) 0.133165 (2.55646,1.94254) (-0.230143,-0.185937) 0.194986 (3.14887,2.53636) (-0.175417,-0.142755) 0.190302 (-0.85755,-1.13401) (0.130658,0.138714) 0.196905
0.8 (-1.40827,-1.27236) (0.504703,0.812916) 0.201923 (2.79844,2.7831) 1.70323 1.01518 (-0.618653,-0.527411) (0.149666,0.145021) 0.133165 (2.53345,1.92394) (-0.230131,-0.185953) 0.194986 (3.13133,2.52208) (-0.175412,-0.142761) 0.190302 (-0.844486,-1.12014) (0.13064,0.138731) 0.196905
0.9 (-1.35744,-1.19137) (0.508289,0.809935) 0.201923 (2.79844,2.7831) 1.70323 1.01035 (-0.603685,-0.51291) (0.149678,0.145009) 0.133165 (2.51043,1.90535) (-0.230129,-0.185954) 0.194986 (3.11379,2.5078) (-0.175398,-0.142779) 0.190302 (-0.831422,-1.10627) (0.130646,0.138725) 0.196905
1 (-1.30645,-1.1106) (0.509893,0.807704) 0.201923 (2.79844,2.7831) 1.70323 1.00769 (-0.588716,-0.49841) (0.149684,0.145002) 0.133165 (2.48742,1.88675) (-0.230132,-0.185951) 0.194986 (3.09625,2.49352) (-0.175406,-0.142769) 0.190302 (-0.818357,-1.0924) (0.130644,0.138727) 0.196905
1.1 (-1.2554,-1.03) (0.510524,0.806048) 0.201923 (2.79844,2.7831) 1.70323 1.0062 (-0.573747,-0.48391) (0.149691,0.144996) 0.133165 (2.46441,1.86816) (-0.230129,-0.185955) 0.194986 (3.07871,2.47925) (-0.175408,-0.142767) 0.190302 (-0.805293,-1.07852) (0.130641,0.13873) 0.196905
1.2 (-1.20434,-0.949541) (0.51055,0.80455) 0.201923 (2.79844,2.7831) 1.70323 1.00534 (-0.55878,-0.469409) (0.149677,0.145009) 0.133165 (2.4414,1.84956) (-0.230124,-0.185961) 0.194986 (3.06116,2.46497) (-0.175412,-0.142762) 0.190302 (-0.792228,-1.06465) (0.130653,0.138719) 0.196905
1.3 (-1.15331,-0.869217) (0.510288,0.803242) 0.201923 (2.79844,2.7831) 1.70323 1.00483 (-0.543812,-0.454908) (0.149674,0.145013) 0.133165 (2.41838,1.83096) (-0.230138,-0.185944) 0.194986 (3.04362,2.4507) (-0.175423,-0.142748) 0.190302 (-0.779164,-1.05078) (0.130633,0.138737) 0.196905
1.4 (-1.10233,-0.78903) (0.509787,0.80187) 0.201923 (2.79844,2.7831) 1.70323 1.00451 (-0.528844,-0.440407) (0.149681,0.145006) 0.133165 (2.39537,1.81237) (-0.230129,-0.185954) 0.194986 (3.02608,2.43642) (-0.175413,-0.14276) 0.190302 (-0.766101,-1.0369) (0.130637,0.138733) 0.196905
1.5 (-1.05141,-0.708962) (0.509277,0.800673) 0.201923 (2.79844,2.7831) 1.70323 1.00428 (-0.513876,-0.425906) (0.149676,0.14501) 0.133165 (2.37236,1.79377) (-0.230133,-0.18595) 0.194986 (3.00854,2.42214) (-0.175407,-0.142768) 0.190302 (-0.753036,-1.02303) (0.130652,0.13872) 0.196905
1.6 (-1.00055,-0.629042) (0.508554,0.799207) 0.201923 (2.79844,2.7831) 1.70323 1.0041 (-0.498908,-0.411406) (0.149684,0.145003) 0.133165 (2.34934,1.77518) (-0.230133,-0.185949) 0.194986 (2.991,2.40787) (-0.175411,-0.142763) 0.190302 (-0.739971,-1.00916) (0.130645,0.138726) 0.196905
1.7 (-0.94977,-0.549267) (0.507805,0.797743) 0.201923 (2.79844,2.7831) 1.70323 1.00393 (-0.483939,-0.396906) (0.149689,0.144998) 0.133165 (2.32633,1.75658) (-0.230132,-0.185951) 0.194986 (2.97346,2.39359) (-0.1754,-0.142776) 0.190302 (-0.726906,-0.995288) (0.130646,0.138725) 0.196905
1.8 (-0.899069,-0.469644) (0.507011,0.796228) 0.201923 (2.79844,2.7831) 1.70323 1.00378 (-0.468971,-0.382405) (0.14968,0.145007) 0.133165 (2.30332,1.73799) (-0.230129,-0.185955) 0.194986 (2.95592,2.37931) (-0.175412,-0.142762) 0.190302 (-0.713842,-0.981415) (0.130648,0.138723) 0.196905
1.9 (-0.848448,-0.390171) (0.506207,0.794738) 0.201923 (2.79844,2.7831) 1.70323 1.00365 (-0.454004,-0.367904) (0.14967,0.145017) 0.133165 (2.2803,1.7194) (-0.230146,-0.185933) 0.194986 (2.93838,2.36504) (-0.175411,-0.142763) 0.190302 (-0.700777,-0.967543) (0.13065,0.138722) 0.196905
2 (-0.797916,-0.310858) (0.505321,0.793123) 0.201923 (2.79844,2.7831) 1.70323 1.00352 (-0.439036,-0.353404) (0.149685,0.145002) 0.133165 (2.25729,1.7008) (-0.230133,-0.18595) 0.194986 (2.92084,2.35076) (-0.175408,-0.142766) 0.190302 (-0.687712,-0.953671) (0.130651,0.138721) 0.196905
2.1 (-0.747477,-0.231718) (0.504394,0.791401) 0.201923 (2.79844,2.7831) 1.70323 1.00337 (-0.424068,-0.338903) (0.149678,0.145009) 0.133165 (2.23428,1.6822) (-0.230127,-0.185957) 0.194986 (2.90329,2.33648) (-0.17541,-0.142764) 0.190302 (-0.674648,-0.939798) (0.130638,0.138732) 0.196905
2.2 (-0.697137,-0.15276) (0.503401,0.78958) 0.201923 (2.79844,2.7831) 1.70323 1.00322 (-0.409101,-0.324401) (0.149675,0.145012) 0.133165 (2.21126,1.66361) (-0.230135,-0.185948) 0.194986 (2.88575,2.32221) (-0.175405,-0.14277) 0.190302 (-0.661583,-0.925925) (0.130644,0.138727) 0.196905
2.3 (-0.64357,-0.0736108) (0.535671,0.791494) 0.201923 (2.79844,2.7831) 1.70323 0.975822 (-0.394133,-0.309901) (0.149678,0.145009) 0.133165 (2.18825,1.64502) (-0.230137,-0.185945) 0.194986 (2.86821,2.30793) (-0.175408,-0.142767) 0.190302 (-0.648518,-0.912053) (0.130653,0.138718) 0.196905
2.4 (-0.574993,0.00042893) (0.685768,0.740397) 0.201923 (2.79844,2.7831) 1.70323 0.823685 (-0.379166,-0.295399) (0.149669,0.145018) 0.133165 (2.16524,1.62642) (-0.230131,-0.185953) 0.194986 (2.85067,2.29365) (-0.175409,-0.142766) 0.190302 (-0.635453,-0.898181) (0.130644,0.138727) 0.196905
2.5 (-0.50199,0.0691197) (0.730028,0.686908) 0.201923 (2.79844,2.7831) 1.70323 0.754975 (-0.364199,-0.280896) (0.149664,0.145023) 0.133165 (2.14222,1.60782) (-0.230129,-0.185954) 0.194986 (2.83313,2.27938) (-0.175414,-0.142759) 0.190302 (-0.622389,-0.884308) (0.130647,0.138724) 0.196905
2.6 (-0.426712,0.135049) (0.752782,0.659298) 0.201923 (2.79844,2.7831) 1.70323 0.719291 (-0.349232,-0.266396) (0.149678,0.145009) 0.133165 (2.11921,1.58923) (-0.230133,-0.18595) 0.194986 (2.81559,2.2651) (-0.175411,-0.142763) 0.190302 (-0.609325,-0.870435) (0.130642,0.138729) 0.196905
2.7 (-0.350264,0.199552) (0.764484,0.645021) 0.201923 (2.79844,2.7831) 1.70323 0.700845 (-0.334264,-0.251894) (0.149672,0.145015) 0.133165 (2.0962,1.57064) (-0.230138,-0.185944) 0.194986 (2.79805,2.25083) (-0.175414,-0.142759) 0.190302 (-0.59626,-0.856563) (0.130649,0.138722) 0.196905
2.8 (-0.273226,0.263304) (0.770373,0.637527) 0.201923 (2.79844,2.7831) 1.70323 0.691319 (-0.319297,-0.237392) (0.149671,0.145016) 0.133165 (2.07318,1.55204) (-0.230127,-0.185957) 0.194986 (2.78051,2.23655) (-0.175414,-0.142759) 0.190302 (-0.583195,-0.84269) (0.130645,0.138726) 0.196905
2.9 (-0.195916,0.326731) (0.773098,0.634272) 0.201923 (2.79844,2.7831) 1.70323 0.687074 (-0.304329,-0.222892) (0.149678,0.145009) 0.133165 (2.05017,1.53344) (-0.230127,-0.185957) 0.194986 (2.76297,2.22227) (-0.175412,-0.142761) 0.190302 (-0.57013,-0.828818) (0.130651,0.13872) 0.196905
3 (-0.11861,0.390151) (0.773066,0.634193) 0.201923 (2.79844,2.7831) 1.70323 0.687033 (-0.289362,-0.208391) (0.149677,0.145009) 0.133165 (2.02716,1.51485) (-0.230146,-0.185934) 0.194986 (2.74543,2.208) (-0.175402,-0.142774) 0.190302 (-0.557065,-0.814946) (0.130645,0.138726) 0.196905
3.1 (-0.0413032,0.45357) (0.773066,0.634196) 0.201923 (2.79844,2.7831) 1.70323 0.687036 (-0.274394,-0.19389) (0.149679,0.145007) 0.133165 (2.00414,1.49625) (-0.23012,-0.185965) 0.194986 (2.72788,2.19372) (-0.175413,-0.142761) 0.190302 (-0.544,-0.801074) (0.130656,0.138716) 0.196905
3.2 (0.0360076,0.516992) (0.773108,0.63422) 0.201923 (2.79844,2.7831) 1.70323 0.687028 (-0.259427,-0.179388) (0.14967,0.145017) 0.133165 (1.98113,1.47766) (-0.230131,-0.185952) 0.194986 (2.71034,2.17944) (-0.175406,-0.14277) 0.190302 (-0.530936,-0.787201) (0.130636,0.138735) 0.196905
3.3 (0.113328,0.580423) (0.773201,0.634303) 0.201923 (2.79844,2.7831) 1.70323 0.687032 (-0.244459,-0.164887) (0.149678,0.145009) 0.133165 (1.95812,1.45906) (-0.230115,-0.185972) 0.194986 (2.6928,2.16517) (-0.175418,-0.142754) 0.190302 (-0.517871,-0.773329) (0.13065,0.138722) 0.196905
3.4 (0.190644,0.643845) (0.773167,0.634227) 0.201923 (2.79844,2.7831) 1.70323 0.686995 (-0.2297,-0.150174) (0.147587,0.147137) 0.133165 (1.93531,1.44021) (-0.228063,-0.188483) 0.194986 (2.67526,2.15089) (-0.175413,-0.142761) 0.190302 (-0.504807,-0.759456) (0.130645,0.138726) 0.196905
3.5 (0.267957,0.707269) (0.773127,0.634232) 0.201923 (2.79844,2.7831) 1.70323 0.687025 (-0.215169,-0.135236) (0.145316,0.14938) 0.133165 (1.91272,1.42111) (-0.225898,-0.191072) 0.194986 (2.65772,2.13661) (-0.175405,-0.142771) 0.190302 (-0.491742,-0.745584) (0.130651,0.138721) 0.196905
3.6 (0.345271,0.770692) (0.773136,0.634232) 0.201923 (2.79844,2.7831) 1.70323 0.687019 (-0.200784,-0.120156) (0.143847,0.150795) 0.133165 (1.89027,1.40184) (-0.224531,-0.192677) 0.194986 (2.64018,2.12234) (-0.17541,-0.142765) 0.190302 (-0.478677,-0.731712) (0.130647,0.138724) 0.196905
3.7 (0.422586,0.834115) (0.773151,0.63423) 0.201923 (2.79844,2.7831) 1.70323 0.687008 (-0.186483,-0.104997) (0.143007,0.151592) 0.133165 (1.86789,1.38248) (-0.223764,-0.193567) 0.194986 (2.62264,2.10806) (-0.175408,-0.142767) 0.190302 (-0.465612,-0.71784) (0.130654,0.138718) 0.196905
3.8 (0.499904,0.89754) (0.773185,0.634255) 0.201923 (2.79844,2.7831) 1.70323 0.687006 (-0.172208,-0.0898139) (0.142754,0.15183) 0.133165 (1.84554,1.3631) (-0.223536,-0.19383) 0.194986 (2.6051,2.09379) (-0.175416,-0.142756) 0.190302 (-0.452547,-0.703967) (0.130643,0.138728) 0.196905
3.9 (0.577219,0.960956) (0.773152,0.634154) 0.201923 (2.79844,2.7831) 1.70323 0.686949 (-0.157933,-0.0746308) (0.142754,0.15183) 0.133165 (1.82319,1.34372) (-0.223536,-0.19383) 0.194986 (2.58755,2.07951) (-0.17542,-0.142752) 0.190302 (-0.439483,-0.690095) (0.130648,0.138723) 0.196905
4 (0.654534,1.02438) (0.77314,0.634232) 0.201923 (2.79844,2.7831) 1.70323 0.687016 (-0.143657,-0.0594478) (0.142754,0.15183) 0.133165 (1.80083,1.32433) (-0.223536,-0.19383) 0.194986 (2.57001,2.06523) (-0.175404,-0.142772) 0.190302 (-0.426417,-0.676223) (0.130659,0.138713) 0.196905
4.1 (0.73184,1.08781) (0.773069,0.634303) 0.201923 (2.79844,2.7831) 1.70323 0.687116 (-0.129382,-0.0442647) (0.142754,0.15183) 0.133165 (1.77848,1.30495) (-0.223536,-0.19383) 0.194986 (2.55247,2.05096) (-0.175408,-0.142767) 0.190302 (-0.413352,-0.662351) (0.130646,0.138725) 0.196905
4.2 (0.809154,1.15123) (0.773139,0.63423) 0.201923 (2.79844,2.7831) 1.70323 0.687015 (-0.115106,-0.0290817) (0.142754,0.15183) 0.133165 (1.75613,1.28557) (-0.223536,-0.19383) 0.194986 (2.53493,2.03668) (-0.175406,-0.142769) 0.190302 (-0.400287,-0.648479) (0.13065,0.138721) 0.196905
4.3 (0.886467,1.21465) (0.773123,0.6342) 0.201923 (2.79844,2.7831) 1.70323 0.687003 (-0.100831,-0.0138986) (0.142754,0.15183) 0.133165 (1.73377,1.26618) (-0.223536,-0.19383) 0.194986 (2.51739,2.0224) (-0.175411,-0.142763) 0.190302 (-0.387223,-0.634606) (0.130642,0.138729) 0.196905
4.4 (0.963788,1.27808) (0.77321,0.634231) 0.201923 (2.79844,2.7831) 1.70323 0.686971 (-0.0865557,0.00128442) (0.142754,0.15183) 0.133165 (1.71142,1.2468) (-0.223536,-0.19383) 0.194986 (2.49985,2.00813) (-0.175418,-0.142754) 0.190302 (-0.374158,-0.620733) (0.130648,0.138723) 0.196905
4.5 (1.0411,1.3415) (0.773123,0.634222) 0.201923 (2.79844,2.7831) 1.70323 0.687019 (-0.0722804,0.0164675) (0.142754,0.151831) 0.133165 (1.68978,1.22663) (-0.21642,-0.201745) 0.194986 (2.48231,1.99385) (-0.17541,-0.142764) 0.190302 (-0.361575,-0.606423) (0.125828,0.14311) 0.196905
4.6 (1.11841,1.40491) (0.773145,0.634166) 0.201923 (2.79844,2.7831) 1.70323 0.686963 (-0.0576127,0.0312718) (0.146677,0.148043) 0.133165 (1.66868,1.20588) (-0.210933,-0.207475) 0.194986 (2.46477,1.97958) (-0.175412,-0.142761) 0.190302 (-0.349494,-0.591686) (0.120811,0.147369) 0.196905
4.7 (1.19573,1.46834) (0.773123,0.634222) 0.201923 (2.79844,2.7831) 1.70323 0.687019 (-0.0426057,0.0457322) (0.15007,0.144604) 0.133165 (1.64793,1.18479) (-0.207538,-0.210871) 0.194986 (2.44723,1.9653) (-0.175424,-0.142747) 0.190302 (-0.337748,-0.57668) (0.117463,0.150052) 0.196905
4.8 (1.27304,1.53176) (0.773121,0.634228) 0.201923 (2.79844,2.7831) 1.70323 0.687025 (-0.0275984,0.0601922) (0.150073,0.1446) 0.133165 (1.62743,1.16345) (-0.204953,-0.213384) 0.194986 (2.42969,1.95102) (-0.175401,-0.142776) 0.190302 (-0.326266,-0.561472) (0.114821,0.152083) 0.196905
4.9 (1.35034,1.59518) (0.773044,0.634248) 0.201923 (2.79844,2.7831) 1.70323 0.68709 (-0.0125913,0.0746524) (0.150071,0.144602) 0.133165 (1.60712,1.14194) (-0.20311,-0.215139) 0.194986 (2.41215,1.93675) (-0.175398,-0.142778) 0.190302 (-0.314977,-0.54612) (0.112886,0.153524) 0.196905
5 (1.42766,1.65861) (0.773135,0.634241) 0.201923 (2.79844,2.7831) 1.70323 0.687026 (0.00241558,0.0891128) (0.150069,0.144604) 0.133165 (1.58694,1.12031) (-0.201863,-0.21631) 0.194986 (2.3946,1.92247) (-0.175412,-0.142762) 0.190302 (-0.303822,-0.53067) (0.11155,0.154498) 0.196905
5.1 (1.50497,1.72203) (0.773099,0.634234) 0.201923 (2.79844,2.7831) 1.70323 0.687044 (0.017422,0.103574) (0.150064,0.144609) 0.133165 (1.56682,1.09861) (-0.201134,-0.216988) 0.194986 (2.37706,1.90819) (-0.175409,-0.142765) 0.190302 (-0.292747,-0.515163) (0.110754,0.155069) 0.196905
5.2 (1.58228,1.78546) (0.773134,0.63424) 0.201923 (2.79844,2.7831) 1.70323 0.687026 (0.0324284,0.118035) (0.150064,0.14461) 0.133165 (1.54674,1.07689) (-0.200877,-0.217226) 0.194986 (2.35952,1.89392) (-0.175416,-0.142756) 0.190302 (-0.2817,-0.499636) (0.110468,0.155273) 0.196905
5.3 (1.65959,1.84888) (0.773138,0.634217) 0.201923 (2.79844,2.7831) 1.70323 0.687006 (0.0474372,0.132493) (0.150088,0.144584) 0.133165 (1.52665,1.05516) (-0.200875,-0.217227) 0.194986 (2.34198,1.87964) (-0.175407,-0.142768) 0.190302 (-0.270653,-0.484108) (0.110467,0.155274) 0.196905
5.4 (1.7369,1.9123) (0.773056,0.634254) 0.201923 (2.79844,2.7831) 1.70323 0.687087 (0.0624441,0.146954) (0.150069,0.144604) 0.133165 (1.50656,1.03344) (-0.200875,-0.217227) 0.194986 (2.32444,1.86536) (-0.1754,-0.142777) 0.190302 (-0.259607,-0.468581) (0.110467,0.155274) 0.196905
5.5 (1.81422,1.97573) (0.773216,0.634244) 0.201923 (2.79844,2.7831) 1.70323 0.686978 (0.0774517,0.161413) (0.150076,0.144597) 0.133165 (1.48647,1.01172) (-0.200875,-0.217227) 0.194986 (2.3069,1.85109) (-0.175419,-0.142753) 0.190302 (-0.24856,-0.453053) (0.110467,0.155274) 0.196905
5.6 (1.89153,2.03915) (0.773085,0.63419) 0.201923 (2.79844,2.7831) 1.70323 0.687019 (0.0924591,0.175873) (0.150074,0.144599) 0.133165 (1.46639,0.989997) (-0.200875,-0.217227) 0.194986 (2.28936,1.83681) (-0.175417,-0.142756) 0.190302 (-0.237513,-0.437526) (0.110467,0.155274) 0.196905
5.7 (1.96884,2.10257) (0.773149,0.63428) 0.201923 (2.79844,2.7831) 1.70323 0.687047 (0.107467,0.190332) (0.15008,0.144592) 0.133165 (1.4463,0.968274) (-0.200875,-0.217227) 0.194986 (2.27182,1.82254) (-0.175413,-0.14276) 0.190302 (-0.226466,-0.421999) (0.110467,0.155274) 0.196905
5.8 (2.04616,2.16599) (0.773149,0.634199) 0.201923 (2.79844,2.7831) 1.70323 0.686985 (0.122474,0.204793) (0.15007,0.144603) 0.133165 (1.42621,0.946551) (-0.200875,-0.217227) 0.194986 (2.25428,1.80826) (-0.175399,-0.142778) 0.190302 (-0.21542,-0.406471) (0.110467,0.155274) 0.196905
5.9 (2.12139,2.2277) (0.752294,0.617075) 0.201923 (2.79844,2.7831) 1.70323 0.686972 (0.137482,0.219252) (0.150075,0.144598) 0.133165 (1.40612,0.924829) (-0.200875,-0.217227) 0.194986 (2.23674,1.79398) (-0.175408,-0.142767) 0.190302 (-0.204373,-0.390944) (0.110467,0.155274) 0.196905
6 (2.18909,2.28324) (0.677052,0.555398) 0.201923 (2.79844,2.7831) 1.70323 0.687008 (0.152488,0.233714) (0.150063,0.14461) 0.133165 (1.38604,0.903106) (-0.200875,-0.217227) 0.194986 (2.21919,1.77971) (-0.17542,-0.142752) 0.190302 (-0.193326,-0.375416) (0.110467,0.155274) 0.196905
6.1 (2.25003,2.33323) (0.609315,0.49993) 0.201923 (2.79844,2.7831) 1.70323 0.687104 (0.167496,0.248173) (0.15008,0.144593) 0.133165 (1.36595,0.881383) (-0.200875,-0.217227) 0.194986 (2.20165,1.76543) (-0.175411,-0.142763) 0.190302 (-0.18228,-0.359889) (0.110467,0.155274) 0.196905
6.2 (2.30487,2.37822) (0.548495,0.449823) 0.201923 (2.79844,2.7831) 1.70323 0.686879 (0.182503,0.262633) (0.150073,0.1446) 0.133165 (1.34586,0.85966) (-0.200875,-0.217227) 0.194986 (2.18411,1.75115) (-0.175401,-0.142775) 0.190302 (-0.171233,-0.344362) (0.110467,0.155274) 0.196905
6.3 (2.35423,2.4187) (0.493504,0.404872) 0.201923 (2.79844,2.7831) 1.70323 0.687059 (0.19751,0.277093) (0.150071,0.144602) 0.133165 (1.32577,0.837938) (-0.200875,-0.217227) 0.194986 (2.16657,1.73687) (-0.175402,-0.142773) 0.190302 (-0.160186,-0.328834) (0.110467,0.155274) 0.196905
6.4 (2.39865,2.45514) (0.444215,0.364403) 0.201923 (2.79844,2.7831) 1.70323 0.687014 (0.212517,0.291553) (0.15007,0.144603) 0.133165 (1.30569,0.816215) (-0.200875,-0.217227) 0.194986 (2.14903,1.7226) (-0.175413,-0.142761) 0.190302 (-0.149139,-0.313307) (0.110467,0.155274) 0.196905
6.5 (2.43862,2.48794) (0.39973,0.327984) 0.201923 (2.79844,2.7831) 1.70323 0.687124 (0.227384,0.306158) (0.148666,0.146047) 0.133165 (1.2856,0.794492) (-0.200875,-0.217227) 0.194986 (2.13163,1.70815) (-0.174013,-0.144464) 0.190302 (-0.138093,-0.297779) (0.110467,0.155274) 0.196905
