[]
timestamp position0 velocity0 radius0 goal pref_speed theta position1 velocity1 radius1 position2 velocity2 radius2 position3 velocity3 radius3 position4 velocity4 radius4 position5 velocity5 radius5 position6 velocity6 radius6
0 (-1.80092,-1.81727) (0,0) 0.174438 (2.79844,2.7831) 1.83097 0 (-0.541223,-0.777997) (0,0) 0.174617 (2.5294,2.0827) (0,0) 0.179964 (3.11862,2.72905) (0,0) 0.161837 (-1.25841,-1.12378) (0,0) 0.214117
0.1 (-1.78835,-1.82086) (0.125725,-0.0358959) 0.174438 (2.79844,2.7831) 1.83097 -0.278112 (-0.532214,-0.768389) (0.0900901,0.0960759) 0.174617 (2.50996,2.06627) (-0.194324,-0.164295) 0.179964 (3.10628,2.73309) (-0.123462,0.0404524) 0.161837 (-1.26623,-1.09818) (-0.0781813,0.255979) 0.214117
0.2 (-1.75887,-1.81531) (0.294768,0.0555342) 0.174438 (2.79844,2.7831) 1.83097 0.186217 (-0.523204,-0.758782) (0.0900972,0.0960693) 0.174617 (2.49053,2.04984) (-0.194333,-0.164285) 0.179964 (3.09317,2.72172) (-0.131027,-0.113718) 0.161837 (-1.26077,-1.07198) (0.0545994,0.262024) 0.214117
0.3 (-1.6988,-1.8055) (0.600687,0.0980554) 0.174438 (2.79844,2.7831) 1.83097 0.161812 (-0.514194,-0.749175) (0.0900981,0.0960684) 0.174617 (2.4711,2.03341) (-0.194315,-0.164306) 0.179964 (3.08007,2.71035) (-0.131026,-0.113719) 0.161837 (-1.24895,-1.04797) (0.118256,0.24011) 0.214117
0.4 (-1.62638,-1.77478) (0.72419,0.307199) 0.174438 (2.79844,2.7831) 1.83097 0.40119 (-0.505184,-0.739569) (0.0901003,0.0960663) 0.174617 (2.45167,2.01698) (-0.194333,-0.164285) 0.179964 (3.06697,2.69898) (-0.131017,-0.11373) 0.161837 (-1.23416,-1.02566) (0.147834,0.22312) 0.214117
0.5 (-1.54164,-1.72971) (0.847446,0.450682) 0.174438 (2.79844,2.7831) 1.83097 0.488772 (-0.496175,-0.729962) (0.0900978,0.0960687) 0.174617 (2.43223,2.00056) (-0.194328,-0.164291) 0.179964 (3.05387,2.6876) (-0.131025,-0.113721) 0.161837 (-1.21797,-1.00435) (0.161977,0.213075) 0.214117
0.6 (-1.45857,-1.68169) (0.830638,0.480251) 0.174438 (2.79844,2.7831) 1.83097 0.524214 (-0.487165,-0.720355) (0.0901005,0.0960662) 0.174617 (2.4128,1.98413) (-0.194319,-0.164302) 0.179964 (3.04076,2.67623) (-0.13103,-0.113714) 0.161837 (-1.20107,-0.983587) (0.168924,0.20761) 0.214117
0.7 (-1.37645,-1.63212) (0.821239,0.495699) 0.174438 (2.79844,2.7831) 1.83097 0.543062 (-0.478155,-0.710748) (0.0900933,0.0960729) 0.174617 (2.39337,1.9677) (-0.194329,-0.16429) 0.179964 (3.02766,2.66486) (-0.131026,-0.113719) 0.161837 (-1.18383,-0.963114) (0.172401,0.204732) 0.214117
0.8 (-1.29488,-1.58176) (0.815672,0.50363) 0.174438 (2.79844,2.7831) 1.83097 0.553146 (-0.469145,-0.701141) (0.0900982,0.0960683) 0.174617 (2.37394,1.95127) (-0.19432,-0.1643) 0.179964 (3.01456,2.65349) (-0.13103,-0.113714) 0.161837 (-1.16642,-0.94279) (0.174154,0.203243) 0.214117
0.9 (-1.21365,-1.53099) (0.812319,0.507663) 0.174438 (2.79844,2.7831) 1.83097 0.558568 (-0.460136,-0.691534) (0.0900975,0.096069) 0.174617 (2.3545,1.93484) (-0.194327,-0.164292) 0.179964 (3.00145,2.64212) (-0.131034,-0.113711) 0.161837 (-1.14891,-0.922542) (0.175048,0.202474) 0.214117
1 (-1.13266,-1.48004) (0.809928,0.509498) 0.174438 (2.79844,2.7831) 1.83097 0.561518 (-0.451126,-0.681927) (0.0900965,0.0960699) 0.174617 (2.33507,1.91841) (-0.194328,-0.164291) 0.179964 (2.98835,2.63075) (-0.131028,-0.113717) 0.161837 (-1.13136,-0.902334) (0.175503,0.20208) 0.214117
1.1 (-1.05184,-1.42902) (0.808182,0.510232) 0.174438 (2.79844,2.7831) 1.83097 0.563141 (-0.442116,-0.67232) (0.090097,0.0960694) 0.174617 (2.31564,1.90198) (-0.194322,-0.164298) 0.179964 (2.97525,2.61937) (-0.131024,-0.113721) 0.161837 (-1.11379,-0.882146) (0.175735,0.201878) 0.214117
1.2 (-0.971172,-1.37799) (0.806673,0.510311) 0.174438 (2.79844,2.7831) 1.83097 0.564054 (-0.433107,-0.662713) (0.0900968,0.0960696) 0.174617 (2.29621,1.88555) (-0.194325,-0.164294) 0.179964 (2.96215,2.608) (-0.131026,-0.113719) 0.161837 (-1.0962,-0.861969) (0.175853,0.201775) 0.214117
1.3 (-0.890639,-1.32698) (0.805323,0.510052) 0.174438 (2.79844,2.7831) 1.83097 0.564582 (-0.424098,-0.653105) (0.0900885,0.0960774) 0.174617 (2.27677,1.86912) (-0.194337,-0.16428) 0.179964 (2.94904,2.59663) (-0.131021,-0.113725) 0.161837 (-1.07861,-0.841797) (0.175914,0.201722) 0.214117
1.4 (-0.810249,-1.27603) (0.803901,0.509526) 0.174438 (2.79844,2.7831) 1.83097 0.564915 (-0.415088,-0.643499) (0.0900983,0.0960682) 0.174617 (2.25734,1.85269) (-0.194326,-0.164293) 0.179964 (2.93594,2.58526) (-0.131026,-0.113719) 0.161837 (-1.06102,-0.821627) (0.175941,0.201699) 0.214117
1.5 (-0.729989,-1.22513) (0.802599,0.508931) 0.174438 (2.79844,2.7831) 1.83097 0.565119 (-0.406078,-0.633892) (0.0901003,0.0960663) 0.174617 (2.23791,1.83626) (-0.194335,-0.164283) 0.179964 (2.92284,2.57389) (-0.131025,-0.11372) 0.161837 (-1.04342,-0.801459) (0.175959,0.201682) 0.214117
1.6 (-0.649858,-1.17431) (0.801314,0.508275) 0.174438 (2.79844,2.7831) 1.83097 0.565261 (-0.397068,-0.624285) (0.0901017,0.096065) 0.174617 (2.21847,1.81983) (-0.194325,-0.164295) 0.179964 (2.90974,2.56251) (-0.131032,-0.113713) 0.161837 (-1.02583,-0.781291) (0.17597,0.201673) 0.214117
1.7 (-0.569877,-1.12356) (0.799807,0.507452) 0.174438 (2.79844,2.7831) 1.83097 0.56538 (-0.388058,-0.614678) (0.0900956,0.0960707) 0.174617 (2.19904,1.8034) (-0.194325,-0.164295) 0.179964 (2.89663,2.55114) (-0.131027,-0.113718) 0.161837 (-1.00823,-0.761125) (0.175976,0.201667) 0.214117
1.8 (-0.49004,-1.0729) (0.798372,0.506657) 0.174438 (2.79844,2.7831) 1.83097 0.565482 (-0.379049,-0.605071) (0.0900956,0.0960707) 0.174617 (2.17961,1.78697) (-0.194318,-0.164303) 0.179964 (2.88353,2.53977) (-0.131036,-0.113708) 0.161837 (-0.99063,-0.740958) (0.175976,0.201667) 0.214117
1.9 (-0.410361,-1.02232) (0.796791,0.505762) 0.174438 (2.79844,2.7831) 1.83097 0.565579 (-0.370039,-0.595465) (0.0901007,0.096066) 0.174617 (2.16018,1.77054) (-0.194322,-0.164299) 0.179964 (2.87043,2.5284) (-0.131019,-0.113728) 0.161837 (-0.973032,-0.720791) (0.175976,0.201667) 0.214117
2 (-0.33085,-0.97184) (0.795106,0.504796) 0.174438 (2.79844,2.7831) 1.83097 0.565671 (-0.361029,-0.585858) (0.0900981,0.0960684) 0.174617 (2.14074,1.75412) (-0.194335,-0.164283) 0.179964 (2.85733,2.51703) (-0.131022,-0.113724) 0.161837 (-0.955435,-0.700625) (0.175979,0.201665) 0.214117
2.1 (-0.25151,-0.921458) (0.793403,0.503819) 0.174438 (2.79844,2.7831) 1.83097 0.565765 (-0.352019,-0.576251) (0.0900981,0.0960684) 0.174617 (2.12131,1.73769) (-0.194323,-0.164296) 0.179964 (2.84422,2.50566) (-0.131026,-0.113719) 0.161837 (-0.937837,-0.680458) (0.175979,0.201665) 0.214117
2.2 (-0.172334,-0.871171) (0.791759,0.502875) 0.174438 (2.79844,2.7831) 1.83097 0.565855 (-0.343009,-0.566644) (0.0900981,0.0960684) 0.174617 (2.10188,1.72126) (-0.194333,-0.164286) 0.179964 (2.83112,2.49428) (-0.131025,-0.11372) 0.161837 (-0.920239,-0.660292) (0.175979,0.201665) 0.214117
2.3 (-0.0933546,-0.820989) (0.789797,0.501819) 0.174438 (2.79844,2.7831) 1.83097 0.566027 (-0.333999,-0.557038) (0.0901004,0.0960662) 0.174617 (2.08245,1.70483) (-0.19433,-0.164289) 0.179964 (2.81802,2.48291) (-0.131016,-0.113731) 0.161837 (-0.902641,-0.640125) (0.175979,0.201665) 0.214117
2.4 (-0.0156239,-0.759148) (0.777308,0.618408) 0.174438 (2.79844,2.7831) 1.83097 0.672038 (-0.324989,-0.547431) (0.0900992,0.0960673) 0.174617 (2.06301,1.6884) (-0.194327,-0.164293) 0.179964 (2.80492,2.47154) (-0.131032,-0.113713) 0.161837 (-0.885043,-0.619959) (0.17598,0.201664) 0.214117
2.5 (0.0587682,-0.693773) (0.74392,0.653751) 0.174438 (2.79844,2.7831) 1.83097 0.720974 (-0.315979,-0.537824) (0.0900992,0.0960673) 0.174617 (2.04358,1.67197) (-0.194333,-0.164285) 0.179964 (2.79181,2.46017) (-0.131028,-0.113717) 0.161837 (-0.867445,-0.599792) (0.17598,0.201664) 0.214117
2.6 (0.131403,-0.626577) (0.726345,0.671953) 0.174438 (2.79844,2.7831) 1.83097 0.746519 (-0.306969,-0.528217) (0.0900992,0.0960674) 0.174617 (2.02415,1.65554) (-0.194327,-0.164292) 0.179964 (2.77871,2.4488) (-0.131033,-0.113712) 0.161837 (-0.849847,-0.579626) (0.17598,0.201664) 0.214117
2.7 (0.203101,-0.558453) (0.716984,0.681239) 0.174438 (2.79844,2.7831) 1.83097 0.759839 (-0.297959,-0.518611) (0.0900992,0.0960674) 0.174617 (2.00471,1.63911) (-0.194331,-0.164288) 0.179964 (2.76561,2.43742) (-0.131029,-0.113716) 0.161837 (-0.832249,-0.55946) (0.17598,0.201664) 0.214117
2.8 (0.27429,-0.489864) (0.711892,0.685897) 0.174438 (2.79844,2.7831) 1.83097 0.766803 (-0.288949,-0.509004) (0.0901027,0.0960641) 0.174617 (1.98528,1.62268) (-0.194332,-0.164287) 0.179964 (2.7525,2.42605) (-0.131027,-0.113718) 0.161837 (-0.814651,-0.539293) (0.17598,0.201664) 0.214117
2.9 (0.345196,-0.421046) (0.709061,0.688175) 0.174438 (2.79844,2.7831) 1.83097 0.770451 (-0.279939,-0.499398) (0.0901009,0.0960658) 0.174617 (1.96585,1.60625) (-0.194317,-0.164304) 0.179964 (2.7394,2.41468) (-0.131026,-0.113719) 0.161837 (-0.797052,-0.519127) (0.175982,0.201662) 0.214117
3 (0.415943,-0.352122) (0.707461,0.689243) 0.174438 (2.79844,2.7831) 1.83097 0.772355 (-0.270929,-0.489791) (0.0901009,0.0960658) 0.174617 (1.94642,1.58982) (-0.194327,-0.164292) 0.179964 (2.7263,2.40331) (-0.13103,-0.113715) 0.161837 (-0.779454,-0.498961) (0.175982,0.201662) 0.214117
3.1 (0.486577,-0.283166) (0.706348,0.689556) 0.174438 (2.79844,2.7831) 1.83097 0.773369 (-0.261919,-0.480185) (0.0901009,0.0960658) 0.174617 (1.92698,1.5734) (-0.194336,-0.164282) 0.179964 (2.7132,2.39194) (-0.131028,-0.113717) 0.161837 (-0.761856,-0.478794) (0.175982,0.201662) 0.214117
3.2 (0.55713,-0.214216) (0.705521,0.689502) 0.174438 (2.79844,2.7831) 1.83097 0.773916 (-0.252909,-0.470578) (0.0901009,0.0960658) 0.174617 (1.90755,1.55697) (-0.194319,-0.164302) 0.179964 (2.70009,2.38057) (-0.131031,-0.113714) 0.161837 (-0.744258,-0.458628) (0.175982,0.201662) 0.214117
3.3 (0.627615,-0.145292) (0.704858,0.689239) 0.174438 (2.79844,2.7831) 1.83097 0.774195 (-0.243899,-0.460971) (0.0901009,0.0960658) 0.174617 (1.88812,1.54054) (-0.194327,-0.164292) 0.179964 (2.68699,2.36919) (-0.131024,-0.113721) 0.161837 (-0.72666,-0.438462) (0.175982,0.201662) 0.214117
3.4 (0.69804,-0.0764056) (0.70425,0.688866) 0.174438 (2.79844,2.7831) 1.83097 0.774356 (-0.234889,-0.451365) (0.0901009,0.0960658) 0.174617 (1.86868,1.52411) (-0.19434,-0.164276) 0.179964 (2.67389,2.35782) (-0.131023,-0.113723) 0.161837 (-0.709061,-0.418296) (0.175982,0.201662) 0.214117
3.5 (0.768407,-0.00756192) (0.703668,0.688437) 0.174438 (2.79844,2.7831) 1.83097 0.774458 (-0.225878,-0.441758) (0.0901009,0.0960658) 0.174617 (1.84925,1.50768) (-0.194327,-0.164292) 0.179964 (2.66079,2.34645) (-0.131029,-0.113716) 0.161837 (-0.691463,-0.398129) (0.175982,0.201662) 0.214117
3.6 (0.838709,0.061225) (0.703017,0.687869) 0.174438 (2.79844,2.7831) 1.83097 0.774508 (-0.216868,-0.432152) (0.0901009,0.0960658) 0.174617 (1.82982,1.49125) (-0.194316,-0.164306) 0.179964 (2.64768,2.33508) (-0.131032,-0.113712) 0.161837 (-0.673865,-0.377963) (0.175982,0.201662) 0.214117
3.7 (0.908945,0.129951) (0.702363,0.687263) 0.174438 (2.79844,2.7831) 1.83097 0.774532 (-0.207858,-0.422545) (0.0901009,0.0960658) 0.174617 (1.81039,1.47482) (-0.194336,-0.164281) 0.179964 (2.63458,2.32371) (-0.131027,-0.113718) 0.161837 (-0.656267,-0.357797) (0.175982,0.201662) 0.214117
3.8 (0.979109,0.198612) (0.701639,0.686607) 0.174438 (2.79844,2.7831) 1.83097 0.77457 (-0.198848,-0.412939) (0.0901008,0.0960658) 0.174617 (1.79095,1.45839) (-0.194338,-0.16428) 0.179964 (2.62148,2.31234) (-0.13103,-0.113715) 0.161837 (-0.638669,-0.337631) (0.175982,0.201662) 0.214117
3.9 (1.0492,0.267203) (0.700885,0.685909) 0.174438 (2.79844,2.7831) 1.83097 0.774599 (-0.189838,-0.403332) (0.0901008,0.0960658) 0.174617 (1.77152,1.44197) (-0.194333,-0.164285) 0.179964 (2.60837,2.30096) (-0.13103,-0.113715) 0.161837 (-0.62107,-0.317464) (0.175982,0.201662) 0.214117
4 (1.1192,0.335709) (0.699989,0.685063) 0.174438 (2.79844,2.7831) 1.83097 0.774622 (-0.180828,-0.393725) (0.0901008,0.0960658) 0.174617 (1.75209,1.42554) (-0.194331,-0.164288) 0.179964 (2.59527,2.28959) (-0.131026,-0.11372) 0.161837 (-0.603472,-0.297298) (0.175982,0.201662) 0.214117
4.1 (1.18911,0.404134) (0.699133,0.68425) 0.174438 (2.79844,2.7831) 1.83097 0.77464 (-0.171818,-0.384119) (0.0901008,0.0960658) 0.174617 (1.73265,1.40911) (-0.194331,-0.164288) 0.179964 (2.58217,2.27822) (-0.131031,-0.113713) 0.161837 (-0.585874,-0.277132) (0.175982,0.201662) 0.214117
4.2 (1.25892,0.472463) (0.698118,0.683286) 0.174438 (2.79844,2.7831) 1.83097 0.774662 (-0.162808,-0.374512) (0.0901008,0.0960658) 0.174617 (1.71322,1.39268) (-0.194331,-0.164288) 0.179964 (2.56906,2.26685) (-0.131027,-0.113718) 0.161837 (-0.568276,-0.256966) (0.175982,0.201662) 0.214117
4.3 (1.32862,0.540682) (0.696965,0.682191) 0.174438 (2.79844,2.7831) 1.83097 0.774686 (-0.153798,-0.364906) (0.0901008,0.0960658) 0.174617 (1.69379,1.37625) (-0.194331,-0.164288) 0.179964 (2.55596,2.25548) (-0.13103,-0.113715) 0.161837 (-0.550677,-0.236799) (0.175982,0.201662) 0.214117
4.4 (1.39819,0.608781) (0.695701,0.680991) 0.174438 (2.79844,2.7831) 1.83097 0.774713 (-0.144788,-0.355299) (0.0901008,0.0960658) 0.174617 (1.67435,1.35982) (-0.194331,-0.164288) 0.179964 (2.54286,2.24411) (-0.131027,-0.113718) 0.161837 (-0.533079,-0.216633) (0.175982,0.201662) 0.214117
4.5 (1.46762,0.676753) (0.69436,0.679717) 0.174438 (2.79844,2.7831) 1.83097 0.774742 (-0.135778,-0.345693) (0.0901008,0.0960658) 0.174617 (1.65492,1.34339) (-0.194331,-0.164288) 0.179964 (2.52976,2.23273) (-0.131026,-0.11372) 0.161837 (-0.515481,-0.196467) (0.175982,0.201662) 0.214117
4.6 (1.53691,0.744583) (0.692876,0.678307) 0.174438 (2.79844,2.7831) 1.83097 0.774774 (-0.126768,-0.336086) (0.0901008,0.0960658) 0.174617 (1.63549,1.32696) (-0.194331,-0.164288) 0.179964 (2.51665,2.22136) (-0.131026,-0.11372) 0.161837 (-0.497883,-0.176301) (0.175982,0.201662) 0.214117
4.7 (1.60603,0.812255) (0.691204,0.676719) 0.174438 (2.79844,2.7831) 1.83097 0.77481 (-0.117757,-0.326479) (0.0901008,0.0960658) 0.174617 (1.61605,1.31054) (-0.194331,-0.164288) 0.179964 (2.50355,2.20999) (-0.131027,-0.113718) 0.161837 (-0.480285,-0.156135) (0.175982,0.201662) 0.214117
4.8 (1.67496,0.879746) (0.689292,0.674904) 0.174438 (2.79844,2.7831) 1.83097 0.774852 (-0.108747,-0.316873) (0.0901008,0.0960658) 0.174617 (1.59662,1.29411) (-0.194331,-0.164288) 0.179964 (2.49045,2.19862) (-0.131025,-0.113721) 0.161837 (-0.462686,-0.135968) (0.175982,0.201662) 0.214117
4.9 (1.74368,0.947039) (0.687216,0.672932) 0.174438 (2.79844,2.7831) 1.83097 0.774897 (-0.0997373,-0.307266) (0.0901008,0.0960658) 0.174617 (1.57719,1.27768) (-0.194331,-0.164287) 0.179964 (2.47735,2.18725) (-0.13103,-0.113715) 0.161837 (-0.445088,-0.115802) (0.175982,0.201662) 0.214117
5 (1.81215,1.01409) (0.684695,0.670538) 0.174438 (2.79844,2.7831) 1.83097 0.774953 (-0.0907272,-0.29766) (0.0901008,0.0960658) 0.174617 (1.55775,1.26125) (-0.194331,-0.164288) 0.179964 (2.46424,2.17587) (-0.131016,-0.113731) 0.161837 (-0.42749,-0.0956358) (0.175982,0.201662) 0.214117
5.1 (1.87968,1.0833) (0.675273,0.692079) 0.174438 (2.79844,2.7831) 1.83097 0.797688 (-0.0807403,-0.289073) (0.0998691,0.085866) 0.174617 (1.53811,1.24517) (-0.196458,-0.160813) 0.179964 (2.45114,2.1645) (-0.131027,-0.113718) 0.161837 (-0.409892,-0.0754696) (0.175982,0.201662) 0.214117
5.2 (1.94614,1.15312) (0.664617,0.698199) 0.174438 (2.79844,2.7831) 1.83097 0.810035 (-0.0704061,-0.280908) (0.103343,0.0816522) 0.174617 (1.51845,1.22936) (-0.196591,-0.158123) 0.179964 (2.43804,2.15313) (-0.131026,-0.11372) 0.161837 (-0.39214,-0.0554382) (0.177516,0.200314) 0.214117
5.3 (2.01189,1.22315) (0.657467,0.700275) 0.174438 (2.79844,2.7831) 1.83097 0.816917 (-0.0597623,-0.27315) (0.106437,0.077575) 0.174617 (1.49905,1.21379) (-0.194027,-0.155667) 0.179964 (2.42494,2.14176) (-0.131025,-0.11372) 0.161837 (-0.374388,-0.0354068) (0.177516,0.200314) 0.214117
5.4 (2.07709,1.29314) (0.652037,0.699941) 0.174438 (2.79844,2.7831) 1.83097 0.820816 (-0.0488822,-0.265728) (0.108802,0.0742226) 0.174617 (1.4799,1.19847) (-0.191439,-0.153187) 0.179964 (2.41183,2.13039) (-0.131032,-0.113713) 0.161837 (-0.356637,-0.0153755) (0.177516,0.200314) 0.214117
5.5 (2.14182,1.36294) (0.647284,0.698009) 0.174438 (2.79844,2.7831) 1.83097 0.823086 (-0.0378167,-0.258585) (0.110655,0.0714301) 0.174617 (1.46101,1.18339) (-0.18891,-0.150764) 0.179964 (2.39873,2.11901) (-0.131017,-0.11373) 0.161837 (-0.338885,0.00465591) (0.177516,0.200314) 0.214117
5.6 (2.20608,1.43243) (0.642618,0.69486) 0.174438 (2.79844,2.7831) 1.83097 0.824439 (-0.0266022,-0.251678) (0.112144,0.0690686) 0.174617 (1.44237,1.16855) (-0.186458,-0.148414) 0.179964 (2.38563,2.10764) (-0.13103,-0.113715) 0.161837 (-0.321134,0.0246873) (0.177516,0.200314) 0.214117
5.7 (2.26984,1.50149) (0.637594,0.690641) 0.174438 (2.79844,2.7831) 1.83097 0.825315 (-0.0152666,-0.244972) (0.113356,0.0670609) 0.174617 (1.42396,1.15394) (-0.184092,-0.146148) 0.179964 (2.37253,2.09627) (-0.131018,-0.113729) 0.161837 (-0.303382,0.0447186) (0.177516,0.200314) 0.214117
5.8 (2.33303,1.57003) (0.631924,0.685321) 0.174438 (2.79844,2.7831) 1.83097 0.825913 (-0.00383194,-0.238436) (0.114347,0.0653578) 0.174617 (1.40577,1.13954) (-0.181824,-0.143975) 0.179964 (2.35942,2.0849) (-0.131026,-0.113719) 0.161837 (-0.28563,0.06475) (0.177516,0.200314) 0.214117
5.9 (2.39557,1.63791) (0.625344,0.678834) 0.174438 (2.79844,2.7831) 1.83097 0.82639 (0.00768338,-0.232044) (0.115153,0.063926) 0.174617 (1.38781,1.12535) (-0.179664,-0.141905) 0.179964 (2.34632,2.07353) (-0.131034,-0.11371) 0.161837 (-0.267879,0.0847814) (0.177516,0.200314) 0.214117
6 (2.45732,1.705) (0.617544,0.670952) 0.174438 (2.79844,2.7831) 1.83097 0.826825 (0.0192636,-0.22577) (0.115802,0.0627429) 0.174617 (1.37005,1.11135) (-0.177627,-0.139953) 0.179964 (2.33322,2.06215) (-0.131029,-0.113716) 0.161837 (-0.250127,0.104813) (0.177516,0.200314) 0.214117
6.1 (2.51813,1.77113) (0.608106,0.661287) 0.174438 (2.79844,2.7831) 1.83097 0.827269 (0.0308947,-0.21959) (0.116311,0.0617937) 0.174617 (1.35247,1.09754) (-0.175735,-0.138141) 0.179964 (2.32011,2.05078) (-0.131033,-0.113711) 0.161837 (-0.232376,0.124844) (0.177516,0.200314) 0.214117
6.2 (2.57779,1.83608) (0.596586,0.649517) 0.174438 (2.79844,2.7831) 1.83097 0.82785 (0.042564,-0.213483) (0.116693,0.0610696) 0.174617 (1.33507,1.08389) (-0.174026,-0.136503) 0.179964 (2.30701,2.03941) (-0.131028,-0.113717) 0.161837 (-0.214624,0.144875) (0.177516,0.200314) 0.214117
6.3 (2.63026,1.91312) (0.524697,0.770372) 0.174438 (2.79844,2.7831) 1.83097 0.972871 (0.0542595,-0.207426) (0.116955,0.0605675) 0.174617 (1.31781,1.07038) (-0.172568,-0.135106) 0.179964 (2.29391,2.02804) (-0.131035,-0.11371) 0.161837 (-0.196872,0.164907) (0.177516,0.200314) 0.214117
6.4 (2.64991,2.00013) (0.196462,0.870082) 0.174438 (2.79844,2.7831) 1.83097 1.34872 (0.0659692,-0.201397) (0.117097,0.0602914) 0.174617 (1.30066,1.05697) (-0.171509,-0.134091) 0.179964 (2.28081,2.01667) (-0.131022,-0.113724) 0.161837 (-0.179121,0.184938) (0.177516,0.200314) 0.214117
6.5 (2.66476,2.07843) (0.148529,0.782973) 0.174438 (2.79844,2.7831) 1.83097 1.38333 (0.0776818,-0.195374) (0.117125,0.0602364) 0.174617 (1.28354,1.04359) (-0.171249,-0.133843) 0.179964 (2.2677,2.0053) (-0.13102,-0.113727) 0.161837 (-0.161369,0.20497) (0.177516,0.200314) 0.214117
6.6 (2.67812,2.1489) (0.133636,0.704728) 0.174438 (2.79844,2.7831) 1.83097 1.38339 (0.0893943,-0.18935) (0.117125,0.0602364) 0.174617 (1.26641,1.0302) (-0.171249,-0.133843) 0.179964 (2.2546,1.99392) (-0.131025,-0.11372) 0.161837 (-0.143618,0.225001) (0.177516,0.200314) 0.214117
6.7 (2.69015,2.21232) (0.120302,0.634187) 0.174438 (2.79844,2.7831) 1.83097 1.38333 (0.101107,-0.183326) (0.117125,0.0602364) 0.174617 (1.24929,1.01682) (-0.171249,-0.133843) 0.179964 (2.2415,1.98255) (-0.131019,-0.113727) 0.161837 (-0.125866,0.245032) (0.177516,0.200314) 0.214117
6.8 (2.70098,2.2694) (0.108225,0.570788) 0.174438 (2.79844,2.7831) 1.83097 1.38342 (0.112819,-0.177303) (0.117125,0.0602364) 0.174617 (1.23216,1.00343) (-0.171249,-0.133843) 0.179964 (2.2284,1.97118) (-0.131016,-0.113731) 0.161837 (-0.108115,0.265064) (0.177516,0.200314) 0.214117
6.9 (2.71072,2.32076) (0.0974264,0.513663) 0.174438 (2.79844,2.7831) 1.83097 1.38335 (0.124532,-0.171279) (0.117125,0.0602364) 0.174617 (1.21504,0.990049) (-0.171249,-0.133843) 0.179964 (2.21529,1.95981) (-0.131026,-0.11372) 0.161837 (-0.0903629,0.285095) (0.177516,0.200314) 0.214117
7 (2.7195,2.367) (0.0877566,0.462406) 0.174438 (2.79844,2.7831) 1.83097 1.38324 (0.136245,-0.165255) (0.117125,0.0602364) 0.174617 (1.19791,0.976664) (-0.171249,-0.133843) 0.179964 (2.20219,1.94843) (-0.131023,-0.113723) 0.161837 (-0.0726113,0.305126) (0.177516,0.200314) 0.214117
