[]
timestamp position0 velocity0 radius0 goal pref_speed theta position1 velocity1 radius1 position2 velocity2 radius2 position3 velocity3 radius3 position4 velocity4 radius4 position5 velocity5 radius5 position6 velocity6 radius6
0 (-1.84826,-1.56193) (0,0) 0.205685 (2.79844,2.7831) 1.99016 0 (-0.514353,-0.771228) (0,0) 0.13611 (2.66708,2.47921) (0,0) 0.195434 (3.36001,3.05669) (0,0) 0.214665 (-1.32009,-0.926192) (0,0) 0.156597
0.1 (-1.83566,-1.56636) (0.126018,-0.0443415) 0.205685 (2.79844,2.7831) 1.99016 -0.338337 (-0.495975,-0.751508) (0.183776,0.197197) 0.13611 (2.64563,2.45973) (-0.214539,-0.194824) 0.195434 (3.35833,3.05102) (-0.0167815,-0.0567006) 0.214665 (-1.31803,-0.908954) (0.0205939,0.172379) 0.156597
0.2 (-1.80436,-1.55691) (0.313055,0.0945553) 0.205685 (2.79844,2.7831) 1.99016 0.293327 (-0.477595,-0.73179) (0.1838,0.197175) 0.13611 (2.62418,2.44024) (-0.214542,-0.194821) 0.195434 (3.34299,3.0349) (-0.153421,-0.161218) 0.214665 (-1.30521,-0.897248) (0.128203,0.117057) 0.156597
0.3 (-1.75876,-1.54171) (0.455972,0.151961) 0.205685 (2.79844,2.7831) 1.99016 0.321693 (-0.459217,-0.712071) (0.183784,0.19719) 0.13611 (2.60272,2.42076) (-0.214548,-0.194815) 0.195434 (3.32636,3.02011) (-0.166309,-0.147887) 0.214665 (-1.29239,-0.885542) (0.128199,0.117062) 0.156597
0.4 (-1.68362,-1.51763) (0.751337,0.240837) 0.205685 (2.79844,2.7831) 1.99016 0.310197 (-0.44084,-0.692352) (0.183774,0.197199) 0.13611 (2.58127,2.40128) (-0.214543,-0.19482) 0.195434 (3.30973,3.00532) (-0.1663,-0.147897) 0.214665 (-1.27957,-0.873836) (0.128203,0.117058) 0.156597
0.5 (-1.59911,-1.48173) (0.845119,0.358996) 0.205685 (2.79844,2.7831) 1.99016 0.40169 (-0.422462,-0.672632) (0.183778,0.197196) 0.13611 (2.55981,2.3818) (-0.214553,-0.19481) 0.195434 (3.2931,2.99053) (-0.166309,-0.147887) 0.214665 (-1.26675,-0.862131) (0.128205,0.117055) 0.156597
0.6 (-1.51605,-1.442) (0.830578,0.397331) 0.205685 (2.79844,2.7831) 1.99016 0.446201 (-0.404083,-0.652913) (0.183784,0.19719) 0.13611 (2.53836,2.36232) (-0.214557,-0.194805) 0.195434 (3.27647,2.97574) (-0.166307,-0.147889) 0.214665 (-1.25393,-0.850425) (0.128203,0.117058) 0.156597
0.7 (-1.43385,-1.40028) (0.822013,0.417125) 0.205685 (2.79844,2.7831) 1.99016 0.469584 (-0.385703,-0.633196) (0.1838,0.197175) 0.13611 (2.5169,2.34284) (-0.214539,-0.194824) 0.195434 (3.25984,2.96096) (-0.166314,-0.147881) 0.214665 (-1.24111,-0.838719) (0.128204,0.117056) 0.156597
0.8 (-1.35218,-1.35756) (0.816755,0.427257) 0.205685 (2.79844,2.7831) 1.99016 0.481969 (-0.367325,-0.613477) (0.183788,0.197186) 0.13611 (2.49545,2.32336) (-0.214539,-0.194824) 0.195434 (3.24321,2.94617) (-0.166302,-0.147895) 0.214665 (-1.22829,-0.827013) (0.128194,0.117067) 0.156597
0.9 (-1.27087,-1.31433) (0.813108,0.432286) 0.205685 (2.79844,2.7831) 1.99016 0.488643 (-0.348946,-0.593759) (0.183791,0.197183) 0.13611 (2.47399,2.30387) (-0.214548,-0.194814) 0.195434 (3.22658,2.93138) (-0.16631,-0.147886) 0.214665 (-1.21547,-0.815307) (0.128205,0.117055) 0.156597
1 (-1.18983,-1.27086) (0.810386,0.434645) 0.205685 (2.79844,2.7831) 1.99016 0.492298 (-0.330568,-0.574039) (0.18378,0.197194) 0.13611 (2.45254,2.28439) (-0.214551,-0.194812) 0.195434 (3.20995,2.91659) (-0.1663,-0.147896) 0.214665 (-1.20265,-0.8036) (0.128195,0.117066) 0.156597
1.1 (-1.10903,-1.22731) (0.808,0.435546) 0.205685 (2.79844,2.7831) 1.99016 0.494391 (-0.312189,-0.554321) (0.183787,0.197187) 0.13611 (2.43108,2.26491) (-0.214539,-0.194824) 0.195434 (3.19332,2.9018) (-0.166317,-0.147878) 0.214665 (-1.18983,-0.791895) (0.128208,0.117052) 0.156597
1.2 (-1.02845,-1.18374) (0.80581,0.435669) 0.205685 (2.79844,2.7831) 1.99016 0.495644 (-0.293809,-0.534603) (0.183796,0.197179) 0.13611 (2.40963,2.24543) (-0.214538,-0.194826) 0.195434 (3.17669,2.88701) (-0.166305,-0.147892) 0.214665 (-1.17701,-0.780189) (0.128199,0.117062) 0.156597
1.3 (-0.948074,-1.1402) (0.803745,0.435386) 0.205685 (2.79844,2.7831) 1.99016 0.496446 (-0.275431,-0.514884) (0.183786,0.197188) 0.13611 (2.38818,2.22594) (-0.214538,-0.194826) 0.195434 (3.16006,2.87222) (-0.166298,-0.1479) 0.214665 (-1.16419,-0.768483) (0.128201,0.11706) 0.156597
1.4 (-0.867906,-1.09672) (0.801672,0.434871) 0.205685 (2.79844,2.7831) 1.99016 0.497032 (-0.257053,-0.495164) (0.183779,0.197194) 0.13611 (2.36672,2.20646) (-0.214542,-0.194821) 0.195434 (3.14343,2.85743) (-0.166296,-0.147901) 0.214665 (-1.15137,-0.756778) (0.128208,0.117052) 0.156597
1.5 (-0.787955,-1.0533) (0.799516,0.434199) 0.205685 (2.79844,2.7831) 1.99016 0.497513 (-0.238675,-0.475445) (0.183783,0.197191) 0.13611 (2.34527,2.18698) (-0.214537,-0.194827) 0.195434 (3.12679,2.84264) (-0.166313,-0.147883) 0.214665 (-1.13855,-0.745072) (0.128201,0.117059) 0.156597
1.6 (-0.708223,-1.00995) (0.797319,0.433436) 0.205685 (2.79844,2.7831) 1.99016 0.497929 (-0.220295,-0.455728) (0.183796,0.197178) 0.13611 (2.32381,2.1675) (-0.214541,-0.194822) 0.195434 (3.11016,2.82786) (-0.166311,-0.147885) 0.214665 (-1.12573,-0.733366) (0.128205,0.117055) 0.156597
1.7 (-0.628719,-0.966695) (0.795038,0.432594) 0.205685 (2.79844,2.7831) 1.99016 0.498315 (-0.201917,-0.436008) (0.183774,0.197199) 0.13611 (2.30236,2.14802) (-0.214558,-0.194804) 0.195434 (3.09353,2.81307) (-0.166308,-0.147888) 0.214665 (-1.1129,-0.721662) (0.128212,0.117048) 0.156597
1.8 (-0.549452,-0.923523) (0.792667,0.431717) 0.205685 (2.79844,2.7831) 1.99016 0.498717 (-0.183538,-0.41629) (0.183798,0.197177) 0.13611 (2.28091,2.12853) (-0.214525,-0.19484) 0.195434 (3.0769,2.79828) (-0.166314,-0.147881) 0.214665 (-1.10009,-0.709955) (0.128193,0.117069) 0.156597
1.9 (-0.470426,-0.880444) (0.790264,0.430794) 0.205685 (2.79844,2.7831) 1.99016 0.499094 (-0.165159,-0.396571) (0.183789,0.197185) 0.13611 (2.25945,2.10905) (-0.214546,-0.194817) 0.195434 (3.06027,2.78349) (-0.166319,-0.147876) 0.214665 (-1.08727,-0.698249) (0.128201,0.11706) 0.156597
2 (-0.391657,-0.837463) (0.787691,0.429811) 0.205685 (2.79844,2.7831) 1.99016 0.499505 (-0.146779,-0.376854) (0.183795,0.197179) 0.13611 (2.238,2.08957) (-0.214534,-0.19483) 0.195434 (3.04364,2.7687) (-0.166306,-0.14789) 0.214665 (-1.07445,-0.686542) (0.128198,0.117063) 0.156597
2.1 (-0.313163,-0.794587) (0.784942,0.428752) 0.205685 (2.79844,2.7831) 1.99016 0.499938 (-0.1284,-0.357136) (0.183795,0.197179) 0.13611 (2.21654,2.07009) (-0.21455,-0.194812) 0.195434 (3.02701,2.75391) (-0.166315,-0.14788) 0.214665 (-1.06163,-0.674835) (0.128192,0.117069) 0.156597
2.2 (-0.234946,-0.751819) (0.782167,0.427683) 0.205685 (2.79844,2.7831) 1.99016 0.500377 (-0.110021,-0.337417) (0.18379,0.197184) 0.13611 (2.19509,2.05061) (-0.214537,-0.194827) 0.195434 (3.01038,2.73912) (-0.166309,-0.147887) 0.214665 (-1.04881,-0.66313) (0.128206,0.117054) 0.156597
2.3 (-0.157022,-0.709163) (0.779238,0.426559) 0.205685 (2.79844,2.7831) 1.99016 0.500849 (-0.0916422,-0.317698) (0.183784,0.19719) 0.13611 (2.17364,2.03112) (-0.214539,-0.194824) 0.195434 (2.99375,2.72434) (-0.166311,-0.147884) 0.214665 (-1.03599,-0.651424) (0.128203,0.117058) 0.156597
2.4 (-0.0793991,-0.666622) (0.77623,0.425408) 0.205685 (2.79844,2.7831) 1.99016 0.50134 (-0.0732651,-0.297978) (0.183771,0.197202) 0.13611 (2.15218,2.01164) (-0.214546,-0.194817) 0.195434 (2.97712,2.70955) (-0.166299,-0.147898) 0.214665 (-1.02316,-0.639719) (0.128204,0.117057) 0.156597
2.5 (-0.00210176,-0.624205) (0.772974,0.424172) 0.205685 (2.79844,2.7831) 1.99016 0.501886 (-0.0548866,-0.278259) (0.183785,0.197189) 0.13611 (2.13073,1.99216) (-0.21454,-0.194823) 0.195434 (2.96048,2.69476) (-0.166314,-0.147881) 0.214665 (-1.01035,-0.628012) (0.128198,0.117062) 0.156597
2.6 (0.0748591,-0.581918) (0.769609,0.422876) 0.205685 (2.79844,2.7831) 1.99016 0.502435 (-0.0365094,-0.258539) (0.183772,0.197201) 0.13611 (2.10927,1.97268) (-0.214537,-0.194827) 0.195434 (2.94385,2.67997) (-0.1663,-0.147897) 0.214665 (-0.997524,-0.616307) (0.128208,0.117051) 0.156597
2.7 (0.151475,-0.539758) (0.766156,0.421599) 0.205685 (2.79844,2.7831) 1.99016 0.503057 (-0.0183636,-0.238914) (0.181458,0.196255) 0.13611 (2.08741,1.95365) (-0.218607,-0.190249) 0.195434 (2.92722,2.66518) (-0.166316,-0.147879) 0.214665 (-0.984704,-0.604601) (0.128201,0.11706) 0.156597
2.8 (0.231088,-0.483849) (0.796128,0.559091) 0.205685 (2.79844,2.7831) 1.99016 0.612243 (0.00126543,-0.220439) (0.19629,0.184744) 0.13611 (2.06485,1.93546) (-0.225582,-0.181924) 0.195434 (2.91059,2.65039) (-0.166303,-0.147893) 0.214665 (-0.971884,-0.592895) (0.128203,0.117058) 0.156597
2.9 (0.307455,-0.420522) (0.763672,0.633268) 0.205685 (2.79844,2.7831) 1.99016 0.692318 (0.0209426,-0.202016) (0.196772,0.184231) 0.13611 (2.04225,1.91732) (-0.226002,-0.181402) 0.195434 (2.89396,2.6356) (-0.16631,-0.147886) 0.214665 (-0.959064,-0.58119) (0.128203,0.117058) 0.156597
3 (0.381088,-0.354384) (0.73633,0.661372) 0.205685 (2.79844,2.7831) 1.99016 0.73182 (0.0408152,-0.183804) (0.198726,0.182122) 0.13611 (2.01948,1.8994) (-0.227734,-0.179223) 0.195434 (2.87733,2.62081) (-0.166314,-0.147881) 0.214665 (-0.946244,-0.569483) (0.128198,0.117062) 0.156597
3.1 (0.453294,-0.286814) (0.722063,0.675708) 0.205685 (2.79844,2.7831) 1.99016 0.752247 (0.0607933,-0.165708) (0.199781,0.180964) 0.13611 (1.99661,1.8816) (-0.228686,-0.178007) 0.195434 (2.8607,2.60603) (-0.16631,-0.147886) 0.214665 (-0.933423,-0.557779) (0.128212,0.117048) 0.156597
3.2 (0.524734,-0.218531) (0.714404,0.682822) 0.205685 (2.79844,2.7831) 1.99016 0.762798 (0.0808076,-0.147651) (0.200143,0.180564) 0.13611 (1.97371,1.86384) (-0.229016,-0.177582) 0.195434 (2.84407,2.59124) (-0.166315,-0.147881) 0.214665 (-0.920602,-0.546073) (0.128202,0.117059) 0.156597
3.3 (0.595756,-0.149904) (0.710212,0.686277) 0.205685 (2.79844,2.7831) 1.99016 0.76826 (0.100822,-0.129595) (0.200144,0.180563) 0.13611 (1.95081,1.84608) (-0.229017,-0.17758) 0.195434 (2.82744,2.57645) (-0.16632,-0.147875) 0.214665 (-0.907783,-0.534366) (0.128197,0.117064) 0.156597
3.4 (0.666536,-0.08112) (0.707801,0.687837) 0.205685 (2.79844,2.7831) 1.99016 0.771095 (0.120836,-0.111539) (0.200144,0.180563) 0.13611 (1.92791,1.82832) (-0.229017,-0.17758) 0.195434 (2.8108,2.56166) (-0.166318,-0.147876) 0.214665 (-0.894962,-0.522661) (0.128203,0.117057) 0.156597
3.5 (0.73717,-0.0122758) (0.706343,0.688443) 0.205685 (2.79844,2.7831) 1.99016 0.772565 (0.140851,-0.0934824) (0.200144,0.180563) 0.13611 (1.90501,1.81056) (-0.229017,-0.17758) 0.195434 (2.79417,2.54687) (-0.166305,-0.147891) 0.214665 (-0.882142,-0.510955) (0.128206,0.117054) 0.156597
3.6 (0.807696,0.0565673) (0.705263,0.688431) 0.205685 (2.79844,2.7831) 1.99016 0.773322 (0.160865,-0.0754261) (0.200144,0.180563) 0.13611 (1.8821,1.79281) (-0.229017,-0.17758) 0.195434 (2.77754,2.53208) (-0.166306,-0.14789) 0.214665 (-0.869321,-0.49925) (0.128203,0.117058) 0.156597
3.7 (0.878143,0.125387) (0.704465,0.688198) 0.205685 (2.79844,2.7831) 1.99016 0.773718 (0.180879,-0.0573699) (0.200144,0.180563) 0.13611 (1.8592,1.77505) (-0.229017,-0.17758) 0.195434 (2.76091,2.5173) (-0.166309,-0.147887) 0.214665 (-0.856501,-0.487544) (0.128204,0.117056) 0.156597
3.8 (0.948512,0.19416) (0.703687,0.687731) 0.205685 (2.79844,2.7831) 1.99016 0.773931 (0.200894,-0.0393136) (0.200144,0.180563) 0.13611 (1.8363,1.75729) (-0.229017,-0.17758) 0.195434 (2.74428,2.50251) (-0.166301,-0.147896) 0.214665 (-0.843681,-0.475838) (0.128203,0.117057) 0.156597
3.9 (1.0188,0.262873) (0.702917,0.687128) 0.205685 (2.79844,2.7831) 1.99016 0.77404 (0.220908,-0.0212574) (0.200144,0.180563) 0.13611 (1.8134,1.73953) (-0.229017,-0.17758) 0.195434 (2.72765,2.48772) (-0.166312,-0.147884) 0.214665 (-0.83086,-0.464133) (0.128204,0.117056) 0.156597
4 (1.08902,0.331524) (0.702188,0.686511) 0.205685 (2.79844,2.7831) 1.99016 0.77411 (0.240923,-0.00320109) (0.200144,0.180563) 0.13611 (1.7905,1.72177) (-0.229017,-0.17758) 0.195434 (2.71102,2.47293) (-0.166308,-0.147888) 0.214665 (-0.81804,-0.452427) (0.128203,0.117058) 0.156597
4.1 (1.15914,0.400087) (0.701225,0.685626) 0.205685 (2.79844,2.7831) 1.99016 0.774151 (0.260937,0.0148552) (0.200144,0.180563) 0.13611 (1.7676,1.70402) (-0.229017,-0.17758) 0.195434 (2.69439,2.45814) (-0.166313,-0.147882) 0.214665 (-0.805221,-0.44072) (0.128193,0.117069) 0.156597
4.2 (1.22918,0.468568) (0.700351,0.684812) 0.205685 (2.79844,2.7831) 1.99016 0.774181 (0.280951,0.0329114) (0.200144,0.180563) 0.13611 (1.74469,1.68626) (-0.229017,-0.17758) 0.195434 (2.67776,2.44335) (-0.166314,-0.147881) 0.214665 (-0.7924,-0.429015) (0.128206,0.117054) 0.156597
4.3 (1.29911,0.53695) (0.699301,0.683819) 0.205685 (2.79844,2.7831) 1.99016 0.774205 (0.300966,0.0509677) (0.200144,0.180563) 0.13611 (1.72179,1.6685) (-0.229017,-0.17758) 0.195434 (2.66112,2.42857) (-0.166318,-0.147877) 0.214665 (-0.77958,-0.417309) (0.128203,0.117057) 0.156597
4.4 (1.36894,0.605235) (0.698276,0.682847) 0.205685 (2.79844,2.7831) 1.99016 0.774227 (0.32098,0.0690239) (0.200144,0.180563) 0.13611 (1.69889,1.65074) (-0.229017,-0.17758) 0.195434 (2.64449,2.41378) (-0.16632,-0.147875) 0.214665 (-0.76676,-0.405602) (0.128195,0.117066) 0.156597
4.5 (1.43863,0.673395) (0.696972,0.681602) 0.205685 (2.79844,2.7831) 1.99016 0.774249 (0.340994,0.0870802) (0.200144,0.180563) 0.13611 (1.67599,1.63298) (-0.229017,-0.17758) 0.195434 (2.62786,2.39899) (-0.166324,-0.14787) 0.214665 (-0.75394,-0.393897) (0.128204,0.117056) 0.156597
4.6 (1.5082,0.741431) (0.695673,0.680362) 0.205685 (2.79844,2.7831) 1.99016 0.774272 (0.361009,0.105136) (0.200144,0.180563) 0.13611 (1.65309,1.61523) (-0.229017,-0.17758) 0.195434 (2.61123,2.3842) (-0.16632,-0.147875) 0.214665 (-0.74112,-0.382191) (0.128202,0.117059) 0.156597
4.7 (1.57761,0.809316) (0.694105,0.678855) 0.205685 (2.79844,2.7831) 1.99016 0.774292 (0.381023,0.123193) (0.200144,0.180563) 0.13611 (1.63018,1.59747) (-0.229017,-0.17758) 0.195434 (2.5946,2.36942) (-0.16632,-0.147875) 0.214665 (-0.7283,-0.370484) (0.128196,0.117065) 0.156597
4.8 (1.64685,0.877036) (0.692379,0.677197) 0.205685 (2.79844,2.7831) 1.99016 0.774314 (0.401038,0.141249) (0.200144,0.180563) 0.13611 (1.60728,1.57971) (-0.229017,-0.17758) 0.195434 (2.57796,2.35463) (-0.16632,-0.147875) 0.214665 (-0.71548,-0.358778) (0.128203,0.117058) 0.156597
4.9 (1.71591,0.944581) (0.69056,0.67545) 0.205685 (2.79844,2.7831) 1.99016 0.774337 (0.421052,0.159305) (0.200144,0.180563) 0.13611 (1.58438,1.56195) (-0.229017,-0.17758) 0.195434 (2.56133,2.33984) (-0.16632,-0.147875) 0.214665 (-0.702659,-0.347074) (0.128212,0.117048) 0.156597
5 (1.78475,1.01192) (0.688412,0.673385) 0.205685 (2.79844,2.7831) 1.99016 0.774364 (0.441066,0.177361) (0.200144,0.180563) 0.13611 (1.56148,1.54419) (-0.229017,-0.17758) 0.195434 (2.5447,2.32505) (-0.16632,-0.147875) 0.214665 (-0.689839,-0.335368) (0.1282,0.117061) 0.156597
5.1 (1.85333,1.07901) (0.685872,0.670945) 0.205685 (2.79844,2.7831) 1.99016 0.774397 (0.461081,0.195418) (0.200144,0.180563) 0.13611 (1.53858,1.52644) (-0.229017,-0.17758) 0.195434 (2.52807,2.31027) (-0.16632,-0.147875) 0.214665 (-0.677018,-0.323662) (0.128202,0.117059) 0.156597
5.2 (1.92165,1.14585) (0.683158,0.668337) 0.205685 (2.79844,2.7831) 1.99016 0.774432 (0.481095,0.213474) (0.200144,0.180563) 0.13611 (1.51568,1.50868) (-0.229017,-0.17758) 0.195434 (2.51144,2.29548) (-0.16632,-0.147875) 0.214665 (-0.664198,-0.311956) (0.128203,0.117058) 0.156597
5.3 (1.98965,1.21237) (0.67995,0.665255) 0.205685 (2.79844,2.7831) 1.99016 0.774475 (0.501109,0.23153) (0.200144,0.180563) 0.13611 (1.49277,1.49092) (-0.229017,-0.17758) 0.195434 (2.49481,2.28069) (-0.16632,-0.147875) 0.214665 (-0.651377,-0.300251) (0.128207,0.117054) 0.156597
5.4 (2.05727,1.27854) (0.676242,0.661692) 0.205685 (2.79844,2.7831) 1.99016 0.774524 (0.521124,0.249587) (0.200144,0.180563) 0.13611 (1.46987,1.47316) (-0.229017,-0.17758) 0.195434 (2.47817,2.2659) (-0.16632,-0.147875) 0.214665 (-0.638557,-0.288545) (0.128207,0.117053) 0.156597
5.5 (2.12447,1.3443) (0.671987,0.657604) 0.205685 (2.79844,2.7831) 1.99016 0.774581 (0.541138,0.267643) (0.200144,0.180563) 0.13611 (1.44697,1.4554) (-0.229017,-0.17758) 0.195434 (2.46154,2.25112) (-0.16632,-0.147875) 0.214665 (-0.625736,-0.27684) (0.128206,0.117054) 0.156597
5.6 (2.19117,1.40958) (0.666976,0.652789) 0.205685 (2.79844,2.7831) 1.99016 0.774649 (0.561153,0.285699) (0.200144,0.180563) 0.13611 (1.42407,1.43764) (-0.229017,-0.17758) 0.195434 (2.44491,2.23633) (-0.16632,-0.147875) 0.214665 (-0.612916,-0.265134) (0.128206,0.117054) 0.156597
5.7 (2.25729,1.47431) (0.661238,0.647276) 0.205685 (2.79844,2.7831) 1.99016 0.774728 (0.581566,0.303303) (0.204135,0.176037) 0.13611 (1.40126,1.41996) (-0.228099,-0.176814) 0.195434 (2.42789,2.22199) (-0.170223,-0.143364) 0.214665 (-0.600122,-0.253576) (0.127935,0.11558) 0.156597
5.8 (2.32251,1.53866) (0.652245,0.643493) 0.205685 (2.79844,2.7831) 1.99016 0.778644 (0.602204,0.320643) (0.206382,0.173398) 0.13611 (1.37902,1.40235) (-0.222389,-0.176138) 0.195434 (2.41065,2.20792) (-0.172415,-0.140721) 0.214665 (-0.586402,-0.243652) (0.137202,0.0992459) 0.156597
5.9 (2.38668,1.60258) (0.641693,0.639168) 0.205685 (2.79844,2.7831) 1.99016 0.783427 (0.623003,0.33779) (0.207983,0.171475) 0.13611 (1.35486,1.38634) (-0.241591,-0.160054) 0.195434 (2.39325,2.19404) (-0.173975,-0.138787) 0.214665 (-0.571379,-0.234951) (0.150228,0.0870052) 0.156597
6 (2.44968,1.66595) (0.629974,0.633739) 0.205685 (2.79844,2.7831) 1.99016 0.788378 (0.643902,0.354814) (0.208993,0.170242) 0.13611 (1.33093,1.37) (-0.239333,-0.163411) 0.195434 (2.37575,2.18029) (-0.174961,-0.137542) 0.214665 (-0.556557,-0.225913) (0.14822,0.0903836) 0.156597
6.1 (2.51137,1.7286) (0.616858,0.626544) 0.205685 (2.79844,2.7831) 1.99016 0.793188 (0.664852,0.371775) (0.209506,0.16961) 0.13611 (1.30686,1.35386) (-0.240651,-0.161464) 0.195434 (2.35821,2.1666) (-0.175462,-0.136902) 0.214665 (-0.541617,-0.217071) (0.149402,0.088416) 0.156597
6.2 (2.57158,1.79035) (0.602173,0.617427) 0.205685 (2.79844,2.7831) 1.99016 0.797905 (0.685812,0.388725) (0.209596,0.169499) 0.13611 (1.28271,1.33784) (-0.241505,-0.160185) 0.195434 (2.34065,2.15292) (-0.17555,-0.13679) 0.214665 (-0.5266,-0.20836) (0.150168,0.0871085) 0.156597
6.3 (2.63012,1.85104) (0.58538,0.60692) 0.205685 (2.79844,2.7831) 1.99016 0.803462 (0.706772,0.405675) (0.209596,0.169499) 0.13611 (1.25852,1.32189) (-0.241967,-0.159486) 0.195434 (2.3231,2.13924) (-0.17555,-0.13679) 0.214665 (-0.511541,-0.199722) (0.150584,0.0863876) 0.156597
6.4 (2.68339,1.91393) (0.532647,0.628881) 0.205685 (2.79844,2.7831) 1.99016 0.868061 (0.727731,0.422625) (0.209596,0.169499) 0.13611 (1.23431,1.30596) (-0.242081,-0.159312) 0.195434 (2.30554,2.12556) (-0.17555,-0.13679) 0.214665 (-0.496473,-0.191101) (0.150688,0.0862072) 0.156597
6.5 (2.71668,1.99487) (0.332972,0.809444) 0.205685 (2.79844,2.7831) 1.99016 1.18054 (0.748691,0.439575) (0.209596,0.169499) 0.13611 (1.2101,1.29003) (-0.242081,-0.159312) 0.195434 (2.28799,2.11188) (-0.17555,-0.13679) 0.214665 (-0.481404,-0.18248) (0.150688,0.0862072) 0.156597
6.6 (2.72485,2.0737) (0.081696,0.788273) 0.205685 (2.79844,2.7831) 1.99016 1.46753 (0.76965,0.456525) (0.209596,0.169499) 0.13611 (1.18589,1.2741) (-0.242081,-0.159312) 0.195434 (2.27043,2.0982) (-0.17555,-0.13679) 0.214665 (-0.466335,-0.173859) (0.150688,0.0862072) 0.156597
6.7 (2.73221,2.14463) (0.0736024,0.709354) 0.205685 (2.79844,2.7831) 1.99016 1.46741 (0.79061,0.473475) (0.209596,0.169499) 0.13611 (1.16168,1.25816) (-0.242081,-0.159312) 0.195434 (2.25288,2.08452) (-0.17555,-0.13679) 0.214665 (-0.451266,-0.165239) (0.150688,0.0862072) 0.156597
6.8 (2.73883,2.20848) (0.0662047,0.638426) 0.205685 (2.79844,2.7831) 1.99016 1.46747 (0.811569,0.490425) (0.209596,0.169499) 0.13611 (1.13748,1.24223) (-0.242081,-0.159312) 0.195434 (2.23532,2.07084) (-0.17555,-0.13679) 0.214665 (-0.436198,-0.156618) (0.150688,0.0862071) 0.156597
6.9 (2.74479,2.26594) (0.0595403,0.574655) 0.205685 (2.79844,2.7831) 1.99016 1.46755 (0.832529,0.507375) (0.209596,0.169499) 0.13611 (1.11327,1.2263) (-0.242081,-0.159312) 0.195434 (2.21777,2.05717) (-0.17555,-0.13679) 0.214665 (-0.421129,-0.147997) (0.150688,0.0862071) 0.156597
7 (2.75015,2.31766) (0.0536514,0.517155) 0.205685 (2.79844,2.7831) 1.99016 1.46742 (0.853488,0.524324) (0.209596,0.169499) 0.13611 (1.08906,1.21037) (-0.242081,-0.159312) 0.195434 (2.20021,2.04349) (-0.17555,-0.13679) 0.214665 (-0.40606,-0.139377) (0.150688,0.0862071) 0.156597
