[]
timestamp position0 velocity0 radius0 goal pref_speed theta position1 velocity1 radius1 position2 velocity2 radius2 position3 velocity3 radius3 position4 velocity4 radius4 position5 velocity5 radius5 position6 velocity6 radius6
0 (-1.68149,-1.55232) (0,0) 0.167566 (2.79844,2.7831) 1.52254 0 (-0.627843,-0.743288) (0,0) 0.214884 (2.2615,2.82046) (0,0) 0.192261 (2.83842,3.368) (0,0) 0.159734 (-1.15672,-1.03061) (0,0) 0.193303
0.1 (-1.67785,-1.55061) (0.0363863,0.0171723) 0.167566 (2.79844,2.7831) 1.52254 0.440954 (-0.610559,-0.725499) (0.172842,0.177891) 0.214884 (2.24924,2.80719) (-0.122562,-0.132698) 0.192261 (2.83977,3.36014) (0.0134934,-0.078628) 0.159734 (-1.1653,-1.01075) (-0.0858267,0.198557) 0.193303
0.2 (-1.65797,-1.53687) (0.19878,0.137408) 0.167566 (2.79844,2.7831) 1.52254 0.604835 (-0.593276,-0.707708) (0.172831,0.177901) 0.214884 (2.23699,2.79392) (-0.122557,-0.132702) 0.192261 (2.83368,3.3424) (-0.060976,-0.177429) 0.159734 (-1.15942,-0.989936) (0.0588108,0.208164) 0.193303
0.3 (-1.6306,-1.51629) (0.273698,0.205792) 0.167566 (2.79844,2.7831) 1.52254 0.644714 (-0.575992,-0.689919) (0.172836,0.177897) 0.214884 (2.22473,2.78064) (-0.122555,-0.132705) 0.192261 (2.82092,3.32864) (-0.127541,-0.137596) 0.159734 (-1.14578,-0.973146) (0.136376,0.167906) 0.193303
0.4 (-1.59703,-1.4943) (0.335736,0.219862) 0.167566 (2.79844,2.7831) 1.52254 0.579788 (-0.558709,-0.672129) (0.172833,0.1779) 0.214884 (2.21247,2.76738) (-0.12257,-0.132691) 0.192261 (2.80817,3.31488) (-0.127535,-0.137601) 0.159734 (-1.13179,-0.956645) (0.139874,0.165004) 0.193303
0.5 (-1.54432,-1.47644) (0.52705,0.178638) 0.167566 (2.79844,2.7831) 1.52254 0.326787 (-0.541424,-0.65434) (0.172849,0.177884) 0.214884 (2.20022,2.75411) (-0.122563,-0.132697) 0.192261 (2.79541,3.30112) (-0.127553,-0.137585) 0.159734 (-1.11734,-0.940548) (0.144491,0.160976) 0.193303
0.6 (-1.46039,-1.44146) (0.839291,0.349824) 0.167566 (2.79844,2.7831) 1.52254 0.394912 (-0.52414,-0.636551) (0.172844,0.177889) 0.214884 (2.18796,2.74084) (-0.122569,-0.132692) 0.192261 (2.78266,3.28736) (-0.127541,-0.137595) 0.159734 (-1.10174,-0.925569) (0.156064,0.149784) 0.193303
0.7 (-1.37722,-1.40422) (0.831752,0.372309) 0.167566 (2.79844,2.7831) 1.52254 0.420873 (-0.506855,-0.618763) (0.172849,0.177884) 0.214884 (2.1757,2.72757) (-0.122568,-0.132692) 0.192261 (2.7699,3.2736) (-0.127541,-0.137596) 0.159734 (-1.08613,-0.910591) (0.156065,0.149783) 0.193303
0.8 (-1.29456,-1.36572) (0.826546,0.385042) 0.167566 (2.79844,2.7831) 1.52254 0.435952 (-0.489571,-0.600974) (0.172838,0.177895) 0.214884 (2.16345,2.7143) (-0.122563,-0.132697) 0.192261 (2.75715,3.25984) (-0.127543,-0.137594) 0.159734 (-1.07052,-0.895613) (0.156068,0.149779) 0.193303
0.9 (-1.21229,-1.32648) (0.822752,0.392348) 0.167566 (2.79844,2.7831) 1.52254 0.444976 (-0.472288,-0.583184) (0.172834,0.177899) 0.214884 (2.15119,2.70103) (-0.122573,-0.132688) 0.192261 (2.7444,3.24608) (-0.127541,-0.137596) 0.159734 (-1.05492,-0.880634) (0.156058,0.14979) 0.193303
1 (-1.13032,-1.28683) (0.819694,0.396585) 0.167566 (2.79844,2.7831) 1.52254 0.45062 (-0.455004,-0.565394) (0.172836,0.177897) 0.214884 (2.13893,2.68776) (-0.12256,-0.1327) 0.192261 (2.73164,3.23232) (-0.127541,-0.137596) 0.159734 (-1.03931,-0.865655) (0.156061,0.149787) 0.193303
1.1 (-1.04862,-1.24692) (0.817029,0.399078) 0.167566 (2.79844,2.7831) 1.52254 0.454366 (-0.437718,-0.547607) (0.172858,0.177875) 0.214884 (2.12668,2.67449) (-0.122556,-0.132704) 0.192261 (2.71889,3.21856) (-0.127542,-0.137595) 0.159734 (-1.02371,-0.850677) (0.156062,0.149786) 0.193303
1.2 (-0.967157,-1.20685) (0.814588,0.400648) 0.167566 (2.79844,2.7831) 1.52254 0.457099 (-0.420434,-0.529817) (0.172841,0.177891) 0.214884 (2.11442,2.66122) (-0.122567,-0.132694) 0.192261 (2.70613,3.2048) (-0.127538,-0.137599) 0.159734 (-1.0081,-0.835698) (0.156062,0.149786) 0.193303
1.3 (-0.885907,-1.16665) (0.812492,0.402017) 0.167566 (2.79844,2.7831) 1.52254 0.459475 (-0.403151,-0.512028) (0.172835,0.177898) 0.214884 (2.10216,2.64795) (-0.12257,-0.132691) 0.192261 (2.69338,3.19104) (-0.127546,-0.137591) 0.159734 (-0.992494,-0.82072) (0.156063,0.149784) 0.193303
1.4 (-0.804786,-1.12611) (0.811212,0.40545) 0.167566 (2.79844,2.7831) 1.52254 0.463493 (-0.385867,-0.494238) (0.172836,0.177897) 0.214884 (2.08991,2.63468) (-0.122563,-0.132697) 0.192261 (2.68063,3.17728) (-0.127544,-0.137592) 0.159734 (-0.976888,-0.805741) (0.156062,0.149786) 0.193303
1.5 (-0.723064,-1.08097) (0.817217,0.451407) 0.167566 (2.79844,2.7831) 1.52254 0.504662 (-0.368583,-0.476449) (0.172841,0.177892) 0.214884 (2.07765,2.62141) (-0.122558,-0.132702) 0.192261 (2.66787,3.16352) (-0.127535,-0.137601) 0.159734 (-0.961282,-0.790763) (0.156061,0.149786) 0.193303
1.6 (-0.642307,-1.03389) (0.807579,0.470736) 0.167566 (2.79844,2.7831) 1.52254 0.52775 (-0.351297,-0.458661) (0.172856,0.177877) 0.214884 (2.0654,2.60814) (-0.122559,-0.132701) 0.192261 (2.65512,3.14976) (-0.127537,-0.137599) 0.159734 (-0.945675,-0.775784) (0.156062,0.149785) 0.193303
1.7 (-0.562159,-0.985756) (0.801471,0.481369) 0.167566 (2.79844,2.7831) 1.52254 0.540866 (-0.334014,-0.440871) (0.172834,0.177898) 0.214884 (2.05314,2.59487) (-0.122561,-0.132699) 0.192261 (2.64236,3.136) (-0.127542,-0.137594) 0.159734 (-0.930069,-0.760806) (0.156064,0.149783) 0.193303
1.8 (-0.482429,-0.937036) (0.7973,0.487202) 0.167566 (2.79844,2.7831) 1.52254 0.548516 (-0.31673,-0.423082) (0.172838,0.177894) 0.214884 (2.04088,2.5816) (-0.122574,-0.132687) 0.192261 (2.62961,3.12224) (-0.127545,-0.137591) 0.159734 (-0.914464,-0.745826) (0.156053,0.149795) 0.193303
1.9 (-0.403028,-0.888013) (0.794018,0.490231) 0.167566 (2.79844,2.7831) 1.52254 0.553119 (-0.299445,-0.405293) (0.172846,0.177887) 0.214884 (2.02863,2.56833) (-0.122551,-0.132708) 0.192261 (2.61686,3.10848) (-0.127537,-0.137599) 0.159734 (-0.898858,-0.730847) (0.156052,0.149796) 0.193303
2 (-0.323883,-0.838834) (0.791446,0.491785) 0.167566 (2.79844,2.7831) 1.52254 0.555988 (-0.282161,-0.387505) (0.172848,0.177885) 0.214884 (2.01637,2.55506) (-0.122568,-0.132693) 0.192261 (2.6041,3.09472) (-0.127537,-0.1376) 0.159734 (-0.883253,-0.715867) (0.156052,0.149796) 0.193303
2.1 (-0.244983,-0.789597) (0.789001,0.492374) 0.167566 (2.79844,2.7831) 1.52254 0.557914 (-0.264876,-0.369716) (0.172843,0.17789) 0.214884 (2.00411,2.54179) (-0.122566,-0.132694) 0.192261 (2.59135,3.08097) (-0.127551,-0.137586) 0.159734 (-0.867648,-0.700887) (0.15605,0.149798) 0.193303
2.2 (-0.166306,-0.740345) (0.786772,0.492521) 0.167566 (2.79844,2.7831) 1.52254 0.559319 (-0.247592,-0.351927) (0.172845,0.177888) 0.214884 (1.99186,2.52852) (-0.122553,-0.132706) 0.192261 (2.57859,3.06721) (-0.127542,-0.137595) 0.159734 (-0.852042,-0.685908) (0.156057,0.149791) 0.193303
2.3 (-0.0878555,-0.691103) (0.784502,0.492418) 0.167566 (2.79844,2.7831) 1.52254 0.560525 (-0.230308,-0.334137) (0.172837,0.177896) 0.214884 (1.9796,2.51525) (-0.122564,-0.132696) 0.192261 (2.56584,3.05345) (-0.127541,-0.137595) 0.159734 (-0.836436,-0.670929) (0.15606,0.149788) 0.193303
2.4 (-0.00960387,-0.641811) (0.782516,0.492916) 0.167566 (2.79844,2.7831) 1.52254 0.562124 (-0.213024,-0.316348) (0.172844,0.177889) 0.214884 (1.96734,2.50198) (-0.122574,-0.132687) 0.192261 (2.55308,3.03969) (-0.127546,-0.137591) 0.159734 (-0.820831,-0.65595) (0.156052,0.149796) 0.193303
2.5 (0.0691862,-0.585047) (0.787901,0.567644) 0.167566 (2.79844,2.7831) 1.52254 0.62432 (-0.19574,-0.298559) (0.172837,0.177896) 0.214884 (1.95509,2.48871) (-0.122557,-0.132702) 0.192261 (2.54033,3.02593) (-0.127543,-0.137593) 0.159734 (-0.805226,-0.640971) (0.156056,0.149792) 0.193303
2.6 (0.141306,-0.514695) (0.721194,0.703524) 0.167566 (2.79844,2.7831) 1.52254 0.772996 (-0.178456,-0.28077) (0.172841,0.177892) 0.214884 (1.94283,2.47544) (-0.122555,-0.132705) 0.192261 (2.52758,3.01217) (-0.127534,-0.137602) 0.159734 (-0.789619,-0.625992) (0.156066,0.149781) 0.193303
2.7 (0.20794,-0.439928) (0.666348,0.747668) 0.167566 (2.79844,2.7831) 1.52254 0.842845 (-0.161172,-0.26298) (0.172841,0.177892) 0.214884 (1.93058,2.46217) (-0.122569,-0.132691) 0.192261 (2.51482,2.99841) (-0.127553,-0.137584) 0.159734 (-0.774014,-0.611013) (0.156055,0.149793) 0.193303
2.8 (0.271742,-0.362903) (0.638017,0.770247) 0.167566 (2.79844,2.7831) 1.52254 0.879019 (-0.143888,-0.245191) (0.172838,0.177895) 0.214884 (1.91832,2.4489) (-0.122569,-0.132691) 0.192261 (2.50207,2.98465) (-0.127532,-0.137604) 0.159734 (-0.758407,-0.596035) (0.156062,0.149786) 0.193303
2.9 (0.33436,-0.284939) (0.626175,0.779643) 0.167566 (2.79844,2.7831) 1.52254 0.894133 (-0.126604,-0.227402) (0.172845,0.177888) 0.214884 (1.90606,2.43564) (-0.122572,-0.132689) 0.192261 (2.48931,2.97089) (-0.127539,-0.137598) 0.159734 (-0.742803,-0.581055) (0.15605,0.149799) 0.193303
3 (0.396977,-0.206972) (0.626176,0.779665) 0.167566 (2.79844,2.7831) 1.52254 0.894147 (-0.109319,-0.209613) (0.172842,0.177891) 0.214884 (1.89381,2.42237) (-0.122563,-0.132697) 0.192261 (2.47656,2.95713) (-0.127546,-0.137591) 0.159734 (-0.727196,-0.566077) (0.156067,0.14978) 0.193303
3.1 (0.459592,-0.129012) (0.626148,0.779606) 0.167566 (2.79844,2.7831) 1.52254 0.894131 (-0.0920355,-0.191824) (0.172839,0.177893) 0.214884 (1.88155,2.4091) (-0.122563,-0.132697) 0.192261 (2.46381,2.94337) (-0.127536,-0.1376) 0.159734 (-0.71159,-0.551098) (0.156058,0.14979) 0.193303
3.2 (0.52222,-0.0510411) (0.626281,0.779707) 0.167566 (2.79844,2.7831) 1.52254 0.894091 (-0.0747514,-0.174034) (0.17284,0.177892) 0.214884 (1.86929,2.39583) (-0.122563,-0.132697) 0.192261 (2.45105,2.92961) (-0.127543,-0.137593) 0.159734 (-0.695985,-0.536118) (0.15605,0.149799) 0.193303
3.3 (0.584848,0.0269238) (0.626273,0.779649) 0.167566 (2.79844,2.7831) 1.52254 0.894061 (-0.0574666,-0.156246) (0.172848,0.177885) 0.214884 (1.85704,2.38256) (-0.122565,-0.132695) 0.192261 (2.4383,2.91585) (-0.127545,-0.137592) 0.159734 (-0.680379,-0.521139) (0.156056,0.149792) 0.193303
3.4 (0.647467,0.104893) (0.626193,0.779689) 0.167566 (2.79844,2.7831) 1.52254 0.894148 (-0.0401831,-0.138456) (0.172835,0.177898) 0.214884 (1.84478,2.36929) (-0.122569,-0.132692) 0.192261 (2.42554,2.90209) (-0.127541,-0.137595) 0.159734 (-0.664774,-0.50616) (0.156058,0.14979) 0.193303
3.5 (0.710082,0.182864) (0.626154,0.779712) 0.167566 (2.79844,2.7831) 1.52254 0.894193 (-0.0229003,-0.120666) (0.172828,0.177904) 0.214884 (1.83252,2.35602) (-0.122569,-0.132692) 0.192261 (2.41279,2.88833) (-0.127535,-0.137601) 0.159734 (-0.649167,-0.491181) (0.156062,0.149786) 0.193303
3.6 (0.7727,0.260826) (0.626175,0.779616) 0.167566 (2.79844,2.7831) 1.52254 0.894117 (-0.00561683,-0.102876) (0.172834,0.177898) 0.214884 (1.82027,2.34275) (-0.122565,-0.132695) 0.192261 (2.40003,2.87457) (-0.127552,-0.137585) 0.159734 (-0.633562,-0.476202) (0.156058,0.14979) 0.193303
3.7 (0.835316,0.3388) (0.626164,0.779744) 0.167566 (2.79844,2.7831) 1.52254 0.894206 (0.011668,-0.0850875) (0.172848,0.177885) 0.214884 (1.80801,2.32948) (-0.122564,-0.132696) 0.192261 (2.38728,2.86081) (-0.127541,-0.137595) 0.159734 (-0.617956,-0.461223) (0.156055,0.149793) 0.193303
3.8 (0.897928,0.416771) (0.626119,0.779712) 0.167566 (2.79844,2.7831) 1.52254 0.894221 (0.028953,-0.0672992) (0.17285,0.177883) 0.214884 (1.79575,2.31621) (-0.122559,-0.1327) 0.192261 (2.37452,2.84706) (-0.127544,-0.137593) 0.159734 (-0.60235,-0.446244) (0.156058,0.14979) 0.193303
3.9 (0.960552,0.494745) (0.626244,0.779742) 0.167566 (2.79844,2.7831) 1.52254 0.894142 (0.0462365,-0.0495095) (0.172835,0.177897) 0.214884 (1.7835,2.30294) (-0.122563,-0.132697) 0.192261 (2.36177,2.8333) (-0.127545,-0.137592) 0.159734 (-0.586745,-0.431264) (0.156053,0.149795) 0.193303
4 (1.02317,0.572707) (0.626216,0.77962) 0.167566 (2.79844,2.7831) 1.52254 0.894087 (0.0635195,-0.0317192) (0.17283,0.177902) 0.214884 (1.77124,2.28967) (-0.122565,-0.132695) 0.192261 (2.34902,2.81954) (-0.127544,-0.137593) 0.159734 (-0.571138,-0.416287) (0.15607,0.149777) 0.193303
4.1 (1.08579,0.650672) (0.626189,0.779651) 0.167566 (2.79844,2.7831) 1.52254 0.894128 (0.0808026,-0.013929) (0.172831,0.177902) 0.214884 (1.75899,2.2764) (-0.122559,-0.1327) 0.192261 (2.33626,2.80578) (-0.127542,-0.137595) 0.159734 (-0.555532,-0.401308) (0.156063,0.149784) 0.193303
4.2 (1.14841,0.728638) (0.626198,0.779653) 0.167566 (2.79844,2.7831) 1.52254 0.894122 (0.0980867,0.00386013) (0.172841,0.177892) 0.214884 (1.74673,2.26313) (-0.122566,-0.132694) 0.192261 (2.32351,2.79202) (-0.127538,-0.137598) 0.159734 (-0.539924,-0.386331) (0.156073,0.149775) 0.193303
4.3 (1.21103,0.806605) (0.62613,0.779677) 0.167566 (2.79844,2.7831) 1.52254 0.89419 (0.11537,0.0216503) (0.172831,0.177902) 0.214884 (1.73447,2.24986) (-0.122572,-0.132689) 0.192261 (2.31075,2.77826) (-0.127543,-0.137594) 0.159734 (-0.524318,-0.371353) (0.156067,0.14978) 0.193303
4.4 (1.27364,0.884578) (0.626157,0.779731) 0.167566 (2.79844,2.7831) 1.52254 0.894203 (0.132654,0.0394396) (0.17284,0.177893) 0.214884 (1.72222,2.23659) (-0.122569,-0.132692) 0.192261 (2.298,2.7645) (-0.127539,-0.137597) 0.159734 (-0.508712,-0.356374) (0.156061,0.149787) 0.193303
4.5 (1.33626,0.962542) (0.626206,0.779637) 0.167566 (2.79844,2.7831) 1.52254 0.894106 (0.149936,0.0572304) (0.172825,0.177907) 0.214884 (1.70996,2.22332) (-0.12257,-0.13269) 0.192261 (2.28525,2.75074) (-0.12754,-0.137597) 0.159734 (-0.493105,-0.341396) (0.156063,0.149784) 0.193303
4.6 (1.39888,1.04051) (0.626198,0.779682) 0.167566 (2.79844,2.7831) 1.52254 0.894141 (0.167221,0.0750193) (0.172843,0.177889) 0.214884 (1.6977,2.21005) (-0.122562,-0.132698) 0.192261 (2.27249,2.73698) (-0.127552,-0.137585) 0.159734 (-0.477499,-0.326417) (0.15606,0.149788) 0.193303
4.7 (1.4615,1.11848) (0.626225,0.77971) 0.167566 (2.79844,2.7831) 1.52254 0.894137 (0.184506,0.0928074) (0.172852,0.177882) 0.214884 (1.68545,2.19678) (-0.122568,-0.132692) 0.192261 (2.25974,2.72322) (-0.127545,-0.137592) 0.159734 (-0.461892,-0.311439) (0.15607,0.149777) 0.193303
4.8 (1.52412,1.19645) (0.626111,0.779662) 0.167566 (2.79844,2.7831) 1.52254 0.894196 (0.20179,0.110596) (0.172844,0.177889) 0.214884 (1.67319,2.18351) (-0.122556,-0.132703) 0.192261 (2.24698,2.70946) (-0.127537,-0.137599) 0.159734 (-0.446285,-0.296461) (0.156068,0.14978) 0.193303
4.9 (1.58673,1.27441) (0.626195,0.779669) 0.167566 (2.79844,2.7831) 1.52254 0.894135 (0.219074,0.128386) (0.172841,0.177892) 0.214884 (1.66093,2.17024) (-0.122559,-0.132701) 0.192261 (2.23423,2.6957) (-0.127542,-0.137595) 0.159734 (-0.430681,-0.281481) (0.156048,0.1498) 0.193303
5 (1.64935,1.35238) (0.626151,0.779702) 0.167566 (2.79844,2.7831) 1.52254 0.89419 (0.236358,0.146175) (0.172835,0.177897) 0.214884 (1.64868,2.15698) (-0.122571,-0.13269) 0.192261 (2.22147,2.68194) (-0.127535,-0.137601) 0.159734 (-0.415075,-0.266502) (0.156059,0.149788) 0.193303
5.1 (1.71197,1.43036) (0.626188,0.779733) 0.167566 (2.79844,2.7831) 1.52254 0.894179 (0.253642,0.163964) (0.172842,0.177891) 0.214884 (1.63642,2.14371) (-0.122566,-0.132694) 0.192261 (2.20872,2.66818) (-0.12754,-0.137597) 0.159734 (-0.399467,-0.251525) (0.156073,0.149774) 0.193303
5.2 (1.77459,1.50832) (0.626197,0.779663) 0.167566 (2.79844,2.7831) 1.52254 0.89413 (0.270926,0.181753) (0.172846,0.177887) 0.214884 (1.62416,2.13044) (-0.122566,-0.132695) 0.192261 (2.19597,2.65442) (-0.12753,-0.137606) 0.159734 (-0.383861,-0.236547) (0.156063,0.149785) 0.193303
5.3 (1.83721,1.58629) (0.626199,0.77966) 0.167566 (2.79844,2.7831) 1.52254 0.894125 (0.288211,0.199542) (0.172846,0.177887) 0.214884 (1.61191,2.11717) (-0.122565,-0.132696) 0.192261 (2.18321,2.64066) (-0.127539,-0.137597) 0.159734 (-0.368255,-0.221568) (0.156062,0.149785) 0.193303
5.4 (1.89984,1.66426) (0.626275,0.779714) 0.167566 (2.79844,2.7831) 1.52254 0.8941 (0.305585,0.217243) (0.173739,0.177015) 0.214884 (1.59956,2.10398) (-0.123488,-0.131836) 0.192261 (2.17046,2.6269) (-0.127541,-0.137595) 0.159734 (-0.352649,-0.206589) (0.156062,0.149786) 0.193303
5.5 (1.96246,1.74223) (0.62621,0.779691) 0.167566 (2.79844,2.7831) 1.52254 0.894137 (0.323066,0.234839) (0.174808,0.175959) 0.214884 (1.5871,2.0909) (-0.124587,-0.130798) 0.192261 (2.15771,2.61314) (-0.127542,-0.137594) 0.159734 (-0.337042,-0.191611) (0.156061,0.149787) 0.193303
5.6 (2.02508,1.82019) (0.626194,0.77957) 0.167566 (2.79844,2.7831) 1.52254 0.894073 (0.340615,0.252367) (0.175489,0.17528) 0.214884 (1.57457,2.07789) (-0.125285,-0.13013) 0.192261 (2.14495,2.59938) (-0.12754,-0.137596) 0.159734 (-0.321436,-0.176632) (0.156064,0.149783) 0.193303
5.7 (2.08769,1.89816) (0.626184,0.77968) 0.167566 (2.79844,2.7831) 1.52254 0.89415 (0.358197,0.269862) (0.175823,0.174945) 0.214884 (1.56201,2.06491) (-0.125626,-0.129801) 0.192261 (2.1322,2.58562) (-0.127551,-0.137586) 0.159734 (-0.30583,-0.161654) (0.156063,0.149784) 0.193303
5.8 (2.15031,1.97612) (0.626203,0.779668) 0.167566 (2.79844,2.7831) 1.52254 0.894128 (0.375784,0.287352) (0.175867,0.174901) 0.214884 (1.54944,2.05193) (-0.12567,-0.129758) 0.192261 (2.11944,2.57187) (-0.127551,-0.137586) 0.159734 (-0.290224,-0.146675) (0.156055,0.149793) 0.193303
5.9 (2.21293,2.05409) (0.626202,0.779672) 0.167566 (2.79844,2.7831) 1.52254 0.894131 (0.39337,0.304842) (0.175867,0.174901) 0.214884 (1.53687,2.03896) (-0.12567,-0.129758) 0.192261 (2.10669,2.55811) (-0.127544,-0.137593) 0.159734 (-0.274618,-0.131697) (0.156065,0.149783) 0.193303
6 (2.27149,2.12699) (0.585515,0.728997) 0.167566 (2.79844,2.7831) 1.52254 0.89412 (0.410957,0.322332) (0.175867,0.174901) 0.214884 (1.52431,2.02598) (-0.12567,-0.129758) 0.192261 (2.09393,2.54435) (-0.127532,-0.137604) 0.159734 (-0.259012,-0.116718) (0.156059,0.149788) 0.193303
6.1 (2.32418,2.1926) (0.526968,0.656105) 0.167566 (2.79844,2.7831) 1.52254 0.894122 (0.428544,0.339822) (0.175867,0.174901) 0.214884 (1.51174,2.01301) (-0.12567,-0.129758) 0.192261 (2.08118,2.53059) (-0.127547,-0.13759) 0.159734 (-0.243405,-0.10174) (0.156068,0.149779) 0.193303
6.2 (2.37162,2.25165) (0.474331,0.590466) 0.167566 (2.79844,2.7831) 1.52254 0.894036 (0.446131,0.357312) (0.175867,0.174901) 0.214884 (1.49917,2.00003) (-0.12567,-0.129758) 0.192261 (2.06842,2.51683) (-0.127537,-0.137599) 0.159734 (-0.227798,-0.0867624) (0.156073,0.149774) 0.193303
6.3 (2.41429,2.30479) (0.426771,0.531401) 0.167566 (2.79844,2.7831) 1.52254 0.894166 (0.463717,0.374802) (0.175867,0.174901) 0.214884 (1.48661,1.98706) (-0.12567,-0.129758) 0.192261 (2.05567,2.50307) (-0.127546,-0.137591) 0.159734 (-0.212191,-0.0717839) (0.156063,0.149784) 0.193303
6.4 (2.45271,2.35262) (0.384145,0.478313) 0.167566 (2.79844,2.7831) 1.52254 0.894153 (0.481304,0.392292) (0.175867,0.174901) 0.214884 (1.47404,1.97408) (-0.12567,-0.129758) 0.192261 (2.04292,2.48931) (-0.127549,-0.137588) 0.159734 (-0.196585,-0.0568053) (0.156062,0.149786) 0.193303
6.5 (2.48728,2.39567) (0.345733,0.430493) 0.167566 (2.79844,2.7831) 1.52254 0.894163 (0.498891,0.409782) (0.175867,0.174901) 0.214884 (1.46147,1.9611) (-0.12567,-0.129758) 0.192261 (2.03016,2.47555) (-0.127548,-0.137589) 0.159734 (-0.180979,-0.0418264) (0.156058,0.149789) 0.193303
6.6 (2.5184,2.43441) (0.311163,0.387438) 0.167566 (2.79844,2.7831) 1.52254 0.894149 (0.516477,0.427272) (0.175867,0.174901) 0.214884 (1.44891,1.94813) (-0.12567,-0.129758) 0.192261 (2.01741,2.46179) (-0.127545,-0.137592) 0.159734 (-0.165373,-0.0268479) (0.156062,0.149785) 0.193303
