[]
timestamp position0 velocity0 radius0 goal pref_speed theta position1 velocity1 radius1 position2 velocity2 radius2 position3 velocity3 radius3 position4 velocity4 radius4 position5 velocity5 radius5 position6 velocity6 radius6
0 (-1.72596,-1.92163) (0,0) 0.164435 (2.79844,2.7831) 1.74353 0 (-0.535643,-0.717855) (0,0) 0.170095 (2.0448,2.77316) (0,0) 0.129033 (2.70778,3.37797) (0,0) 0.174138 (-1.08024,-1.27997) (0,0) 0.205299
0.1 (-1.72372,-1.91621) (0.0223853,0.0541661) 0.164435 (2.79844,2.7831) 1.74353 1.1789 (-0.524122,-0.705757) (0.115212,0.120986) 0.170095 (2.02738,2.75345) (-0.174189,-0.197049) 0.129033 (2.71036,3.36633) (0.0258365,-0.116492) 0.174138 (-1.07774,-1.27671) (0.0249336,0.0325486) 0.205299
0.2 (-1.72389,-1.90022) (-0.00164939,0.159867) 0.164435 (2.79844,2.7831) 1.74353 1.58111 (-0.512601,-0.693658) (0.115215,0.120983) 0.170095 (2.00996,2.73375) (-0.174185,-0.197053) 0.129033 (2.69975,3.34436) (-0.106106,-0.219647) 0.174138 (-1.06864,-1.2652) (0.0909995,0.115146) 0.205299
0.3 (-1.72617,-1.85468) (-0.0227968,0.455472) 0.164435 (2.79844,2.7831) 1.74353 1.62081 (-0.501079,-0.681561) (0.115221,0.120978) 0.170095 (1.99254,2.71404) (-0.174183,-0.197055) 0.129033 (2.68348,3.32619) (-0.16274,-0.181712) 0.174138 (-1.05689,-1.24869) (0.117579,0.165016) 0.205299
0.4 (-1.70581,-1.78751) (0.203549,0.671705) 0.164435 (2.79844,2.7831) 1.74353 1.27656 (-0.489556,-0.669463) (0.115222,0.120976) 0.170095 (1.97513,2.69434) (-0.17418,-0.197057) 0.129033 (2.6672,3.30802) (-0.162743,-0.181709) 0.174138 (-1.04284,-1.23409) (0.140407,0.146086) 0.205299
0.5 (-1.67124,-1.70902) (0.34569,0.784896) 0.164435 (2.79844,2.7831) 1.74353 1.15593 (-0.478034,-0.657366) (0.115225,0.120973) 0.170095 (1.95771,2.67463) (-0.174187,-0.197051) 0.129033 (2.65093,3.28985) (-0.162741,-0.181711) 0.174138 (-1.0288,-1.21948) (0.140407,0.146086) 0.205299
0.6 (-1.62896,-1.62468) (0.422852,0.843308) 0.164435 (2.79844,2.7831) 1.74353 1.10601 (-0.466513,-0.645267) (0.11521,0.120988) 0.170095 (1.94029,2.65492) (-0.174179,-0.197058) 0.129033 (2.63466,3.27168) (-0.162737,-0.181715) 0.174138 (-1.01476,-1.20487) (0.140405,0.146087) 0.205299
0.7 (-1.58441,-1.54138) (0.445519,0.833028) 0.164435 (2.79844,2.7831) 1.74353 1.07968 (-0.454991,-0.633169) (0.115215,0.120983) 0.170095 (1.92287,2.63522) (-0.174165,-0.19707) 0.129033 (2.61838,3.2535) (-0.16274,-0.181712) 0.174138 (-1.00072,-1.19026) (0.140393,0.146099) 0.205299
0.8 (-1.5386,-1.45872) (0.458069,0.826668) 0.164435 (2.79844,2.7831) 1.74353 1.0648 (-0.44347,-0.62107) (0.115214,0.120984) 0.170095 (1.90546,2.61551) (-0.174168,-0.197067) 0.129033 (2.60211,3.23533) (-0.162733,-0.181718) 0.174138 (-0.986683,-1.17565) (0.140416,0.146077) 0.205299
0.9 (-1.4921,-1.37647) (0.465033,0.822447) 0.164435 (2.79844,2.7831) 1.74353 1.05619 (-0.431948,-0.608973) (0.115224,0.120974) 0.170095 (1.88804,2.5958) (-0.174173,-0.197063) 0.129033 (2.58583,3.21716) (-0.162744,-0.181708) 0.174138 (-0.972642,-1.16104) (0.14041,0.146083) 0.205299
1 (-1.4452,-1.29452) (0.468909,0.819525) 0.164435 (2.79844,2.7831) 1.74353 1.05109 (-0.420425,-0.596875) (0.115224,0.120975) 0.170095 (1.87062,2.5761) (-0.174181,-0.197056) 0.129033 (2.56956,3.19899) (-0.162746,-0.181706) 0.174138 (-0.9586,-1.14643) (0.140413,0.14608) 0.205299
1.1 (-1.3981,-1.21279) (0.471011,0.81724) 0.164435 (2.79844,2.7831) 1.74353 1.04795 (-0.408904,-0.584777) (0.115212,0.120986) 0.170095 (1.8532,2.55639) (-0.174182,-0.197055) 0.129033 (2.55328,3.18082) (-0.162741,-0.181711) 0.174138 (-0.94456,-1.13183) (0.140405,0.146087) 0.205299
1.2 (-1.35089,-1.13126) (0.472112,0.815328) 0.164435 (2.79844,2.7831) 1.74353 1.04593 (-0.397381,-0.57268) (0.115227,0.120972) 0.170095 (1.83579,2.53669) (-0.174168,-0.197068) 0.129033 (2.53701,3.16265) (-0.162745,-0.181707) 0.174138 (-0.930519,-1.11722) (0.140408,0.146085) 0.205299
1.3 (-1.30363,-1.0499) (0.472655,0.813587) 0.164435 (2.79844,2.7831) 1.74353 1.0445 (-0.385861,-0.560581) (0.115208,0.12099) 0.170095 (1.81837,2.51698) (-0.174178,-0.197059) 0.129033 (2.52074,3.14448) (-0.162737,-0.181715) 0.174138 (-0.916478,-1.10261) (0.140412,0.146081) 0.205299
1.4 (-1.25633,-0.968711) (0.472944,0.81191) 0.164435 (2.79844,2.7831) 1.74353 1.04334 (-0.374339,-0.548483) (0.115217,0.120981) 0.170095 (1.80095,2.49727) (-0.174174,-0.197062) 0.129033 (2.50446,3.12631) (-0.162737,-0.181715) 0.174138 (-0.902438,-1.088) (0.140401,0.146092) 0.205299
1.5 (-1.20898,-0.887673) (0.473524,0.810379) 0.164435 (2.79844,2.7831) 1.74353 1.04198 (-0.362816,-0.536385) (0.115227,0.120971) 0.170095 (1.78353,2.47757) (-0.174174,-0.197063) 0.129033 (2.48819,3.10814) (-0.162741,-0.181711) 0.174138 (-0.888398,-1.07339) (0.140401,0.146091) 0.205299
1.6 (-1.15589,-0.806331) (0.53091,0.813424) 0.164435 (2.79844,2.7831) 1.74353 0.992536 (-0.351294,-0.524288) (0.115223,0.120975) 0.170095 (1.76612,2.45786) (-0.174178,-0.197059) 0.129033 (2.47192,3.08996) (-0.16273,-0.181721) 0.174138 (-0.874358,-1.05878) (0.140394,0.146098) 0.205299
1.7 (-1.0991,-0.725641) (0.567906,0.806898) 0.164435 (2.79844,2.7831) 1.74353 0.957515 (-0.339772,-0.51219) (0.115215,0.120983) 0.170095 (1.7487,2.43816) (-0.174177,-0.197059) 0.129033 (2.45564,3.07179) (-0.162739,-0.181712) 0.174138 (-0.860319,-1.04417) (0.140394,0.146098) 0.205299
1.8 (-1.041,-0.64605) (0.580995,0.795916) 0.164435 (2.79844,2.7831) 1.74353 0.940238 (-0.328251,-0.500091) (0.115209,0.120988) 0.170095 (1.73128,2.41845) (-0.17418,-0.197057) 0.129033 (2.43937,3.05362) (-0.162756,-0.181698) 0.174138 (-0.846279,-1.02956) (0.140397,0.146095) 0.205299
1.9 (-0.982241,-0.567043) (0.587579,0.790061) 0.164435 (2.79844,2.7831) 1.74353 0.931331 (-0.316729,-0.487993) (0.115219,0.120979) 0.170095 (1.71386,2.39875) (-0.17418,-0.197057) 0.129033 (2.42309,3.03545) (-0.162744,-0.181708) 0.174138 (-0.832238,-1.01495) (0.140412,0.146081) 0.205299
2 (-0.923165,-0.488367) (0.590756,0.786764) 0.164435 (2.79844,2.7831) 1.74353 0.92674 (-0.305208,-0.475894) (0.11521,0.120988) 0.170095 (1.69644,2.37904) (-0.174186,-0.197052) 0.129033 (2.40682,3.01728) (-0.162734,-0.181718) 0.174138 (-0.818197,-1.00035) (0.140405,0.146088) 0.205299
2.1 (-0.863951,-0.409893) (0.592141,0.784744) 0.164435 (2.79844,2.7831) 1.74353 0.92438 (-0.293688,-0.463795) (0.115208,0.12099) 0.170095 (1.67903,2.35933) (-0.17416,-0.197075) 0.129033 (2.39054,2.99911) (-0.162737,-0.181715) 0.174138 (-0.804156,-0.985737) (0.14041,0.146082) 0.205299
2.2 (-0.804687,-0.331552) (0.592647,0.783404) 0.164435 (2.79844,2.7831) 1.74353 0.923147 (-0.282166,-0.451697) (0.115221,0.120978) 0.170095 (1.66161,2.33963) (-0.174181,-0.197056) 0.129033 (2.37427,2.98094) (-0.162724,-0.181726) 0.174138 (-0.790115,-0.971129) (0.140411,0.146082) 0.205299
2.3 (-0.745428,-0.25332) (0.592586,0.782323) 0.164435 (2.79844,2.7831) 1.74353 0.922532 (-0.270645,-0.439598) (0.115204,0.120994) 0.170095 (1.64419,2.31992) (-0.174191,-0.197047) 0.129033 (2.358,2.96276) (-0.162742,-0.18171) 0.174138 (-0.776076,-0.956519) (0.140394,0.146098) 0.205299
2.4 (-0.686186,-0.175159) (0.592422,0.781606) 0.164435 (2.79844,2.7831) 1.74353 0.922224 (-0.259124,-0.4275) (0.115216,0.120983) 0.170095 (1.62677,2.30021) (-0.17416,-0.197075) 0.129033 (2.34172,2.94459) (-0.162734,-0.181717) 0.174138 (-0.762036,-0.94191) (0.140402,0.146091) 0.205299
2.5 (-0.62699,-0.0970873) (0.591962,0.780721) 0.164435 (2.79844,2.7831) 1.74353 0.922052 (-0.247602,-0.415402) (0.115219,0.120979) 0.170095 (1.60936,2.28051) (-0.17417,-0.197066) 0.129033 (2.32545,2.92642) (-0.162739,-0.181713) 0.174138 (-0.747995,-0.927301) (0.140402,0.14609) 0.205299
2.6 (-0.567849,-0.019101) (0.591402,0.779863) 0.164435 (2.79844,2.7831) 1.74353 0.921978 (-0.23608,-0.403303) (0.115214,0.120984) 0.170095 (1.59194,2.2608) (-0.174163,-0.197072) 0.129033 (2.30918,2.90825) (-0.162735,-0.181716) 0.174138 (-0.733954,-0.912692) (0.140411,0.146082) 0.205299
2.7 (-0.508764,0.0588069) (0.590852,0.779079) 0.164435 (2.79844,2.7831) 1.74353 0.921942 (-0.224559,-0.391205) (0.115212,0.120986) 0.170095 (1.57452,2.24109) (-0.174174,-0.197062) 0.129033 (2.2929,2.89008) (-0.162745,-0.181707) 0.174138 (-0.719913,-0.898084) (0.140408,0.146085) 0.205299
2.8 (-0.449744,0.136628) (0.5902,0.778216) 0.164435 (2.79844,2.7831) 1.74353 0.92194 (-0.213038,-0.379106) (0.115208,0.12099) 0.170095 (1.55711,2.22139) (-0.17418,-0.197057) 0.129033 (2.27663,2.87191) (-0.162742,-0.181709) 0.174138 (-0.705873,-0.883475) (0.140402,0.146091) 0.205299
2.9 (-0.390803,0.214349) (0.589414,0.777205) 0.164435 (2.79844,2.7831) 1.74353 0.921955 (-0.201518,-0.367007) (0.115207,0.120991) 0.170095 (1.53969,2.20168) (-0.174178,-0.197058) 0.129033 (2.26035,2.85374) (-0.162739,-0.181712) 0.174138 (-0.691833,-0.868866) (0.140401,0.146091) 0.205299
3 (-0.331937,0.291972) (0.588654,0.776229) 0.164435 (2.79844,2.7831) 1.74353 0.921971 (-0.189995,-0.354909) (0.115221,0.120977) 0.170095 (1.52227,2.18198) (-0.174168,-0.197067) 0.129033 (2.24408,2.83557) (-0.162738,-0.181714) 0.174138 (-0.677793,-0.854257) (0.140405,0.146087) 0.205299
3.1 (-0.273152,0.369491) (0.587853,0.77519) 0.164435 (2.79844,2.7831) 1.74353 0.921983 (-0.178474,-0.342811) (0.115214,0.120984) 0.170095 (1.50485,2.16227) (-0.174175,-0.197061) 0.129033 (2.22781,2.8174) (-0.162743,-0.181709) 0.174138 (-0.663753,-0.839648) (0.140398,0.146094) 0.205299
3.2 (-0.214449,0.446904) (0.587025,0.774135) 0.164435 (2.79844,2.7831) 1.74353 0.922005 (-0.166952,-0.330713) (0.115221,0.120977) 0.170095 (1.48744,2.14256) (-0.174175,-0.197061) 0.129033 (2.21153,2.79922) (-0.162735,-0.181716) 0.174138 (-0.649712,-0.825039) (0.140409,0.146084) 0.205299
3.3 (-0.15585,0.524186) (0.585993,0.772817) 0.164435 (2.79844,2.7831) 1.74353 0.922033 (-0.155431,-0.318615) (0.115214,0.120984) 0.170095 (1.47002,2.12286) (-0.174175,-0.197061) 0.129033 (2.19526,2.78105) (-0.162734,-0.181717) 0.174138 (-0.635672,-0.81043) (0.140402,0.14609) 0.205299
3.4 (-0.0973517,0.601339) (0.584985,0.771532) 0.164435 (2.79844,2.7831) 1.74353 0.92206 (-0.143909,-0.306516) (0.115214,0.120984) 0.170095 (1.4526,2.10315) (-0.174175,-0.197061) 0.129033 (2.17898,2.76288) (-0.162746,-0.181707) 0.174138 (-0.621632,-0.795821) (0.1404,0.146092) 0.205299
3.5 (-0.0389663,0.678348) (0.583854,0.770088) 0.164435 (2.79844,2.7831) 1.74353 0.92209 (-0.132388,-0.294418) (0.115214,0.120984) 0.170095 (1.43518,2.08345) (-0.174168,-0.197068) 0.129033 (2.16271,2.74471) (-0.162745,-0.181707) 0.174138 (-0.607591,-0.781212) (0.140407,0.146086) 0.205299
3.6 (0.0193004,0.755205) (0.582668,0.768567) 0.164435 (2.79844,2.7831) 1.74353 0.922117 (-0.120866,-0.28232) (0.115222,0.120976) 0.170095 (1.41777,2.06374) (-0.174172,-0.197064) 0.129033 (2.14644,2.72654) (-0.162735,-0.181716) 0.174138 (-0.59355,-0.766604) (0.140407,0.146086) 0.205299
3.7 (0.0774342,0.831892) (0.581337,0.766869) 0.164435 (2.79844,2.7831) 1.74353 0.922153 (-0.109344,-0.270222) (0.115216,0.120982) 0.170095 (1.40035,2.04403) (-0.174172,-0.197064) 0.129033 (2.13016,2.70837) (-0.162738,-0.181714) 0.174138 (-0.57951,-0.751995) (0.140405,0.146087) 0.205299
3.8 (0.135428,0.9084) (0.579938,0.765084) 0.164435 (2.79844,2.7831) 1.74353 0.922191 (-0.0978233,-0.258123) (0.115207,0.120991) 0.170095 (1.38293,2.02433) (-0.174169,-0.197067) 0.129033 (2.11389,2.6902) (-0.162739,-0.181713) 0.174138 (-0.56547,-0.737385) (0.140396,0.146097) 0.205299
3.9 (0.193274,0.98472) (0.578465,0.763201) 0.164435 (2.79844,2.7831) 1.74353 0.922229 (-0.0863019,-0.246024) (0.115215,0.120983) 0.170095 (1.36552,2.00462) (-0.17417,-0.197065) 0.129033 (2.09761,2.67203) (-0.162741,-0.181711) 0.174138 (-0.55143,-0.722776) (0.140403,0.14609) 0.205299
4 (0.250956,1.06083) (0.57682,0.761103) 0.164435 (2.79844,2.7831) 1.74353 0.922275 (-0.0747801,-0.233926) (0.115218,0.120981) 0.170095 (1.3481,1.98491) (-0.174161,-0.197074) 0.129033 (2.08134,2.65385) (-0.162738,-0.181714) 0.174138 (-0.537389,-0.708169) (0.140413,0.14608) 0.205299
4.1 (0.308451,1.1367) (0.574945,0.758699) 0.164435 (2.79844,2.7831) 1.74353 0.92232 (-0.0632586,-0.221828) (0.115215,0.120983) 0.170095 (1.33068,1.96521) (-0.174166,-0.197069) 0.129033 (2.06507,2.63568) (-0.162751,-0.181702) 0.174138 (-0.523349,-0.693559) (0.140393,0.146099) 0.205299
4.2 (0.365748,1.21232) (0.572966,0.756175) 0.164435 (2.79844,2.7831) 1.74353 0.922375 (-0.0517369,-0.20973) (0.115217,0.120982) 0.170095 (1.31327,1.9455) (-0.174166,-0.197069) 0.129033 (2.04879,2.61751) (-0.162734,-0.181717) 0.174138 (-0.509309,-0.67895) (0.140404,0.146089) 0.205299
4.3 (0.422829,1.28766) (0.570814,0.753428) 0.164435 (2.79844,2.7831) 1.74353 0.922435 (-0.0402145,-0.197633) (0.115224,0.120975) 0.170095 (1.29585,1.92579) (-0.174164,-0.197071) 0.129033 (2.03252,2.59934) (-0.162741,-0.181711) 0.174138 (-0.495269,-0.66434) (0.140398,0.146095) 0.205299
4.4 (0.479682,1.36271) (0.568528,0.750509) 0.164435 (2.79844,2.7831) 1.74353 0.922498 (-0.0286928,-0.185534) (0.115217,0.120982) 0.170095 (1.27843,1.90608) (-0.174165,-0.19707) 0.129033 (2.01625,2.58117) (-0.162731,-0.18172) 0.174138 (-0.481229,-0.649731) (0.140403,0.146089) 0.205299
4.5 (0.536274,1.43743) (0.565919,0.747181) 0.164435 (2.79844,2.7831) 1.74353 0.922572 (-0.0171712,-0.173436) (0.115217,0.120981) 0.170095 (1.26102,1.88638) (-0.174165,-0.19707) 0.129033 (1.99997,2.563) (-0.162752,-0.181701) 0.174138 (-0.467188,-0.635123) (0.140414,0.146079) 0.205299
4.6 (0.592582,1.51179) (0.56308,0.743559) 0.164435 (2.79844,2.7831) 1.74353 0.922654 (-0.00564987,-0.161338) (0.115213,0.120985) 0.170095 (1.2436,1.86667) (-0.174165,-0.19707) 0.129033 (1.9837,2.54483) (-0.162739,-0.181713) 0.174138 (-0.453147,-0.620515) (0.140404,0.146088) 0.205299
4.7 (0.648579,1.58574) (0.559969,0.73959) 0.164435 (2.79844,2.7831) 1.74353 0.922744 (0.00587216,-0.14924) (0.11522,0.120978) 0.170095 (1.22618,1.84696) (-0.174165,-0.19707) 0.129033 (1.96742,2.52666) (-0.162733,-0.181718) 0.174138 (-0.439107,-0.605906) (0.140405,0.146088) 0.205299
4.8 (0.704225,1.65926) (0.556465,0.735119) 0.164435 (2.79844,2.7831) 1.74353 0.922848 (0.017394,-0.137142) (0.115218,0.12098) 0.170095 (1.20877,1.82726) (-0.174165,-0.19707) 0.129033 (1.95115,2.50848) (-0.162722,-0.181728) 0.174138 (-0.425065,-0.591298) (0.140415,0.146078) 0.205299
4.9 (0.759489,1.73228) (0.552638,0.730236) 0.164435 (2.79844,2.7831) 1.74353 0.922961 (0.0289154,-0.125044) (0.115215,0.120983) 0.170095 (1.19135,1.80755) (-0.174165,-0.19707) 0.129033 (1.93488,2.49031) (-0.162732,-0.181719) 0.174138 (-0.411024,-0.57669) (0.14041,0.146083) 0.205299
5 (0.814337,1.80477) (0.548475,0.724925) 0.164435 (2.79844,2.7831) 1.74353 0.923087 (0.0404368,-0.112945) (0.115213,0.120985) 0.170095 (1.17393,1.78784) (-0.174165,-0.19707) 0.129033 (1.9186,2.47214) (-0.162732,-0.181719) 0.174138 (-0.396984,-0.562081) (0.140405,0.146088) 0.205299
5.1 (0.868715,1.87667) (0.54378,0.718934) 0.164435 (2.79844,2.7831) 1.74353 0.923231 (0.0519587,-0.100847) (0.115219,0.120979) 0.170095 (1.15652,1.76814) (-0.174165,-0.19707) 0.129033 (1.90233,2.45397) (-0.162743,-0.181709) 0.174138 (-0.382944,-0.547472) (0.140399,0.146093) 0.205299
5.2 (0.922575,1.9479) (0.538603,0.712328) 0.164435 (2.79844,2.7831) 1.74353 0.923393 (0.0634795,-0.0887482) (0.115208,0.12099) 0.170095 (1.1391,1.74843) (-0.174165,-0.19707) 0.129033 (1.88606,2.4358) (-0.162734,-0.181717) 0.174138 (-0.368902,-0.532864) (0.140415,0.146078) 0.205299
5.3 (0.984558,2.01781) (0.61983,0.69913) 0.164435 (2.79844,2.7831) 1.74353 0.845449 (0.0750005,-0.0766495) (0.115211,0.120987) 0.170095 (1.12168,1.72872) (-0.174196,-0.197043) 0.129033 (1.86978,2.41763) (-0.162734,-0.181717) 0.174138 (-0.354863,-0.518254) (0.140394,0.146098) 0.205299
5.4 (1.0489,2.08475) (0.643456,0.66938) 0.164435 (2.79844,2.7831) 1.74353 0.805142 (0.086522,-0.0645512) (0.115215,0.120984) 0.170095 (1.10426,1.70902) (-0.174189,-0.197049) 0.129033 (1.85351,2.39945) (-0.162739,-0.181713) 0.174138 (-0.340824,-0.503644) (0.140393,0.1461) 0.205299
5.5 (1.11438,2.14976) (0.654722,0.650086) 0.164435 (2.79844,2.7831) 1.74353 0.781845 (0.0980436,-0.0524529) (0.115216,0.120982) 0.170095 (1.08685,1.68931) (-0.174177,-0.19706) 0.129033 (1.83723,2.38128) (-0.162749,-0.181703) 0.174138 (-0.326783,-0.489035) (0.140405,0.146088) 0.205299
5.6 (1.18026,2.2134) (0.658884,0.636431) 0.164435 (2.79844,2.7831) 1.74353 0.768066 (0.109565,-0.0403543) (0.115212,0.120986) 0.170095 (1.06943,1.66961) (-0.174183,-0.197054) 0.129033 (1.82096,2.36311) (-0.162732,-0.181719) 0.174138 (-0.312741,-0.474428) (0.140419,0.146074) 0.205299
5.7 (1.24613,2.27596) (0.658656,0.625538) 0.164435 (2.79844,2.7831) 1.74353 0.759615 (0.121087,-0.0282566) (0.115221,0.120977) 0.170095 (1.05201,1.6499) (-0.174175,-0.197061) 0.129033 (1.80469,2.34494) (-0.162733,-0.181718) 0.174138 (-0.298701,-0.459819) (0.1404,0.146093) 0.205299
5.8 (1.31169,2.33754) (0.655563,0.615859) 0.164435 (2.79844,2.7831) 1.74353 0.75418 (0.132607,-0.0161573) (0.115204,0.120993) 0.170095 (1.03459,1.6302) (-0.174177,-0.197059) 0.129033 (1.78841,2.32677) (-0.16274,-0.181712) 0.174138 (-0.28466,-0.445211) (0.140415,0.146078) 0.205299
5.9 (1.37672,2.39817) (0.650295,0.606311) 0.164435 (2.79844,2.7831) 1.74353 0.750411 (0.144129,-0.00405943) (0.11522,0.120978) 0.170095 (1.01717,1.61049) (-0.174182,-0.197055) 0.129033 (1.77214,2.3086) (-0.162724,-0.181726) 0.174138 (-0.270619,-0.430602) (0.140405,0.146088) 0.205299
6 (1.44105,2.4578) (0.643386,0.596283) 0.164435 (2.79844,2.7831) 1.74353 0.74742 (0.15565,0.00803978) (0.115206,0.120992) 0.170095 (0.999756,1.59078) (-0.174181,-0.197056) 0.129033 (1.75587,2.29042) (-0.16274,-0.181712) 0.174138 (-0.256579,-0.415993) (0.140399,0.146093) 0.205299
6.1 (1.5046,2.51633) (0.635411,0.585293) 0.164435 (2.79844,2.7831) 1.74353 0.744364 (0.167171,0.0201382) (0.115214,0.120984) 0.170095 (0.982338,1.57108) (-0.174177,-0.197059) 0.129033 (1.73959,2.27225) (-0.162751,-0.181702) 0.174138 (-0.242539,-0.401384) (0.140405,0.146088) 0.205299
6.2 (1.5696,2.57343) (0.650018,0.570949) 0.164435 (2.79844,2.7831) 1.74353 0.72073 (0.178692,0.0322369) (0.115211,0.120987) 0.170095 (0.96492,1.55137) (-0.174175,-0.197061) 0.129033 (1.72332,2.25408) (-0.162738,-0.181714) 0.174138 (-0.228497,-0.386776) (0.140416,0.146077) 0.205299
6.3 (1.66617,2.60369) (0.965712,0.302657) 0.164435 (2.79844,2.7831) 1.74353 0.303707 (0.190214,0.0443347) (0.11522,0.120978) 0.170095 (0.947502,1.53167) (-0.174179,-0.197058) 0.129033 (1.70704,2.23591) (-0.16275,-0.181703) 0.174138 (-0.214456,-0.372169) (0.140415,0.146078) 0.205299
6.4 (1.76494,2.61935) (0.987667,0.156552) 0.164435 (2.79844,2.7831) 1.74353 0.157199 (0.201736,0.0564327) (0.115219,0.12098) 0.170095 (0.930085,1.51196) (-0.174175,-0.197061) 0.129033 (1.69077,2.21774) (-0.162722,-0.181728) 0.174138 (-0.200416,-0.357559) (0.140401,0.146091) 0.205299
6.5 (1.86371,2.635) (0.98776,0.156523) 0.164435 (2.79844,2.7831) 1.74353 0.157156 (0.213258,0.0685308) (0.115217,0.120981) 0.170095 (0.912667,1.49226) (-0.174182,-0.197055) 0.129033 (1.6745,2.19957) (-0.162742,-0.18171) 0.174138 (-0.186375,-0.34295) (0.140404,0.146089) 0.205299
6.6 (1.95719,2.64981) (0.934751,0.14811) 0.164435 (2.79844,2.7831) 1.74353 0.157142 (0.224781,0.080628) (0.115227,0.120972) 0.170095 (0.895249,1.47255) (-0.174181,-0.197056) 0.129033 (1.65822,2.1814) (-0.16274,-0.181712) 0.174138 (-0.172335,-0.328342) (0.140405,0.146087) 0.205299
6.7 (2.04132,2.66314) (0.841311,0.133317) 0.164435 (2.79844,2.7831) 1.74353 0.157157 (0.236302,0.0927265) (0.115212,0.120986) 0.170095 (0.87783,1.45284) (-0.174184,-0.197053) 0.129033 (1.64195,2.16323) (-0.162739,-0.181713) 0.174138 (-0.158295,-0.313733) (0.140401,0.146092) 0.205299
6.8 (2.11703,2.67513) (0.757105,0.119928) 0.164435 (2.79844,2.7831) 1.74353 0.157099 (0.247823,0.104825) (0.11521,0.120987) 0.170095 (0.860414,1.43314) (-0.174166,-0.197069) 0.129033 (1.62568,2.14506) (-0.162734,-0.181717) 0.174138 (-0.144254,-0.299124) (0.140408,0.146085) 0.205299
6.9 (2.18516,2.68594) (0.681337,0.108017) 0.164435 (2.79844,2.7831) 1.74353 0.157228 (0.259344,0.116924) (0.115212,0.120986) 0.170095 (0.842996,1.41343) (-0.174178,-0.197059) 0.129033 (1.6094,2.12688) (-0.162737,-0.181715) 0.174138 (-0.130213,-0.284515) (0.140405,0.146088) 0.205299
7 (2.24649,2.69565) (0.613294,0.0971802) 0.164435 (2.79844,2.7831) 1.74353 0.15715 (0.270866,0.129021) (0.115224,0.120974) 0.170095 (0.825578,1.39373) (-0.174176,-0.197061) 0.129033 (1.59313,2.10871) (-0.162737,-0.181714) 0.174138 (-0.116173,-0.269906) (0.140401,0.146091) 0.205299
7.1 (2.30168,2.7044) (0.551939,0.0874479) 0.164435 (2.79844,2.7831) 1.74353 0.157132 (0.282388,0.141119) (0.115216,0.120982) 0.170095 (0.808161,1.37402) (-0.174168,-0.197067) 0.129033 (1.57685,2.09054) (-0.162753,-0.1817) 0.174138 (-0.102132,-0.255298) (0.140408,0.146085) 0.205299
7.2 (2.35136,2.71227) (0.496776,0.0787017) 0.164435 (2.79844,2.7831) 1.74353 0.157119 (0.293923,0.153205) (0.115349,0.120856) 0.170095 (0.790742,1.35431) (-0.17419,-0.197048) 0.129033 (1.56058,2.07237) (-0.162745,-0.181707) 0.174138 (-0.0878965,-0.240888) (0.142358,0.144099) 0.205299
7.3 (2.39607,2.71935) (0.447069,0.0708089) 0.164435 (2.79844,2.7831) 1.74353 0.15708 (0.305017,0.165697) (0.110936,0.124918) 0.170095 (0.773326,1.33461) (-0.174163,-0.197072) 0.129033 (1.54431,2.0542) (-0.162726,-0.181724) 0.174138 (-0.0732111,-0.226928) (0.146854,0.139603) 0.205299
