[]
timestamp position0 velocity0 radius0 goal pref_speed theta position1 velocity1 radius1 position2 velocity2 radius2 position3 velocity3 radius3 position4 velocity4 radius4 position5 velocity5 radius5 position6 velocity6 radius6
0 (-1.55855,-1.79579) (0,0) 0.200114 (2.79844,2.7831) 1.51775 0 (-0.515724,-0.877015) (0,0) 0.173013 (2.9196,2.36454) (0,0) 0.196351 (3.56902,2.88751) (0,0) 0.179601 (-0.948228,-1.23069) (0,0) 0.133558
0.1 (-1.5592,-1.78777) (-0.00641984,0.0802477) 0.200114 (2.79844,2.7831) 1.51775 1.65063 (-0.504296,-0.864394) (0.114281,0.126202) 0.173013 (2.90559,2.35284) (-0.140093,-0.117005) 0.196351 (3.56585,2.88414) (-0.0316567,-0.033689) 0.179601 (-0.954482,-1.21906) (-0.0625371,0.116304) 0.133558
0.2 (-1.53637,-1.78464) (0.228205,0.0312804) 0.200114 (2.79844,2.7831) 1.51775 0.136223 (-0.492868,-0.851774) (0.114277,0.126206) 0.173013 (2.89158,2.34113) (-0.140091,-0.117008) 0.196351 (3.55756,2.87737) (-0.0829456,-0.0676612) 0.179601 (-0.954174,-1.19158) (0.00307769,0.274843) 0.133558
0.3 (-1.48967,-1.77782) (0.46709,0.0681861) 0.200114 (2.79844,2.7831) 1.51775 0.144957 (-0.481441,-0.839153) (0.11427,0.126212) 0.173013 (2.87757,2.32943) (-0.140093,-0.117005) 0.196351 (3.54926,2.87061) (-0.0829502,-0.0676555) 0.179601 (-0.945907,-1.16536) (0.0826671,0.262134) 0.133558
0.4 (-1.42034,-1.74738) (0.693225,0.304418) 0.200114 (2.79844,2.7831) 1.51775 0.41378 (-0.470013,-0.826532) (0.114277,0.126206) 0.173013 (2.86356,2.31773) (-0.140097,-0.117) 0.196351 (3.54097,2.86384) (-0.0829502,-0.0676555) 0.179601 (-0.933893,-1.14064) (0.120141,0.247213) 0.133558
0.5 (-1.33694,-1.70324) (0.834045,0.441408) 0.200114 (2.79844,2.7831) 1.51775 0.486763 (-0.458585,-0.813912) (0.114285,0.126198) 0.173013 (2.84955,2.30603) (-0.14009,-0.117008) 0.196351 (3.53267,2.85707) (-0.0829483,-0.0676578) 0.179601 (-0.920048,-1.1169) (0.138451,0.237443) 0.133558
0.6 (-1.25494,-1.65648) (0.820026,0.467603) 0.200114 (2.79844,2.7831) 1.51775 0.518242 (-0.447156,-0.801292) (0.114284,0.1262) 0.173013 (2.83554,2.29433) (-0.140087,-0.117012) 0.196351 (3.52438,2.85031) (-0.0829496,-0.0676563) 0.179601 (-0.905289,-1.09371) (0.147591,0.231873) 0.133558
0.7 (-1.17376,-1.60835) (0.811799,0.481234) 0.200114 (2.79844,2.7831) 1.51775 0.535109 (-0.435729,-0.788672) (0.114277,0.126205) 0.173013 (2.82154,2.28263) (-0.140086,-0.117013) 0.196351 (3.51608,2.84354) (-0.0829479,-0.0676583) 0.179601 (-0.890068,-1.07082) (0.152207,0.22887) 0.133558
0.8 (-1.09307,-1.55953) (0.806833,0.488277) 0.200114 (2.79844,2.7831) 1.51775 0.544218 (-0.424302,-0.77605) (0.114265,0.126216) 0.173013 (2.80753,2.27093) (-0.140084,-0.117016) 0.196351 (3.50779,2.83678) (-0.0829488,-0.0676572) 0.179601 (-0.874613,-1.0481) (0.154551,0.227293) 0.133558
0.9 (-1.01273,-1.51035) (0.803476,0.491732) 0.200114 (2.79844,2.7831) 1.51775 0.549201 (-0.412875,-0.763429) (0.114275,0.126208) 0.173013 (2.79352,2.25923) (-0.140087,-0.117012) 0.196351 (3.49949,2.83001) (-0.082949,-0.0676569) 0.179601 (-0.859039,-1.02545) (0.155741,0.226479) 0.133558
1 (-0.932632,-1.46103) (0.800931,0.493218) 0.200114 (2.79844,2.7831) 1.51775 0.551961 (-0.401448,-0.750808) (0.11427,0.126212) 0.173013 (2.77951,2.24753) (-0.140087,-0.117012) 0.196351 (3.4912,2.82325) (-0.0829428,-0.0676646) 0.179601 (-0.843403,-1.00284) (0.156356,0.226055) 0.133558
1.1 (-0.852738,-1.41166) (0.798947,0.493719) 0.200114 (2.79844,2.7831) 1.51775 0.553523 (-0.39002,-0.738188) (0.114276,0.126206) 0.173013 (2.7655,2.23583) (-0.140091,-0.117007) 0.196351 (3.4829,2.81648) (-0.0829465,-0.06766) 0.179601 (-0.827737,-0.980258) (0.156669,0.225839) 0.133558
1.2 (-0.773031,-1.3623) (0.797068,0.49357) 0.200114 (2.79844,2.7831) 1.51775 0.554441 (-0.378593,-0.725566) (0.114269,0.126213) 0.173013 (2.75149,2.22412) (-0.140089,-0.11701) 0.196351 (3.47461,2.80971) (-0.0829459,-0.0676608) 0.179601 (-0.812053,-0.957686) (0.156833,0.225725) 0.133558
1.3 (-0.693486,-1.31298) (0.795448,0.493186) 0.200114 (2.79844,2.7831) 1.51775 0.555003 (-0.367165,-0.712946) (0.114278,0.126204) 0.173013 (2.73748,2.21242) (-0.140098,-0.116999) 0.196351 (3.46631,2.80295) (-0.0829499,-0.0676559) 0.179601 (-0.796362,-0.935119) (0.156913,0.225669) 0.133558
1.4 (-0.614127,-1.26374) (0.793586,0.492452) 0.200114 (2.79844,2.7831) 1.51775 0.555385 (-0.355738,-0.700325) (0.114277,0.126205) 0.173013 (2.72347,2.20072) (-0.140088,-0.117011) 0.196351 (3.45802,2.79618) (-0.0829477,-0.0676585) 0.179601 (-0.780666,-0.912555) (0.156959,0.225637) 0.133558
1.5 (-0.534942,-1.21457) (0.791855,0.491674) 0.200114 (2.79844,2.7831) 1.51775 0.555656 (-0.344311,-0.687704) (0.114268,0.126214) 0.173013 (2.70946,2.18902) (-0.140083,-0.117017) 0.196351 (3.44972,2.78942) (-0.0829445,-0.0676624) 0.179601 (-0.764968,-0.889993) (0.156983,0.22562) 0.133558
1.6 (-0.455931,-1.16549) (0.790109,0.490833) 0.200114 (2.79844,2.7831) 1.51775 0.555878 (-0.332883,-0.675084) (0.114278,0.126205) 0.173013 (2.69546,2.17732) (-0.140093,-0.117004) 0.196351 (3.44143,2.78265) (-0.0829467,-0.0676598) 0.179601 (-0.749269,-0.867432) (0.15699,0.225616) 0.133558
1.7 (-0.377121,-1.11651) (0.788103,0.489803) 0.200114 (2.79844,2.7831) 1.51775 0.556076 (-0.321456,-0.662462) (0.11427,0.126212) 0.173013 (2.68145,2.16562) (-0.140089,-0.11701) 0.196351 (3.43313,2.77588) (-0.0829485,-0.0676576) 0.179601 (-0.733569,-0.844871) (0.156999,0.225609) 0.133558
1.8 (-0.298506,-1.06763) (0.786144,0.488788) 0.200114 (2.79844,2.7831) 1.51775 0.556262 (-0.310029,-0.649841) (0.114273,0.12621) 0.173013 (2.66744,2.15392) (-0.140085,-0.117014) 0.196351 (3.42484,2.76912) (-0.0829475,-0.0676588) 0.179601 (-0.717869,-0.82231) (0.156999,0.225609) 0.133558
1.9 (-0.220097,-1.01886) (0.784088,0.487705) 0.200114 (2.79844,2.7831) 1.51775 0.556441 (-0.298601,-0.637221) (0.114278,0.126204) 0.173013 (2.65343,2.14222) (-0.140091,-0.117007) 0.196351 (3.41654,2.76235) (-0.0829491,-0.0676569) 0.179601 (-0.702169,-0.799749) (0.157,0.225608) 0.133558
2 (-0.141902,-0.970202) (0.781949,0.486566) 0.200114 (2.79844,2.7831) 1.51775 0.556618 (-0.287173,-0.6246) (0.114275,0.126208) 0.173013 (2.63942,2.13052) (-0.140099,-0.116997) 0.196351 (3.40825,2.75559) (-0.0829483,-0.0676578) 0.179601 (-0.686469,-0.777189) (0.157005,0.225605) 0.133558
2.1 (-0.0639394,-0.921667) (0.779631,0.485346) 0.200114 (2.79844,2.7831) 1.51775 0.556824 (-0.275746,-0.611979) (0.114275,0.126208) 0.173013 (2.62541,2.11882) (-0.140085,-0.117015) 0.196351 (3.39996,2.74882) (-0.082946,-0.0676606) 0.179601 (-0.670768,-0.754628) (0.157005,0.225605) 0.133558
2.2 (0.0142621,-0.862591) (0.782015,0.59076) 0.200114 (2.79844,2.7831) 1.51775 0.646969 (-0.264317,-0.59936) (0.114287,0.126196) 0.173013 (2.6114,2.10712) (-0.14009,-0.117008) 0.196351 (3.39166,2.74205) (-0.0829489,-0.0676571) 0.179601 (-0.655068,-0.732067) (0.157005,0.225605) 0.133558
2.3 (0.089783,-0.79932) (0.755209,0.632705) 0.200114 (2.79844,2.7831) 1.51775 0.697362 (-0.252889,-0.58674) (0.114285,0.126198) 0.173013 (2.59739,2.09542) (-0.140092,-0.117006) 0.196351 (3.38337,2.73529) (-0.0829482,-0.0676579) 0.179601 (-0.639367,-0.709507) (0.157012,0.2256) 0.133558
2.4 (0.163564,-0.734244) (0.737806,0.650769) 0.200114 (2.79844,2.7831) 1.51775 0.722799 (-0.24146,-0.57412) (0.114283,0.1262) 0.173013 (2.58338,2.08371) (-0.14008,-0.11702) 0.196351 (3.37507,2.72852) (-0.0829462,-0.0676604) 0.179601 (-0.623665,-0.686948) (0.157014,0.225599) 0.133558
2.5 (0.236429,-0.668265) (0.728657,0.659782) 0.200114 (2.79844,2.7831) 1.51775 0.735833 (-0.230032,-0.5615) (0.114283,0.1262) 0.173013 (2.56938,2.07201) (-0.140088,-0.117011) 0.196351 (3.36678,2.72176) (-0.0829493,-0.0676566) 0.179601 (-0.607964,-0.664388) (0.157014,0.225599) 0.133558
2.6 (0.308787,-0.601861) (0.723583,0.66404) 0.200114 (2.79844,2.7831) 1.51775 0.742514 (-0.218604,-0.54888) (0.114283,0.1262) 0.173013 (2.55537,2.06031) (-0.140091,-0.117007) 0.196351 (3.35848,2.71499) (-0.0829472,-0.0676591) 0.179601 (-0.592262,-0.641828) (0.157014,0.225599) 0.133558
2.7 (0.380863,-0.53526) (0.720757,0.66601) 0.200114 (2.79844,2.7831) 1.51775 0.74594 (-0.207176,-0.53626) (0.114283,0.1262) 0.173013 (2.54136,2.04861) (-0.140093,-0.117005) 0.196351 (3.35019,2.70823) (-0.0829486,-0.0676575) 0.179601 (-0.576561,-0.619268) (0.157014,0.225599) 0.133558
2.8 (0.452755,-0.468594) (0.71892,0.666662) 0.200114 (2.79844,2.7831) 1.51775 0.747701 (-0.195747,-0.52364) (0.114283,0.1262) 0.173013 (2.52735,2.03691) (-0.140099,-0.116997) 0.196351 (3.34189,2.70146) (-0.0829439,-0.0676632) 0.179601 (-0.56086,-0.596708) (0.157014,0.225599) 0.133558
2.9 (0.524518,-0.401927) (0.71763,0.666673) 0.200114 (2.79844,2.7831) 1.51775 0.748604 (-0.184319,-0.51102) (0.114283,0.1262) 0.173013 (2.51334,2.02521) (-0.140078,-0.117022) 0.196351 (3.3336,2.69469) (-0.0829443,-0.0676628) 0.179601 (-0.545158,-0.574148) (0.157014,0.225599) 0.133558
3 (0.596179,-0.335292) (0.716607,0.666345) 0.200114 (2.79844,2.7831) 1.51775 0.749071 (-0.172891,-0.4984) (0.114283,0.1262) 0.173013 (2.49933,2.01351) (-0.140089,-0.11701) 0.196351 (3.3253,2.68793) (-0.0829479,-0.0676583) 0.179601 (-0.529457,-0.551588) (0.157014,0.225599) 0.133558
3.1 (0.667743,-0.268714) (0.715642,0.665778) 0.200114 (2.79844,2.7831) 1.51775 0.749318 (-0.161463,-0.48578) (0.114283,0.1262) 0.173013 (2.48532,2.00181) (-0.140091,-0.117007) 0.196351 (3.31701,2.68116) (-0.0829511,-0.0676544) 0.179601 (-0.513755,-0.529028) (0.157014,0.225599) 0.133558
3.2 (0.739213,-0.202207) (0.714694,0.665075) 0.200114 (2.79844,2.7831) 1.51775 0.749452 (-0.150034,-0.47316) (0.114288,0.126196) 0.173013 (2.47131,1.99011) (-0.140088,-0.11701) 0.196351 (3.30871,2.6744) (-0.0829452,-0.0676617) 0.179601 (-0.498054,-0.506468) (0.157014,0.225599) 0.133558
3.3 (0.810587,-0.135779) (0.713742,0.66428) 0.200114 (2.79844,2.7831) 1.51775 0.74952 (-0.138605,-0.46054) (0.114285,0.126198) 0.173013 (2.4573,1.97841) (-0.140086,-0.117012) 0.196351 (3.30042,2.66763) (-0.0829478,-0.0676585) 0.179601 (-0.482352,-0.483909) (0.157017,0.225597) 0.133558
3.4 (0.88187,-0.0694306) (0.712829,0.663484) 0.200114 (2.79844,2.7831) 1.51775 0.749561 (-0.127177,-0.44792) (0.114285,0.126198) 0.173013 (2.44329,1.96671) (-0.140098,-0.116999) 0.196351 (3.29212,2.66086) (-0.0829537,-0.0676512) 0.179601 (-0.46665,-0.461349) (0.157017,0.225597) 0.133558
3.5 (0.95304,-0.00318225) (0.711708,0.662484) 0.200114 (2.79844,2.7831) 1.51775 0.749593 (-0.115748,-0.435301) (0.114285,0.126198) 0.173013 (2.42928,1.955) (-0.140089,-0.117009) 0.196351 (3.28383,2.6541) (-0.0829476,-0.0676587) 0.179601 (-0.450949,-0.438789) (0.157017,0.225597) 0.133558
3.6 (1.02409,0.0629587) (0.71053,0.661409) 0.200114 (2.79844,2.7831) 1.51775 0.749609 (-0.10432,-0.422681) (0.114285,0.126198) 0.173013 (2.41528,1.9433) (-0.140088,-0.117011) 0.196351 (3.27553,2.64733) (-0.0829513,-0.0676541) 0.179601 (-0.435247,-0.41623) (0.157017,0.225597) 0.133558
3.7 (1.09502,0.128983) (0.709254,0.660245) 0.200114 (2.79844,2.7831) 1.51775 0.749627 (-0.092891,-0.410061) (0.114286,0.126197) 0.173013 (2.40127,1.9316) (-0.14009,-0.117008) 0.196351 (3.26724,2.64057) (-0.0829478,-0.0676584) 0.179601 (-0.419545,-0.39367) (0.157017,0.225597) 0.133558
3.8 (1.16581,0.194885) (0.707919,0.659019) 0.200114 (2.79844,2.7831) 1.51775 0.74964 (-0.0814625,-0.397441) (0.114286,0.126198) 0.173013 (2.38726,1.9199) (-0.140088,-0.11701) 0.196351 (3.25894,2.6338) (-0.082951,-0.0676545) 0.179601 (-0.403844,-0.37111) (0.157018,0.225596) 0.133558
3.9 (1.23646,0.260652) (0.706447,0.65767) 0.200114 (2.79844,2.7831) 1.51775 0.749656 (-0.0700339,-0.384822) (0.114286,0.126198) 0.173013 (2.37325,1.9082) (-0.140088,-0.117011) 0.196351 (3.25065,2.62704) (-0.0829497,-0.0676561) 0.179601 (-0.388142,-0.348551) (0.157018,0.225596) 0.133558
4 (1.30693,0.326265) (0.70477,0.65613) 0.200114 (2.79844,2.7831) 1.51775 0.749672 (-0.0586053,-0.372202) (0.114286,0.126198) 0.173013 (2.35924,1.8965) (-0.140088,-0.117011) 0.196351 (3.24235,2.62027) (-0.0829494,-0.0676564) 0.179601 (-0.37244,-0.325991) (0.157018,0.225596) 0.133558
4.1 (1.37723,0.391715) (0.702995,0.654499) 0.200114 (2.79844,2.7831) 1.51775 0.749689 (-0.0471768,-0.359582) (0.114286,0.126198) 0.173013 (2.34523,1.8848) (-0.140087,-0.117012) 0.196351 (3.23406,2.6135) (-0.0829494,-0.0676565) 0.179601 (-0.356738,-0.303432) (0.157018,0.225596) 0.133558
4.2 (1.44734,0.45699) (0.701097,0.652755) 0.200114 (2.79844,2.7831) 1.51775 0.749706 (-0.0357482,-0.346962) (0.114286,0.126198) 0.173013 (2.33122,1.8731) (-0.140092,-0.117005) 0.196351 (3.22576,2.60674) (-0.0829494,-0.0676565) 0.179601 (-0.341036,-0.280872) (0.157018,0.225596) 0.133558
4.3 (1.51723,0.522064) (0.698894,0.650731) 0.200114 (2.79844,2.7831) 1.51775 0.749727 (-0.0243196,-0.334342) (0.114286,0.126198) 0.173013 (2.31721,1.8614) (-0.140085,-0.117014) 0.196351 (3.21747,2.59997) (-0.0829526,-0.0676526) 0.179601 (-0.325335,-0.258312) (0.157018,0.225596) 0.133558
4.4 (1.58688,0.586917) (0.696494,0.648529) 0.200114 (2.79844,2.7831) 1.51775 0.749752 (-0.0128911,-0.321723) (0.114286,0.126198) 0.173013 (2.30321,1.8497) (-0.140088,-0.11701) 0.196351 (3.20917,2.59321) (-0.0829509,-0.0676546) 0.179601 (-0.309633,-0.235753) (0.157018,0.225596) 0.133558
4.5 (1.65627,0.651527) (0.693861,0.64611) 0.200114 (2.79844,2.7831) 1.51775 0.749777 (-0.00146248,-0.309103) (0.114286,0.126198) 0.173013 (2.2892,1.83799) (-0.140083,-0.117017) 0.196351 (3.20088,2.58644) (-0.0829509,-0.0676546) 0.179601 (-0.293931,-0.213193) (0.157018,0.225596) 0.133558
4.6 (1.72536,0.71587) (0.690937,0.643423) 0.200114 (2.79844,2.7831) 1.51775 0.749805 (0.00996609,-0.296483) (0.114286,0.126198) 0.173013 (2.27519,1.82629) (-0.140082,-0.117018) 0.196351 (3.19258,2.57968) (-0.0829509,-0.0676546) 0.179601 (-0.278229,-0.190634) (0.157018,0.225596) 0.133558
4.7 (1.79413,0.779911) (0.687665,0.640417) 0.200114 (2.79844,2.7831) 1.51775 0.749837 (0.0213947,-0.283863) (0.114286,0.126198) 0.173013 (2.26118,1.81459) (-0.140082,-0.117017) 0.196351 (3.18429,2.57291) (-0.0829509,-0.0676546) 0.179601 (-0.262528,-0.168074) (0.157018,0.225596) 0.133558
4.8 (1.86254,0.843628) (0.68413,0.637169) 0.200114 (2.79844,2.7831) 1.51775 0.749871 (0.0328232,-0.271244) (0.114286,0.126198) 0.173013 (2.24717,1.80289) (-0.140088,-0.11701) 0.196351 (3.17599,2.56615) (-0.0829509,-0.0676546) 0.179601 (-0.246826,-0.145514) (0.157018,0.225596) 0.133558
4.9 (1.93055,0.906972) (0.680072,0.63344) 0.200114 (2.79844,2.7831) 1.51775 0.749911 (0.0442507,-0.258623) (0.114275,0.126208) 0.173013 (2.23316,1.79119) (-0.14009,-0.117009) 0.196351 (3.1677,2.55938) (-0.0829509,-0.0676546) 0.179601 (-0.230976,-0.123059) (0.158501,0.224556) 0.133558
5 (1.9981,0.969902) (0.675559,0.629294) 0.200114 (2.79844,2.7831) 1.51775 0.749956 (0.0556785,-0.246002) (0.114278,0.126204) 0.173013 (2.21915,1.77949) (-0.140092,-0.117006) 0.196351 (3.1594,2.55262) (-0.0829509,-0.0676546) 0.179601 (-0.2148,-0.100837) (0.16176,0.222221) 0.133558
5.1 (2.06515,1.03236) (0.670475,0.624622) 0.200114 (2.79844,2.7831) 1.51775 0.750008 (0.067106,-0.233382) (0.114275,0.126207) 0.173013 (2.20515,1.76779) (-0.140088,-0.117011) 0.196351 (3.15111,2.54585) (-0.0829509,-0.0676546) 0.179601 (-0.198259,-0.0788845) (0.165405,0.219521) 0.133558
5.2 (2.13162,1.0943) (0.664696,0.619312) 0.200114 (2.79844,2.7831) 1.51775 0.750067 (0.0785347,-0.220762) (0.114287,0.126196) 0.173013 (2.19114,1.75609) (-0.140087,-0.117012) 0.196351 (3.14281,2.53909) (-0.0829509,-0.0676546) 0.179601 (-0.18137,-0.0572001) (0.168899,0.216844) 0.133558
5.3 (2.19744,1.15563) (0.658222,0.613363) 0.200114 (2.79844,2.7831) 1.51775 0.750135 (0.0899623,-0.208141) (0.114275,0.126207) 0.173013 (2.17713,1.74438) (-0.140079,-0.117021) 0.196351 (3.13452,2.53232) (-0.0829509,-0.0676546) 0.179601 (-0.164158,-0.03577) (0.172114,0.214301) 0.133558
5.4 (2.26254,1.2163) (0.650956,0.606687) 0.200114 (2.79844,2.7831) 1.51775 0.750213 (0.101389,-0.19552) (0.114268,0.126213) 0.173013 (2.16312,1.73268) (-0.140096,-0.117002) 0.196351 (3.12622,2.52555) (-0.0829509,-0.0676546) 0.179601 (-0.146654,-0.0145787) (0.175045,0.211913) 0.133558
5.5 (2.3268,1.2762) (0.642633,0.59904) 0.200114 (2.79844,2.7831) 1.51775 0.750304 (0.112817,-0.1829) (0.114279,0.126203) 0.173013 (2.14911,1.72098) (-0.140097,-0.117) 0.196351 (3.11793,2.51879) (-0.0829508,-0.0676547) 0.179601 (-0.128876,0.00638422) (0.177775,0.209629) 0.133558
5.6 (2.39012,1.33524) (0.63316,0.590336) 0.200114 (2.79844,2.7831) 1.51775 0.750411 (0.124244,-0.170279) (0.114271,0.126211) 0.173013 (2.1351,1.70928) (-0.140087,-0.117012) 0.196351 (3.10963,2.51202) (-0.0829508,-0.0676547) 0.179601 (-0.110836,0.0271213) (0.180404,0.20737) 0.133558
5.7 (2.45235,1.39328) (0.622362,0.580414) 0.200114 (2.79844,2.7831) 1.51775 0.750536 (0.135671,-0.157657) (0.114268,0.126213) 0.173013 (2.12109,1.69758) (-0.140092,-0.117006) 0.196351 (3.10134,2.50526) (-0.0829508,-0.0676547) 0.179601 (-0.0925376,0.0476314) (0.18298,0.205101) 0.133558
5.8 (2.51337,1.4502) (0.610204,0.569243) 0.200114 (2.79844,2.7831) 1.51775 0.750683 (0.147099,-0.145037) (0.114281,0.126202) 0.173013 (2.10708,1.68588) (-0.140085,-0.117014) 0.196351 (3.09304,2.49849) (-0.0829544,-0.0676503) 0.179601 (-0.0739828,0.0679094) (0.185549,0.20278) 0.133558
5.9 (2.573,1.50585) (0.596309,0.55648) 0.200114 (2.79844,2.7831) 1.51775 0.750862 (0.158527,-0.132416) (0.114277,0.126206) 0.173013 (2.09307,1.67418) (-0.140087,-0.117012) 0.196351 (3.08475,2.49173) (-0.0829532,-0.0676518) 0.179601 (-0.055169,0.0879475) (0.188138,0.20038) 0.133558
6 (2.63107,1.56006) (0.580618,0.542063) 0.200114 (2.79844,2.7831) 1.51775 0.75107 (0.169955,-0.119796) (0.114279,0.126204) 0.173013 (2.07906,1.66248) (-0.140092,-0.117006) 0.196351 (3.07645,2.48496) (-0.0829528,-0.0676523) 0.179601 (-0.0360965,0.107739) (0.190725,0.19792) 0.133558
6.1 (2.68735,1.61263) (0.562801,0.525692) 0.200114 (2.79844,2.7831) 1.51775 0.75132 (0.181382,-0.107175) (0.114272,0.126211) 0.173013 (2.06506,1.65078) (-0.14009,-0.117009) 0.196351 (3.06816,2.4782) (-0.0829528,-0.0676523) 0.179601 (-0.0167659,0.127279) (0.193306,0.195399) 0.133558
6.2 (2.74164,1.66337) (0.54292,0.507425) 0.200114 (2.79844,2.7831) 1.51775 0.751617 (0.192809,-0.0945543) (0.114275,0.126207) 0.173013 (2.05105,1.63908) (-0.140087,-0.117012) 0.196351 (3.05986,2.47143) (-0.0829527,-0.0676524) 0.179601 (0.00282077,0.146563) (0.195866,0.192833) 0.133558
6.3 (2.79372,1.71208) (0.520847,0.487144) 0.200114 (2.79844,2.7831) 1.51775 0.751974 (0.204237,-0.0819338) (0.114277,0.126205) 0.173013 (2.03704,1.62738) (-0.140091,-0.117007) 0.196351 (3.05157,2.46467) (-0.0829527,-0.0676524) 0.179601 (0.0226622,0.165584) (0.198414,0.19021) 0.133558
6.4 (2.84335,1.75854) (0.496303,0.464592) 0.200114 (2.79844,2.7831) 1.51775 0.752408 (0.215665,-0.0693132) (0.114276,0.126206) 0.173013 (2.02303,1.61567) (-0.140094,-0.117004) 0.196351 (3.04327,2.4579) (-0.0829527,-0.0676524) 0.179601 (0.042507,0.184601) (0.198448,0.190175) 0.133558
6.5 (2.89032,1.80256) (0.469691,0.440139) 0.200114 (2.79844,2.7831) 1.51775 0.752929 (0.227092,-0.0566926) (0.114277,0.126206) 0.173013 (2.00919,1.60377) (-0.138337,-0.119076) 0.196351 (3.03497,2.45114) (-0.0829541,-0.0676507) 0.179601 (0.0621693,0.203807) (0.196623,0.192062) 0.133558
6.6 (2.93376,1.84333) (0.434383,0.407698) 0.200114 (2.79844,2.7831) 1.51775 0.75372 (0.238519,-0.0440714) (0.114269,0.126213) 0.173013 (1.99547,1.59173) (-0.137205,-0.120378) 0.196351 (3.02668,2.44437) (-0.0829533,-0.0676517) 0.179601 (0.081713,0.223134) (0.195437,0.193268) 0.133558
6.7 (2.97282,1.88007) (0.390566,0.367438) 0.200114 (2.79844,2.7831) 1.51775 0.754895 (0.249947,-0.0314508) (0.114277,0.126206) 0.173013 (1.98182,1.57962) (-0.136564,-0.121105) 0.196351 (3.01838,2.43761) (-0.0829533,-0.0676516) 0.179601 (0.101189,0.242529) (0.19476,0.193951) 0.133558
6.8 (3.00792,1.91318) (0.351038,0.331118) 0.200114 (2.79844,2.7831) 1.51775 0.756204 (0.261374,-0.0188298) (0.114272,0.12621) 0.173013 (1.96818,1.56749) (-0.136369,-0.121325) 0.196351 (3.01009,2.43084) (-0.0829534,-0.0676516) 0.179601 (0.120644,0.261945) (0.194552,0.194159) 0.133558
6.9 (3.03947,1.94303) (0.315494,0.298458) 0.200114 (2.79844,2.7831) 1.51775 0.757658 (0.272802,-0.00620946) (0.11428,0.126203) 0.173013 (1.95454,1.55535) (-0.136369,-0.121325) 0.196351 (3.00179,2.42408) (-0.0829534,-0.0676516) 0.179601 (0.140099,0.281361) (0.194552,0.194159) 0.133558
7 (3.06783,1.96994) (0.283578,0.269133) 0.200114 (2.79844,2.7831) 1.51775 0.759269 (0.28423,0.00641096) (0.114278,0.126204) 0.173013 (1.94091,1.54322) (-0.136369,-0.121325) 0.196351 (2.9935,2.41731) (-0.0829533,-0.0676516) 0.179601 (0.159555,0.300777) (0.194552,0.194159) 0.133558
7.1 (3.0933,1.9942) (0.254742,0.242637) 0.200114 (2.79844,2.7831) 1.51775 0.761065 (0.295658,0.0190316) (0.114276,0.126206) 0.173013 (1.92727,1.53109) (-0.136369,-0.121325) 0.196351 (2.9852,2.41055) (-0.0829534,-0.0676516) 0.179601 (0.17901,0.320193) (0.194552,0.194159) 0.133558
7.2 (3.11619,2.01609) (0.228864,0.218859) 0.200114 (2.79844,2.7831) 1.51775 0.763055 (0.307085,0.0316528) (0.114269,0.126212) 0.173013 (1.91363,1.51896) (-0.136369,-0.121325) 0.196351 (2.97691,2.40378) (-0.0829534,-0.0676515) 0.179601 (0.198465,0.339609) (0.194552,0.194159) 0.133558
7.3 (3.13674,2.03583) (0.205544,0.197432) 0.200114 (2.79844,2.7831) 1.51775 0.765269 (0.318511,0.044274) (0.11427,0.126212) 0.173013 (1.9,1.50682) (-0.136369,-0.121325) 0.196351 (2.96861,2.39702) (-0.0829535,-0.0676515) 0.179601 (0.21792,0.359025) (0.194552,0.194159) 0.133558
7.4 (3.15521,2.05366) (0.184626,0.178211) 0.200114 (2.79844,2.7831) 1.51775 0.76772 (0.329939,0.0568945) (0.114278,0.126204) 0.173013 (1.88636,1.49469) (-0.136369,-0.121325) 0.196351 (2.96032,2.39025) (-0.0829536,-0.0676513) 0.179601 (0.237375,0.37844) (0.194552,0.194159) 0.133558
7.5 (3.17178,2.06974) (0.165736,0.160854) 0.200114 (2.79844,2.7831) 1.51775 0.770452 (0.34119,0.0696731) (0.112506,0.127786) 0.173013 (1.87299,1.48227) (-0.133713,-0.124245) 0.196351 (2.95202,2.38349) (-0.0829535,-0.0676514) 0.179601 (0.256831,0.397856) (0.194552,0.194159) 0.133558
7.6 (3.18665,2.08426) (0.148713,0.145213) 0.200114 (2.79844,2.7831) 1.51775 0.773491 (0.351812,0.0829789) (0.106221,0.133057) 0.173013 (1.86036,1.46909) (-0.126266,-0.131806) 0.196351 (2.94373,2.37672) (-0.0829535,-0.0676514) 0.179601 (0.276428,0.417129) (0.195974,0.192723) 0.133558
7.7 (3.19999,2.09738) (0.133395,0.131138) 0.200114 (2.79844,2.7831) 1.51775 0.776866 (0.362224,0.0964496) (0.10412,0.134707) 0.173013 (1.84795,1.4557) (-0.124095,-0.133852) 0.196351 (2.93543,2.36996) (-0.0829537,-0.0676512) 0.179601 (0.29632,0.436097) (0.198914,0.189688) 0.133558
7.79999 (3.21439,2.11273) (0.143988,0.153495) 0.200114 (2.79844,2.7831) 1.51775 0.817346 (0.372383,0.110112) (0.101594,0.136623) 0.173013 (1.8358,1.44208) (-0.12155,-0.136168) 0.196351 (2.92714,2.36319) (-0.0829477,-0.0676586) 0.179601 (0.316211,0.455066) (0.198917,0.189684) 0.133558
7.89999 (3.23178,2.13662) (0.173876,0.238945) 0.200114 (2.79844,2.7831) 1.51775 0.941732 (0.382353,0.123913) (0.0996933,0.138016) 0.173013 (1.82383,1.4283) (-0.119673,-0.13782) 0.196351 (2.91884,2.35642) (-0.0829494,-0.0676565) 0.179601 (0.336104,0.474033) (0.198926,0.189675) 0.133558
7.99999 (3.24898,2.16871) (0.171999,0.320944) 0.200114 (2.79844,2.7831) 1.51775 1.07883 (0.392174,0.137821) (0.098214,0.139072) 0.173013 (1.81201,1.4144) (-0.118233,-0.139058) 0.196351 (2.91055,2.34966) (-0.082947,-0.0676594) 0.179601 (0.355995,0.493002) (0.198916,0.189686) 0.133558
8.09999 (3.26329,2.20878) (0.143167,0.400623) 0.200114 (2.79844,2.7831) 1.51775 1.22758 (0.401884,0.151806) (0.0971031,0.13985) 0.173013 (1.80029,1.4004) (-0.117164,-0.13996) 0.196351 (2.90225,2.34289) (-0.0829484,-0.0676577) 0.179601 (0.375888,0.51197) (0.198921,0.18968) 0.133558
8.2 (3.27205,2.25573) (0.0876107,0.469503) 0.200114 (2.79844,2.7831) 1.51775 1.38632 (0.411517,0.165845) (0.0963221,0.140389) 0.173013 (1.78865,1.38634) (-0.11642,-0.140579) 0.196351 (2.89396,2.33613) (-0.0829514,-0.067654) 0.179601 (0.395779,0.530939) (0.198915,0.189687) 0.133558
8.3 (3.27296,2.30744) (0.00902758,0.517171) 0.200114 (2.79844,2.7831) 1.51775 1.55334 (0.421101,0.179916) (0.0958463,0.140714) 0.173013 (1.77705,1.37225) (-0.115971,-0.14095) 0.196351 (2.88566,2.32936) (-0.0829479,-0.0676583) 0.179601 (0.41567,0.549908) (0.198911,0.189691) 0.133558
8.4 (3.2646,2.36089) (-0.0835972,0.534511) 0.200114 (2.79844,2.7831) 1.51775 1.72594 (0.430667,0.194) (0.0956609,0.140841) 0.173013 (1.76547,1.35814) (-0.115798,-0.141092) 0.196351 (2.87737,2.3226) (-0.0829428,-0.0676645) 0.179601 (0.435563,0.568875) (0.198931,0.18967) 0.133558
8.5 (3.24689,2.41266) (-0.177099,0.517625) 0.200114 (2.79844,2.7831) 1.51775 1.90045 (0.440233,0.208084) (0.0956577,0.140843) 0.173013 (1.75389,1.34403) (-0.115795,-0.141095) 0.196351 (2.86907,2.31583) (-0.0829501,-0.0676556) 0.179601 (0.455454,0.587844) (0.198907,0.189695) 0.133558
8.6 (3.22109,2.45965) (-0.257945,0.469906) 0.200114 (2.79844,2.7831) 1.51775 2.07282 (0.449799,0.222169) (0.0956577,0.140843) 0.173013 (1.74231,1.32992) (-0.115795,-0.141095) 0.196351 (2.86078,2.30906) (-0.0829512,-0.0676542) 0.179601 (0.475344,0.606814) (0.198904,0.189698) 0.133558
8.7 (3.18942,2.49975) (-0.316713,0.401062) 0.200114 (2.79844,2.7831) 1.51775 2.23922 (0.459365,0.236253) (0.0956576,0.140843) 0.173013 (1.73073,1.31581) (-0.115795,-0.141095) 0.196351 (2.85248,2.3023) (-0.0829473,-0.067659) 0.179601 (0.495235,0.625783) (0.198909,0.189693) 0.133558
