[]
timestamp position0 velocity0 radius0 goal pref_speed theta position1 velocity1 radius1 position2 velocity2 radius2 position3 velocity3 radius3 position4 velocity4 radius4 position5 velocity5 radius5 position6 velocity6 radius6
0 (-1.79752,-1.75627) (0,0) 0.153781 (2.79844,2.7831) 1.9642 0 (-0.780993,-0.702617) (0,0) 0.193008 (2.86502,2.86856) (0,0) 0.183496 (3.49533,3.3915) (0,0) 0.183745 (-1.14229,-1.22454) (0,0) 0.209591
0.1 (-1.79993,-1.74568) (-0.0240478,0.105882) 0.153781 (2.79844,2.7831) 1.9642 1.79413 (-0.772324,-0.694176) (0.0866893,0.0844122) 0.193008 (2.85275,2.85687) (-0.122732,-0.116965) 0.183496 (3.49569,3.384) (0.00355056,-0.0750313) 0.183745 (-1.12812,-1.23153) (0.141734,-0.0698753) 0.209591
0.2 (-1.79637,-1.71592) (0.0356007,0.297588) 0.153781 (2.79844,2.7831) 1.9642 1.45173 (-0.763656,-0.685734) (0.0866855,0.0844161) 0.193008 (2.84048,2.84517) (-0.122726,-0.116971) 0.183496 (3.48805,3.37685) (-0.0764246,-0.0714495) 0.183745 (-1.11244,-1.22951) (0.156721,0.0202414) 0.209591
0.3 (-1.78223,-1.64437) (0.141394,0.715556) 0.153781 (2.79844,2.7831) 1.9642 1.37571 (-0.754987,-0.677293) (0.0866871,0.0844144) 0.193008 (2.8282,2.83347) (-0.122733,-0.116964) 0.183496 (3.4804,3.36971) (-0.0764237,-0.0714504) 0.183745 (-1.09811,-1.22287) (0.143384,0.0664249) 0.209591
0.4 (-1.73999,-1.55597) (0.422363,0.88398) 0.153781 (2.79844,2.7831) 1.9642 1.12507 (-0.746318,-0.668851) (0.0866858,0.0844158) 0.193008 (2.81593,2.82178) (-0.122731,-0.116966) 0.183496 (3.47276,3.36256) (-0.0764257,-0.0714483) 0.183745 (-1.08522,-1.21372) (0.128864,0.0914623) 0.209591
0.5 (-1.69106,-1.47161) (0.489273,0.843586) 0.153781 (2.79844,2.7831) 1.9642 1.04522 (-0.73765,-0.66041) (0.0866861,0.0844154) 0.193008 (2.80366,2.81008) (-0.122729,-0.116967) 0.183496 (3.46512,3.35542) (-0.0764247,-0.0714494) 0.183745 (-1.07363,-1.20298) (0.115936,0.107378) 0.209591
0.6 (-1.6386,-1.3895) (0.524583,0.821136) 0.153781 (2.79844,2.7831) 1.9642 1.0023 (-0.728981,-0.651968) (0.0866864,0.0844151) 0.193008 (2.79138,2.79838) (-0.122732,-0.116965) 0.183496 (3.45748,3.34827) (-0.0764259,-0.071448) 0.183745 (-1.0626,-1.19166) (0.110255,0.113204) 0.209591
0.7 (-1.58427,-1.30863) (0.54337,0.80872) 0.153781 (2.79844,2.7831) 1.9642 0.979187 (-0.720313,-0.643526) (0.0866841,0.0844175) 0.193008 (2.77911,2.78669) (-0.122731,-0.116965) 0.183496 (3.44983,3.34113) (-0.0764256,-0.0714484) 0.183745 (-1.05157,-1.18034) (0.11026,0.113198) 0.209591
0.8 (-1.52894,-1.22846) (0.553293,0.801629) 0.153781 (2.79844,2.7831) 1.9642 0.966671 (-0.711645,-0.635084) (0.086682,0.0844197) 0.193008 (2.76684,2.77499) (-0.122735,-0.116961) 0.183496 (3.44219,3.33399) (-0.0764282,-0.0714456) 0.183745 (-1.04055,-1.16902) (0.110268,0.113191) 0.209591
0.9 (-1.47309,-1.14871) (0.558523,0.797502) 0.153781 (2.79844,2.7831) 1.9642 0.959841 (-0.702976,-0.626643) (0.0866849,0.0844166) 0.193008 (2.75457,2.76329) (-0.122724,-0.116972) 0.183496 (3.43455,3.32684) (-0.0764249,-0.0714491) 0.183745 (-1.02952,-1.1577) (0.110264,0.113195) 0.209591
1 (-1.41697,-1.06922) (0.56119,0.794922) 0.153781 (2.79844,2.7831) 1.9642 0.956076 (-0.694307,-0.618201) (0.086687,0.0844146) 0.193008 (2.74229,2.7516) (-0.122739,-0.116957) 0.183496 (3.42691,3.3197) (-0.0764257,-0.0714483) 0.183745 (-1.01849,-1.14638) (0.110271,0.113188) 0.209591
1.1 (-1.36072,-0.989899) (0.562486,0.793216) 0.153781 (2.79844,2.7831) 1.9642 0.953975 (-0.685639,-0.60976) (0.0866884,0.0844131) 0.193008 (2.73002,2.7399) (-0.122734,-0.116962) 0.183496 (3.41926,3.31255) (-0.0764218,-0.0714525) 0.183745 (-1.00747,-1.13506) (0.110261,0.113198) 0.209591
1.2 (-1.30442,-0.910713) (0.562946,0.791858) 0.153781 (2.79844,2.7831) 1.9642 0.952781 (-0.67697,-0.601318) (0.0866827,0.0844189) 0.193008 (2.71775,2.72821) (-0.122731,-0.116966) 0.183496 (3.41162,3.30541) (-0.0764234,-0.0714508) 0.183745 (-0.996442,-1.12374) (0.110254,0.113204) 0.209591
1.3 (-1.24813,-0.831639) (0.562973,0.790744) 0.153781 (2.79844,2.7831) 1.9642 0.952093 (-0.668301,-0.592877) (0.0866907,0.0844108) 0.193008 (2.70547,2.71651) (-0.122728,-0.116968) 0.183496 (3.40398,3.29826) (-0.0764259,-0.0714481) 0.183745 (-0.985417,-1.11242) (0.110256,0.113202) 0.209591
1.4 (-1.19184,-0.752653) (0.562833,0.789855) 0.153781 (2.79844,2.7831) 1.9642 0.951679 (-0.659633,-0.584435) (0.0866856,0.0844159) 0.193008 (2.6932,2.70481) (-0.122729,-0.116968) 0.183496 (3.39634,3.29112) (-0.0764303,-0.0714434) 0.183745 (-0.974391,-1.1011) (0.110261,0.113197) 0.209591
1.5 (-1.1356,-0.673768) (0.562426,0.788853) 0.153781 (2.79844,2.7831) 1.9642 0.951421 (-0.650964,-0.575994) (0.0866832,0.0844184) 0.193008 (2.68093,2.69312) (-0.122734,-0.116962) 0.183496 (3.38869,3.28397) (-0.076425,-0.071449) 0.183745 (-0.963364,-1.08978) (0.110264,0.113195) 0.209591
1.6 (-1.0794,-0.594972) (0.561986,0.787958) 0.153781 (2.79844,2.7831) 1.9642 0.951254 (-0.642295,-0.567552) (0.0866905,0.084411) 0.193008 (2.66865,2.68142) (-0.122724,-0.116973) 0.183496 (3.38105,3.27683) (-0.0764238,-0.0714503) 0.183745 (-0.952338,-1.07846) (0.110263,0.113196) 0.209591
1.7 (-1.02326,-0.51627) (0.561469,0.787019) 0.153781 (2.79844,2.7831) 1.9642 0.951126 (-0.633627,-0.559111) (0.0866871,0.0844144) 0.193008 (2.65638,2.66972) (-0.122742,-0.116954) 0.183496 (3.37341,3.26968) (-0.0764274,-0.0714465) 0.183745 (-0.941312,-1.06714) (0.11026,0.113199) 0.209591
1.8 (-0.967168,-0.437668) (0.560877,0.786024) 0.153781 (2.79844,2.7831) 1.9642 0.951026 (-0.624958,-0.550669) (0.0866847,0.0844169) 0.193008 (2.64411,2.65803) (-0.122722,-0.116974) 0.183496 (3.36577,3.26254) (-0.0764197,-0.0714547) 0.183745 (-0.930286,-1.05583) (0.110266,0.113193) 0.209591
1.9 (-0.911142,-0.359168) (0.560254,0.784995) 0.153781 (2.79844,2.7831) 1.9642 0.950933 (-0.616289,-0.542228) (0.0866886,0.0844129) 0.193008 (2.63183,2.64633) (-0.122726,-0.11697) 0.183496 (3.35812,3.25539) (-0.0764288,-0.071445) 0.183745 (-0.91926,-1.04451) (0.110259,0.1132) 0.209591
2 (-0.85516,-0.280774) (0.559825,0.783943) 0.153781 (2.79844,2.7831) 1.9642 0.95066 (-0.607621,-0.533786) (0.0866853,0.0844163) 0.193008 (2.61956,2.63463) (-0.122726,-0.11697) 0.183496 (3.35048,3.24825) (-0.0764239,-0.0714503) 0.183745 (-0.908234,-1.03319) (0.110258,0.113201) 0.209591
2.1 (-0.789764,-0.204992) (0.653957,0.757822) 0.153781 (2.79844,2.7831) 1.9642 0.858836 (-0.599017,-0.525279) (0.0860401,0.0850738) 0.193008 (2.60729,2.62294) (-0.122737,-0.116959) 0.183496 (3.34284,3.2411) (-0.0764273,-0.0714466) 0.183745 (-0.897138,-1.02193) (0.110957,0.112516) 0.209591
2.2 (-0.72135,-0.132316) (0.684143,0.726761) 0.153781 (2.79844,2.7831) 1.9642 0.815595 (-0.590487,-0.516698) (0.0853023,0.0858136) 0.193008 (2.59501,2.61124) (-0.122733,-0.116963) 0.183496 (3.3352,3.23396) (-0.076424,-0.0714502) 0.183745 (-0.885967,-1.01076) (0.111709,0.111769) 0.209591
2.3 (-0.651394,-0.0612438) (0.699558,0.71072) 0.153781 (2.79844,2.7831) 1.9642 0.793312 (-0.582024,-0.508049) (0.0846236,0.0864829) 0.193008 (2.58274,2.59954) (-0.122732,-0.116964) 0.183496 (3.32755,3.22681) (-0.0764257,-0.0714483) 0.183745 (-0.874731,-0.999646) (0.112364,0.11111) 0.209591
2.4 (-0.580656,0.00899372) (0.70738,0.702375) 0.153781 (2.79844,2.7831) 1.9642 0.781849 (-0.573625,-0.499339) (0.0839873,0.087101) 0.193008 (2.57047,2.58785) (-0.122736,-0.11696) 0.183496 (3.31991,3.21967) (-0.0764243,-0.0714498) 0.183745 (-0.863436,-0.988595) (0.112953,0.110512) 0.209591
2.5 (-0.50951,0.078808) (0.71146,0.698143) 0.153781 (2.79844,2.7831) 1.9642 0.775951 (-0.565286,-0.490572) (0.0833908,0.0876722) 0.193008 (2.55819,2.57615) (-0.122733,-0.116964) 0.183496 (3.31227,3.21252) (-0.0764251,-0.071449) 0.183745 (-0.852087,-0.977598) (0.113484,0.109966) 0.209591
2.6 (-0.43817,0.148389) (0.713402,0.695807) 0.153781 (2.79844,2.7831) 1.9642 0.772913 (-0.557003,-0.481752) (0.0828312,0.0882011) 0.193008 (2.54592,2.56445) (-0.122734,-0.116962) 0.183496 (3.30463,3.20538) (-0.0764303,-0.0714433) 0.183745 (-0.84069,-0.966652) (0.113968,0.109465) 0.209591
2.7 (-0.366734,0.217845) (0.714356,0.69456) 0.153781 (2.79844,2.7831) 1.9642 0.771348 (-0.548773,-0.472883) (0.082306,0.0886915) 0.193008 (2.53365,2.55276) (-0.122728,-0.116969) 0.183496 (3.29698,3.19823) (-0.0764276,-0.0714463) 0.183745 (-0.829249,-0.955752) (0.11441,0.109002) 0.209591
2.8 (-0.295256,0.287229) (0.714781,0.693846) 0.153781 (2.79844,2.7831) 1.9642 0.770537 (-0.540591,-0.463968) (0.0818127,0.0891467) 0.193008 (2.52138,2.54106) (-0.122734,-0.116963) 0.183496 (3.28934,3.19109) (-0.0764311,-0.0714425) 0.183745 (-0.817768,-0.944894) (0.114816,0.108575) 0.209591
2.9 (-0.223763,0.356571) (0.714929,0.693414) 0.153781 (2.79844,2.7831) 1.9642 0.770122 (-0.532456,-0.455011) (0.0813495,0.0895696) 0.193008 (2.5091,2.52936) (-0.122727,-0.116969) 0.183496 (3.2817,3.18394) (-0.0764224,-0.0714519) 0.183745 (-0.806249,-0.934076) (0.11519,0.108178) 0.209591
3 (-0.152276,0.425876) (0.714875,0.693058) 0.153781 (2.79844,2.7831) 1.9642 0.769904 (-0.524365,-0.446015) (0.0809144,0.0899628) 0.193008 (2.49683,2.51767) (-0.122728,-0.116968) 0.183496 (3.27405,3.1768) (-0.0764317,-0.0714419) 0.183745 (-0.794695,-0.923295) (0.115535,0.107809) 0.209591
3.1 (-0.0807857,0.495169) (0.714898,0.692924) 0.153781 (2.79844,2.7831) 1.9642 0.769791 (-0.516314,-0.436982) (0.0805059,0.0903285) 0.193008 (2.48456,2.50597) (-0.122724,-0.116973) 0.183496 (3.26641,3.16965) (-0.0764272,-0.0714467) 0.183745 (-0.78311,-0.912549) (0.115855,0.107465) 0.209591
3.2 (-0.00931009,0.564439) (0.714756,0.692702) 0.153781 (2.79844,2.7831) 1.9642 0.76973 (-0.508302,-0.427915) (0.0801225,0.0906688) 0.193008 (2.47228,2.49427) (-0.122726,-0.116971) 0.183496 (3.25877,3.16251) (-0.0764309,-0.0714427) 0.183745 (-0.771495,-0.901834) (0.116151,0.107145) 0.209591
3.3 (0.0621411,0.633681) (0.714512,0.692424) 0.153781 (2.79844,2.7831) 1.9642 0.7697 (-0.500326,-0.418817) (0.0797626,0.0909856) 0.193008 (2.46001,2.48258) (-0.122737,-0.116959) 0.183496 (3.25113,3.15537) (-0.0764292,-0.0714446) 0.183745 (-0.759852,-0.89115) (0.116426,0.106847) 0.209591
3.4 (0.133574,0.702905) (0.714329,0.692236) 0.153781 (2.79844,2.7831) 1.9642 0.769693 (-0.492383,-0.409689) (0.0794251,0.0912803) 0.193008 (2.44774,2.47088) (-0.122734,-0.116963) 0.183496 (3.24348,3.14822) (-0.0764222,-0.071452) 0.183745 (-0.748184,-0.880493) (0.116681,0.106568) 0.209591
3.5 (0.204982,0.772104) (0.714079,0.691986) 0.153781 (2.79844,2.7831) 1.9642 0.769687 (-0.484472,-0.400533) (0.0791088,0.0915546) 0.193008 (2.43546,2.45918) (-0.122735,-0.116961) 0.183496 (3.23584,3.14108) (-0.0764276,-0.0714463) 0.183745 (-0.736492,-0.869862) (0.116918,0.106308) 0.209591
3.6 (0.276367,0.84128) (0.713852,0.691763) 0.153781 (2.79844,2.7831) 1.9642 0.769685 (-0.476591,-0.391352) (0.0788126,0.0918097) 0.193008 (2.42319,2.44749) (-0.122736,-0.11696) 0.183496 (3.2282,3.13393) (-0.0764209,-0.0714534) 0.183745 (-0.724778,-0.859256) (0.117139,0.106064) 0.209591
3.7 (0.347732,0.910436) (0.713645,0.691562) 0.153781 (2.79844,2.7831) 1.9642 0.769685 (-0.468738,-0.382148) (0.0785353,0.092047) 0.193008 (2.41092,2.43579) (-0.122729,-0.116968) 0.183496 (3.22056,3.12679) (-0.0764263,-0.0714476) 0.183745 (-0.713044,-0.848672) (0.117344,0.105837) 0.209591
3.8 (0.419061,0.979558) (0.713294,0.691215) 0.153781 (2.79844,2.7831) 1.9642 0.769679 (-0.46091,-0.372921) (0.0782762,0.0922675) 0.193008 (2.39864,2.4241) (-0.122731,-0.116966) 0.183496 (3.21291,3.11964) (-0.0764262,-0.0714478) 0.183745 (-0.70129,-0.838109) (0.117535,0.105626) 0.209591
3.9 (0.490358,1.04865) (0.712967,0.690896) 0.153781 (2.79844,2.7831) 1.9642 0.769678 (-0.453107,-0.363674) (0.0780341,0.0924723) 0.193008 (2.38637,2.4124) (-0.122732,-0.116965) 0.183496 (3.20527,3.1125) (-0.0764226,-0.0714517) 0.183745 (-0.689519,-0.827567) (0.117712,0.105428) 0.209591
4 (0.561619,1.1177) (0.712612,0.690553) 0.153781 (2.79844,2.7831) 1.9642 0.769679 (-0.445326,-0.354407) (0.0778084,0.0926623) 0.193008 (2.3741,2.4007) (-0.122732,-0.116965) 0.183496 (3.19763,3.10535) (-0.0764248,-0.0714493) 0.183745 (-0.677732,-0.817042) (0.117877,0.105244) 0.209591
4.1 (0.632845,1.18672) (0.71226,0.690213) 0.153781 (2.79844,2.7831) 1.9642 0.769679 (-0.437566,-0.345123) (0.0775981,0.0928385) 0.193008 (2.36183,2.38901) (-0.12273,-0.116966) 0.183496 (3.18999,3.09821) (-0.0764281,-0.0714458) 0.183745 (-0.665929,-0.806535) (0.11803,0.105072) 0.209591
4.2 (0.704023,1.2557) (0.711781,0.689749) 0.153781 (2.79844,2.7831) 1.9642 0.769679 (-0.429826,-0.335823) (0.0774026,0.0930015) 0.193008 (2.34955,2.37731) (-0.122731,-0.116965) 0.183496 (3.18234,3.09106) (-0.0764271,-0.0714468) 0.183745 (-0.654111,-0.796044) (0.118172,0.104913) 0.209591
4.3 (0.775149,1.32462) (0.711265,0.68925) 0.153781 (2.79844,2.7831) 1.9642 0.76968 (-0.422104,-0.326508) (0.0772211,0.0931523) 0.193008 (2.33728,2.36561) (-0.122731,-0.116965) 0.183496 (3.1747,3.08392) (-0.0764218,-0.0714524) 0.183745 (-0.642281,-0.785567) (0.118303,0.104764) 0.209591
4.4 (0.846218,1.39349) (0.710685,0.688689) 0.153781 (2.79844,2.7831) 1.9642 0.769681 (-0.414398,-0.317179) (0.0770529,0.0932915) 0.193008 (2.32501,2.35392) (-0.122731,-0.116965) 0.183496 (3.16706,3.07677) (-0.076419,-0.0714555) 0.183745 (-0.630439,-0.775105) (0.118425,0.104627) 0.209591
4.5 (0.917228,1.46231) (0.710101,0.688125) 0.153781 (2.79844,2.7831) 1.9642 0.769682 (-0.406709,-0.307837) (0.0768974,0.0934197) 0.193008 (2.31273,2.34222) (-0.122731,-0.116965) 0.183496 (3.15942,3.06963) (-0.0764248,-0.0714493) 0.183745 (-0.618585,-0.764655) (0.118537,0.1045) 0.209591
4.6 (0.988165,1.53105) (0.709367,0.687414) 0.153781 (2.79844,2.7831) 1.9642 0.769683 (-0.399033,-0.298483) (0.076754,0.0935375) 0.193008 (2.30046,2.33052) (-0.12273,-0.116966) 0.183496 (3.15177,3.06248) (-0.0764251,-0.071449) 0.183745 (-0.606721,-0.754216) (0.11864,0.104382) 0.209591
4.7 (1.05902,1.59971) (0.708574,0.686647) 0.153781 (2.79844,2.7831) 1.9642 0.769684 (-0.391371,-0.289119) (0.0766222,0.0936456) 0.193008 (2.28819,2.31883) (-0.122731,-0.116966) 0.183496 (3.14413,3.05534) (-0.0764259,-0.0714481) 0.183745 (-0.594848,-0.743789) (0.118735,0.104274) 0.209591
4.8 (1.12979,1.66829) (0.707653,0.685757) 0.153781 (2.79844,2.7831) 1.9642 0.769685 (-0.383721,-0.279744) (0.0765013,0.0937443) 0.193008 (2.27591,2.30713) (-0.122731,-0.116966) 0.183496 (3.13649,3.04819) (-0.0764229,-0.0714513) 0.183745 (-0.582965,-0.733372) (0.118823,0.104175) 0.209591
4.9 (1.20045,1.73676) (0.706587,0.684726) 0.153781 (2.79844,2.7831) 1.9642 0.769687 (-0.376082,-0.270361) (0.0763909,0.0938343) 0.193008 (2.26364,2.29543) (-0.122731,-0.116966) 0.183496 (3.12885,3.04105) (-0.0764277,-0.0714462) 0.183745 (-0.571075,-0.722963) (0.118902,0.104084) 0.209591
5 (1.27099,1.80512) (0.705398,0.683577) 0.153781 (2.79844,2.7831) 1.9642 0.769689 (-0.368453,-0.260969) (0.0762904,0.093916) 0.193008 (2.25137,2.28374) (-0.122731,-0.116966) 0.183496 (3.1212,3.0339) (-0.0764278,-0.0714461) 0.183745 (-0.559178,-0.712563) (0.118975,0.104001) 0.209591
5.1 (1.34138,1.87333) (0.703935,0.682162) 0.153781 (2.79844,2.7831) 1.9642 0.769692 (-0.360833,-0.25157) (0.0761995,0.0939898) 0.193008 (2.23909,2.27204) (-0.122729,-0.116968) 0.183496 (3.11356,3.02676) (-0.076431,-0.0714426) 0.183745 (-0.547273,-0.702171) (0.119041,0.103926) 0.209591
5.2 (1.41161,1.94139) (0.70233,0.680609) 0.153781 (2.79844,2.7831) 1.9642 0.769693 (-0.353221,-0.242165) (0.0761176,0.0940561) 0.193008 (2.22682,2.26034) (-0.122728,-0.116968) 0.183496 (3.10592,3.01961) (-0.0764257,-0.0714483) 0.183745 (-0.535363,-0.691785) (0.1191,0.103858) 0.209591
5.3 (1.48164,2.00926) (0.700311,0.678655) 0.153781 (2.79844,2.7831) 1.9642 0.769695 (-0.345617,-0.232753) (0.0760445,0.0941153) 0.193008 (2.21455,2.24865) (-0.122729,-0.116967) 0.183496 (3.09828,3.01247) (-0.0764303,-0.0714434) 0.183745 (-0.523448,-0.681405) (0.119153,0.103797) 0.209591
5.4 (1.55144,2.0769) (0.698003,0.676423) 0.153781 (2.79844,2.7831) 1.9642 0.769699 (-0.338019,-0.223336) (0.0759795,0.0941677) 0.193008 (2.20228,2.23695) (-0.122729,-0.116967) 0.183496 (3.09063,3.00532) (-0.0764276,-0.0714463) 0.183745 (-0.511528,-0.671031) (0.1192,0.103743) 0.209591
5.5 (1.62097,2.14428) (0.695224,0.673737) 0.153781 (2.79844,2.7831) 1.9642 0.769704 (-0.330426,-0.213915) (0.0759224,0.0942138) 0.193008 (2.19,2.22525) (-0.122729,-0.116967) 0.183496 (3.08299,2.99818) (-0.0764243,-0.0714498) 0.183745 (-0.499604,-0.660661) (0.119241,0.103695) 0.209591
5.6 (1.69015,2.21132) (0.69182,0.670446) 0.153781 (2.79844,2.7831) 1.9642 0.76971 (-0.322839,-0.20449) (0.0758729,0.0942537) 0.193008 (2.17773,2.21356) (-0.122729,-0.116967) 0.183496 (3.07535,2.99103) (-0.0764209,-0.0714534) 0.183745 (-0.487676,-0.650296) (0.119277,0.103654) 0.209591
5.7 (1.75892,2.27797) (0.687679,0.666443) 0.153781 (2.79844,2.7831) 1.9642 0.769717 (-0.315256,-0.195061) (0.0758305,0.0942878) 0.193008 (2.16546,2.20186) (-0.12273,-0.116967) 0.183496 (3.0677,2.98389) (-0.076429,-0.0714448) 0.183745 (-0.475746,-0.639934) (0.119308,0.103618) 0.209591
5.8 (1.82717,2.34411) (0.68254,0.661476) 0.153781 (2.79844,2.7831) 1.9642 0.769727 (-0.307677,-0.185629) (0.075795,0.0943163) 0.193008 (2.15318,2.19016) (-0.122729,-0.116967) 0.183496 (3.06006,2.97674) (-0.0764304,-0.0714433) 0.183745 (-0.463812,-0.629575) (0.119334,0.103588) 0.209591
5.9 (1.89478,2.40964) (0.67608,0.655231) 0.153781 (2.79844,2.7831) 1.9642 0.769738 (-0.3001,-0.176195) (0.075766,0.0943396) 0.193008 (2.14091,2.17847) (-0.12273,-0.116967) 0.183496 (3.05242,2.9696) (-0.0764258,-0.0714482) 0.183745 (-0.451877,-0.619219) (0.119356,0.103564) 0.209591
6 (1.96007,2.47292) (0.652897,0.632822) 0.153781 (2.79844,2.7831) 1.9642 0.769786 (-0.292526,-0.166759) (0.0757433,0.0943579) 0.193008 (2.12864,2.16677) (-0.122728,-0.116968) 0.183496 (3.04478,2.96246) (-0.0764265,-0.0714474) 0.183745 (-0.439939,-0.608864) (0.119372,0.103544) 0.209591
6.1 (2.02191,2.52945) (0.618417,0.565356) 0.153781 (2.79844,2.7831) 1.9642 0.740604 (-0.284953,-0.157322) (0.0757265,0.0943713) 0.193008 (2.11637,2.15507) (-0.122735,-0.116961) 0.183496 (3.03713,2.95531) (-0.0764212,-0.0714531) 0.183745 (-0.428001,-0.598511) (0.119385,0.10353) 0.209591
6.2 (2.07847,2.57941) (0.565652,0.49959) 0.153781 (2.79844,2.7831) 1.9642 0.723462 (-0.277381,-0.147884) (0.0757154,0.0943802) 0.193008 (2.10409,2.14338) (-0.122733,-0.116963) 0.183496 (3.02949,2.94816) (-0.0764216,-0.0714527) 0.183745 (-0.416062,-0.588159) (0.119393,0.103521) 0.209591
6.3 (2.12989,2.62385) (0.514149,0.444413) 0.153781 (2.79844,2.7831) 1.9642 0.712776 (-0.26981,-0.138446) (0.0757097,0.0943848) 0.193008 (2.09182,2.13168) (-0.122729,-0.116967) 0.183496 (3.02185,2.94102) (-0.0764228,-0.0714514) 0.183745 (-0.404122,-0.577808) (0.119397,0.103516) 0.209591
6.4 (2.17646,2.66356) (0.465697,0.397017) 0.153781 (2.79844,2.7831) 1.9642 0.705956 (-0.26224,-0.129007) (0.0757088,0.0943855) 0.193008 (2.07955,2.11998) (-0.122731,-0.116966) 0.183496 (3.01421,2.93387) (-0.0764301,-0.0714436) 0.183745 (-0.392182,-0.567456) (0.119398,0.103515) 0.209591
6.5 (2.21855,2.69911) (0.420869,0.355532) 0.153781 (2.79844,2.7831) 1.9642 0.701441 (-0.254669,-0.119569) (0.0757088,0.0943855) 0.193008 (2.06727,2.10829) (-0.122724,-0.116973) 0.183496 (3.00656,2.92673) (-0.0764289,-0.0714449) 0.183745 (-0.380242,-0.557105) (0.119398,0.103515) 0.209591
6.6 (2.25653,2.73099) (0.379871,0.318834) 0.153781 (2.79844,2.7831) 1.9642 0.698263 (-0.247098,-0.11013) (0.0757088,0.0943855) 0.193008 (2.055,2.09659) (-0.122729,-0.116967) 0.183496 (2.99892,2.91959) (-0.0764275,-0.0714463) 0.183745 (-0.368303,-0.546753) (0.119398,0.103515) 0.209591
6.7 (2.29079,2.75961) (0.342613,0.28615) 0.153781 (2.79844,2.7831) 1.9642 0.69584 (-0.239527,-0.100692) (0.0757088,0.0943855) 0.193008 (2.04273,2.08489) (-0.122731,-0.116966) 0.183496 (2.99128,2.91244) (-0.0764287,-0.0714451) 0.183745 (-0.356363,-0.536402) (0.119398,0.103515) 0.209591
6.8 (2.3217,2.78531) (0.309019,0.257039) 0.153781 (2.79844,2.7831) 1.9642 0.693827 (-0.231956,-0.0912531) (0.0757088,0.0943855) 0.193008 (2.03045,2.0732) (-0.122742,-0.116954) 0.183496 (2.98364,2.9053) (-0.0764293,-0.0714445) 0.183745 (-0.344423,-0.52605) (0.119398,0.103515) 0.209591
6.9 (2.34955,2.80839) (0.278497,0.230786) 0.153781 (2.79844,2.7831) 1.9642 0.691989 (-0.224385,-0.0818145) (0.0757088,0.0943855) 0.193008 (2.01818,2.0615) (-0.122728,-0.116968) 0.183496 (2.97599,2.89815) (-0.0764256,-0.0714484) 0.183745 (-0.332483,-0.515699) (0.119398,0.103515) 0.209591
7 (2.37465,2.82911) (0.251009,0.207244) 0.153781 (2.79844,2.7831) 1.9642 0.690182 (-0.216814,-0.072376) (0.0757088,0.0943855) 0.193008 (2.00591,2.0498) (-0.12273,-0.116966) 0.183496 (2.96835,2.89101) (-0.0764287,-0.0714451) 0.183745 (-0.320543,-0.505347) (0.119398,0.103515) 0.209591
7.1 (2.39728,2.84773) (0.226311,0.186152) 0.153781 (2.79844,2.7831) 1.9642 0.68834 (-0.209243,-0.0629374) (0.0757088,0.0943855) 0.193008 (1.99363,2.03811) (-0.122737,-0.116959) 0.183496 (2.96071,2.88386) (-0.0764199,-0.0714545) 0.183745 (-0.308604,-0.494996) (0.119398,0.103515) 0.209591
