[]
timestamp position0 velocity0 radius0 goal pref_speed theta position1 velocity1 radius1 position2 velocity2 radius2 position3 velocity3 radius3 position4 velocity4 radius4 position5 velocity5 radius5 position6 velocity6 radius6
0 (-1.5822,-1.55587) (0,0) 0.193799 (2.79844,2.7831) 1.77775 0 (-0.79386,-0.999218) (0,0) 0.167175 (2.73087,2.66204) (0,0) 0.193757 (3.33927,3.34319) (0,0) 0.181381 (-1.02094,-1.01712) (0,0) 0.167627
0.1 (-1.58028,-1.55186) (0.019215,0.0401366) 0.193799 (2.79844,2.7831) 1.77775 1.1243 (-0.76878,-0.997241) (0.250796,0.0197756) 0.167175 (2.71952,2.65143) (-0.113452,-0.106143) 0.193757 (3.3299,3.34435) (-0.0937113,0.0115448) 0.181381 (-1.04631,-1.01912) (-0.253698,-0.0200044) 0.167627
0.2 (-1.56261,-1.54226) (0.176677,0.0960281) 0.193799 (2.79844,2.7831) 1.77775 0.497858 (-0.7437,-0.995263) (0.250796,0.0197756) 0.167175 (2.70818,2.64082) (-0.113457,-0.106138) 0.193757 (3.31087,3.3384) (-0.190275,-0.0595188) 0.181381 (-1.07168,-1.02112) (-0.253698,-0.0200044) 0.167627
0.3 (-1.53687,-1.52975) (0.257445,0.125061) 0.193799 (2.79844,2.7831) 1.77775 0.452205 (-0.726494,-0.97691) (0.172069,0.183527) 0.167175 (2.69683,2.6302) (-0.113447,-0.106148) 0.193757 (3.29558,3.3256) (-0.152874,-0.127971) 0.181381 (-1.0767,-0.996177) (-0.050254,0.249474) 0.167627
0.4 (-1.49317,-1.51917) (0.437016,0.10586) 0.193799 (2.79844,2.7831) 1.77775 0.237655 (-0.709288,-0.958557) (0.17206,0.183534) 0.167175 (2.68549,2.61959) (-0.113447,-0.106149) 0.193757 (3.28123,3.31176) (-0.143556,-0.138343) 0.181381 (-1.06996,-0.971638) (0.0674278,0.24539) 0.167627
0.5 (-1.41251,-1.49258) (0.80654,0.265902) 0.193799 (2.79844,2.7831) 1.77775 0.318461 (-0.692082,-0.940203) (0.172057,0.183537) 0.167175 (2.67414,2.60897) (-0.113442,-0.106154) 0.193757 (3.26687,3.29793) (-0.143552,-0.138347) 0.181381 (-1.05767,-0.949353) (0.122875,0.222855) 0.167627
0.6 (-1.33211,-1.46223) (0.804022,0.303471) 0.193799 (2.79844,2.7831) 1.77775 0.360909 (-0.674877,-0.921849) (0.172053,0.183541) 0.167175 (2.6628,2.59836) (-0.11345,-0.106146) 0.193757 (3.25252,3.2841) (-0.143554,-0.138345) 0.181381 (-1.04272,-0.928762) (0.149557,0.205902) 0.167627
0.7 (-1.25231,-1.42996) (0.79799,0.322652) 0.193799 (2.79844,2.7831) 1.77775 0.384234 (-0.657672,-0.903494) (0.172047,0.183547) 0.167175 (2.65145,2.58774) (-0.113448,-0.106147) 0.193757 (3.23816,3.27026) (-0.143547,-0.138353) 0.181381 (-1.02639,-0.909242) (0.163274,0.195204) 0.167627
0.8 (-1.17297,-1.39669) (0.793394,0.332776) 0.193799 (2.79844,2.7831) 1.77775 0.397146 (-0.640466,-0.885141) (0.17206,0.183535) 0.167175 (2.64011,2.57713) (-0.113456,-0.106138) 0.193757 (3.22381,3.25643) (-0.143557,-0.138342) 0.181381 (-1.00933,-0.890362) (0.170636,0.188802) 0.167627
0.9 (-1.09402,-1.36289) (0.789529,0.337982) 0.193799 (2.79844,2.7831) 1.77775 0.404477 (-0.62326,-0.866787) (0.172057,0.183538) 0.167175 (2.62876,2.56651) (-0.113451,-0.106145) 0.193757 (3.20945,3.24259) (-0.143554,-0.138345) 0.181381 (-0.991865,-0.871849) (0.174613,0.18513) 0.167627
1 (-1.01542,-1.32884) (0.785945,0.340495) 0.193799 (2.79844,2.7831) 1.77775 0.40882 (-0.606053,-0.848435) (0.172076,0.18352) 0.167175 (2.61742,2.5559) (-0.113448,-0.106148) 0.193757 (3.19509,3.22876) (-0.143558,-0.138341) 0.181381 (-0.974195,-0.853535) (0.1767,0.183139) 0.167627
1.1 (-0.93717,-1.29469) (0.78254,0.341525) 0.193799 (2.79844,2.7831) 1.77775 0.411513 (-0.588845,-0.830083) (0.172072,0.183523) 0.167175 (2.60607,2.54528) (-0.113448,-0.106148) 0.193757 (3.18074,3.21492) (-0.143557,-0.138342) 0.181381 (-0.95642,-0.835323) (0.17775,0.18212) 0.167627
1.2 (-0.859238,-1.26051) (0.779315,0.341777) 0.193799 (2.79844,2.7831) 1.77775 0.4133 (-0.571639,-0.81173) (0.172069,0.183527) 0.167175 (2.59473,2.53467) (-0.113449,-0.106147) 0.193757 (3.16638,3.20109) (-0.143559,-0.13834) 0.181381 (-0.938598,-0.817158) (0.178228,0.181653) 0.167627
1.3 (-0.781645,-1.22636) (0.775929,0.341526) 0.193799 (2.79844,2.7831) 1.77775 0.414634 (-0.554432,-0.793377) (0.172068,0.183527) 0.167175 (2.58338,2.52405) (-0.11345,-0.106146) 0.193757 (3.15203,3.18726) (-0.143558,-0.138341) 0.181381 (-0.920757,-0.79901) (0.178404,0.181479) 0.167627
1.4 (-0.704396,-1.19226) (0.772489,0.341002) 0.193799 (2.79844,2.7831) 1.77775 0.415707 (-0.537226,-0.775023) (0.172054,0.18354) 0.167175 (2.57204,2.51344) (-0.113454,-0.106141) 0.193757 (3.13767,3.17342) (-0.143558,-0.138341) 0.181381 (-0.902914,-0.780864) (0.178427,0.181457) 0.167627
1.5 (-0.627497,-1.15822) (0.76899,0.340327) 0.193799 (2.79844,2.7831) 1.77775 0.416652 (-0.520015,-0.756675) (0.172115,0.183483) 0.167175 (2.56069,2.50283) (-0.113447,-0.106149) 0.193757 (3.12331,3.15959) (-0.14356,-0.138339) 0.181381 (-0.885078,-0.762712) (0.178366,0.181517) 0.167627
1.6 (-0.550967,-1.12428) (0.765308,0.339469) 0.193799 (2.79844,2.7831) 1.77775 0.417495 (-0.502797,-0.738333) (0.17218,0.183422) 0.167175 (2.54935,2.49221) (-0.113447,-0.106148) 0.193757 (3.10896,3.14575) (-0.143552,-0.138347) 0.181381 (-0.867248,-0.744554) (0.178301,0.18158) 0.167627
1.7 (-0.474811,-1.09043) (0.761553,0.338505) 0.193799 (2.79844,2.7831) 1.77775 0.418265 (-0.485575,-0.719994) (0.172219,0.183385) 0.167175 (2.53801,2.4816) (-0.113444,-0.106151) 0.193757 (3.0946,3.13192) (-0.143566,-0.138333) 0.181381 (-0.849424,-0.72639) (0.178238,0.181642) 0.167627
1.8 (-0.399054,-1.05668) (0.757572,0.337437) 0.193799 (2.79844,2.7831) 1.77775 0.419038 (-0.46835,-0.701658) (0.172243,0.183363) 0.167175 (2.52666,2.47098) (-0.113441,-0.106155) 0.193757 (3.08025,3.11809) (-0.143554,-0.138345) 0.181381 (-0.831608,-0.708219) (0.178164,0.181715) 0.167627
1.9 (-0.323696,-1.02305) (0.753577,0.336298) 0.193799 (2.79844,2.7831) 1.77775 0.419746 (-0.451126,-0.683322) (0.172241,0.183364) 0.167175 (2.51532,2.46037) (-0.113455,-0.10614) 0.193757 (3.06589,3.10425) (-0.143554,-0.138345) 0.181381 (-0.8138,-0.690039) (0.178078,0.181799) 0.167627
2 (-0.243228,-0.98012) (0.804679,0.429318) 0.193799 (2.79844,2.7831) 1.77775 0.490108 (-0.433892,-0.664995) (0.172345,0.183267) 0.167175 (2.50397,2.44975) (-0.113448,-0.106148) 0.193757 (3.05154,3.09042) (-0.143553,-0.138346) 0.181381 (-0.796002,-0.671849) (0.177974,0.181901) 0.167627
2.1 (-0.163304,-0.920883) (0.799247,0.592367) 0.193799 (2.79844,2.7831) 1.77775 0.637818 (-0.416651,-0.646674) (0.172403,0.183212) 0.167175 (2.49263,2.43914) (-0.113443,-0.106153) 0.193757 (3.03718,3.07658) (-0.143556,-0.138343) 0.181381 (-0.778211,-0.653653) (0.177916,0.181958) 0.167627
2.2 (-0.0888024,-0.854223) (0.745013,0.666602) 0.193799 (2.79844,2.7831) 1.77775 0.729908 (-0.399405,-0.628358) (0.17246,0.183159) 0.167175 (2.48128,2.42852) (-0.113442,-0.106154) 0.193757 (3.02283,3.06275) (-0.143548,-0.138351) 0.181381 (-0.760425,-0.635452) (0.177859,0.182013) 0.167627
2.3 (-0.0176712,-0.784362) (0.711312,0.698606) 0.193799 (2.79844,2.7831) 1.77775 0.776387 (-0.382154,-0.610047) (0.172515,0.183107) 0.167175 (2.46994,2.41791) (-0.113443,-0.106153) 0.193757 (3.00847,3.04891) (-0.143564,-0.138335) 0.181381 (-0.742644,-0.617245) (0.177804,0.182068) 0.167627
2.4 (0.0517118,-0.712872) (0.69383,0.714906) 0.193799 (2.79844,2.7831) 1.77775 0.800358 (-0.364897,-0.591742) (0.17257,0.183055) 0.167175 (2.45859,2.40729) (-0.113444,-0.106152) 0.193757 (2.99411,3.03508) (-0.143563,-0.138336) 0.181381 (-0.724869,-0.599033) (0.177749,0.182121) 0.167627
2.5 (0.12019,-0.640548) (0.684779,0.72324) 0.193799 (2.79844,2.7831) 1.77775 0.812707 (-0.347635,-0.573441) (0.172623,0.183005) 0.167175 (2.44725,2.39668) (-0.113452,-0.106144) 0.193757 (2.97976,3.02125) (-0.143558,-0.138341) 0.181381 (-0.7071,-0.580815) (0.177696,0.182173) 0.167627
2.6 (0.188195,-0.567801) (0.68005,0.72747) 0.193799 (2.79844,2.7831) 1.77775 0.819076 (-0.330367,-0.555146) (0.172675,0.182956) 0.167175 (2.4359,2.38606) (-0.113446,-0.10615) 0.193757 (2.9654,3.00741) (-0.143555,-0.138344) 0.181381 (-0.689335,-0.562593) (0.177644,0.182224) 0.167627
2.7 (0.255947,-0.494846) (0.677522,0.72955) 0.193799 (2.79844,2.7831) 1.77775 0.822357 (-0.313095,-0.536855) (0.172726,0.182908) 0.167175 (2.42456,2.37545) (-0.113446,-0.10615) 0.193757 (2.95105,2.99358) (-0.143553,-0.138346) 0.181381 (-0.671576,-0.544366) (0.177593,0.182273) 0.167627
2.8 (0.323567,-0.421786) (0.676196,0.730599) 0.193799 (2.79844,2.7831) 1.77775 0.824051 (-0.295817,-0.518569) (0.172776,0.182861) 0.167175 (2.41321,2.36483) (-0.113445,-0.10615) 0.193757 (2.93669,2.97974) (-0.143554,-0.138345) 0.181381 (-0.653822,-0.526134) (0.177543,0.182322) 0.167627
2.9 (0.391111,-0.348678) (0.675448,0.731075) 0.193799 (2.79844,2.7831) 1.77775 0.824927 (-0.278534,-0.500287) (0.172825,0.182815) 0.167175 (2.40187,2.35422) (-0.11345,-0.106145) 0.193757 (2.92234,2.96591) (-0.143563,-0.138336) 0.181381 (-0.636072,-0.507897) (0.177494,0.18237) 0.167627
3 (0.458607,-0.275557) (0.674956,0.731214) 0.193799 (2.79844,2.7831) 1.77775 0.825385 (-0.261247,-0.48201) (0.172873,0.182769) 0.167175 (2.39053,2.3436) (-0.113448,-0.106148) 0.193757 (2.90798,2.95208) (-0.143569,-0.138329) 0.181381 (-0.618328,-0.489655) (0.177446,0.182416) 0.167627
3.1 (0.526068,-0.202439) (0.674606,0.731182) 0.193799 (2.79844,2.7831) 1.77775 0.825622 (-0.243955,-0.463738) (0.17292,0.182725) 0.167175 (2.37918,2.33299) (-0.113446,-0.10615) 0.193757 (2.89362,2.93824) (-0.143554,-0.138345) 0.181381 (-0.600588,-0.471409) (0.177399,0.182462) 0.167627
3.2 (0.593501,-0.129332) (0.674335,0.731069) 0.193799 (2.79844,2.7831) 1.77775 0.825745 (-0.226659,-0.44547) (0.172965,0.182682) 0.167175 (2.36784,2.32237) (-0.113447,-0.106149) 0.193757 (2.87927,2.92441) (-0.143559,-0.13834) 0.181381 (-0.582853,-0.453158) (0.177353,0.182506) 0.167627
3.3 (0.66091,-0.0562422) (0.674086,0.730895) 0.193799 (2.79844,2.7831) 1.77775 0.825811 (-0.209358,-0.427206) (0.17301,0.182639) 0.167175 (2.35649,2.31176) (-0.113449,-0.106146) 0.193757 (2.86491,2.91057) (-0.143561,-0.138337) 0.181381 (-0.565122,-0.434903) (0.177308,0.18255) 0.167627
3.4 (0.728298,0.0168304) (0.673879,0.730726) 0.193799 (2.79844,2.7831) 1.77775 0.825848 (-0.192052,-0.408946) (0.173054,0.182598) 0.167175 (2.34515,2.30114) (-0.113446,-0.10615) 0.193757 (2.85055,2.89674) (-0.143559,-0.13834) 0.181381 (-0.547395,-0.416644) (0.177264,0.182593) 0.167627
3.5 (0.795669,0.0898879) (0.673716,0.730575) 0.193799 (2.79844,2.7831) 1.77775 0.825866 (-0.174742,-0.39069) (0.173097,0.182557) 0.167175 (2.3338,2.29053) (-0.113444,-0.106152) 0.193757 (2.8362,2.8829) (-0.143552,-0.138347) 0.181381 (-0.529673,-0.39838) (0.177221,0.182635) 0.167627
3.6 (0.863012,0.162916) (0.673431,0.730281) 0.193799 (2.79844,2.7831) 1.77775 0.825876 (-0.157429,-0.372438) (0.173139,0.182517) 0.167175 (2.32246,2.27991) (-0.113447,-0.106149) 0.193757 (2.82184,2.86907) (-0.143556,-0.138343) 0.181381 (-0.511955,-0.380113) (0.177179,0.182675) 0.167627
3.7 (0.93033,0.235918) (0.673175,0.730017) 0.193799 (2.79844,2.7831) 1.77775 0.825886 (-0.14011,-0.354191) (0.173181,0.182478) 0.167175 (2.31111,2.2693) (-0.113449,-0.106146) 0.193757 (2.80749,2.85524) (-0.143559,-0.13834) 0.181381 (-0.494242,-0.361841) (0.177138,0.182715) 0.167627
3.8 (0.99762,0.308892) (0.672908,0.72974) 0.193799 (2.79844,2.7831) 1.77775 0.825894 (-0.122788,-0.335947) (0.173221,0.182439) 0.167175 (2.29977,2.25868) (-0.113446,-0.10615) 0.193757 (2.79313,2.8414) (-0.143565,-0.138334) 0.181381 (-0.476532,-0.343566) (0.177098,0.182755) 0.167627
3.9 (1.06488,0.381836) (0.672625,0.72944) 0.193799 (2.79844,2.7831) 1.77775 0.825898 (-0.105462,-0.317707) (0.17326,0.182402) 0.167175 (2.28842,2.24807) (-0.113446,-0.10615) 0.193757 (2.77877,2.82757) (-0.14357,-0.138329) 0.181381 (-0.458826,-0.325286) (0.177058,0.182793) 0.167627
4 (1.13211,0.454745) (0.6723,0.729094) 0.193799 (2.79844,2.7831) 1.77775 0.825903 (-0.0881324,-0.29947) (0.173299,0.182365) 0.167175 (2.27708,2.23745) (-0.113446,-0.10615) 0.193757 (2.76442,2.81374) (-0.143569,-0.13833) 0.181381 (-0.441124,-0.307003) (0.17702,0.18283) 0.167627
4.1 (1.1993,0.527606) (0.671845,0.72861) 0.193799 (2.79844,2.7831) 1.77775 0.82591 (-0.0707988,-0.281237) (0.173337,0.182329) 0.167175 (2.26573,2.22684) (-0.113453,-0.106142) 0.193757 (2.75006,2.7999) (-0.143565,-0.138334) 0.181381 (-0.423426,-0.288717) (0.176982,0.182867) 0.167627
4.2 (1.26645,0.600432) (0.67151,0.728262) 0.193799 (2.79844,2.7831) 1.77775 0.82592 (-0.0534614,-0.263008) (0.173374,0.182294) 0.167175 (2.25439,2.21622) (-0.113449,-0.106146) 0.193757 (2.73571,2.78607) (-0.143561,-0.138338) 0.181381 (-0.405731,-0.270427) (0.176945,0.182903) 0.167627
4.3 (1.33355,0.673203) (0.670983,0.727703) 0.193799 (2.79844,2.7831) 1.77775 0.825928 (-0.0361204,-0.244782) (0.17341,0.18226) 0.167175 (2.24304,2.20561) (-0.113449,-0.106146) 0.193757 (2.72135,2.77224) (-0.143557,-0.138342) 0.181381 (-0.38804,-0.252133) (0.176908,0.182938) 0.167627
4.4 (1.40059,0.745914) (0.670427,0.727111) 0.193799 (2.79844,2.7831) 1.77775 0.825936 (-0.0187758,-0.226559) (0.173446,0.182226) 0.167175 (2.2317,2.19499) (-0.113449,-0.106146) 0.193757 (2.70699,2.7584) (-0.143561,-0.138338) 0.181381 (-0.370353,-0.233836) (0.176873,0.182972) 0.167627
4.5 (1.46758,0.818569) (0.669905,0.726557) 0.193799 (2.79844,2.7831) 1.77775 0.825944 (-0.00142778,-0.20834) (0.17348,0.182193) 0.167175 (2.22035,2.18438) (-0.11345,-0.106145) 0.193757 (2.69264,2.74457) (-0.143566,-0.138332) 0.181381 (-0.352669,-0.215535) (0.176838,0.183006) 0.167627
4.6 (1.53451,0.891159) (0.669279,0.725892) 0.193799 (2.79844,2.7831) 1.77775 0.825954 (0.0159236,-0.190124) (0.173514,0.182161) 0.167175 (2.20901,2.17377) (-0.11345,-0.106146) 0.193757 (2.67828,2.73073) (-0.143557,-0.138342) 0.181381 (-0.334989,-0.197231) (0.176804,0.183038) 0.167627
4.7 (1.60137,0.963673) (0.668578,0.725147) 0.193799 (2.79844,2.7831) 1.77775 0.825964 (0.0332784,-0.171911) (0.173547,0.182129) 0.167175 (2.19766,2.16315) (-0.11345,-0.106146) 0.193757 (2.66392,2.7169) (-0.143568,-0.138331) 0.181381 (-0.317312,-0.178924) (0.176771,0.18307) 0.167627
4.8 (1.66814,1.0361) (0.667734,0.72425) 0.193799 (2.79844,2.7831) 1.77775 0.825977 (0.0506364,-0.153701) (0.17358,0.182098) 0.167175 (2.18632,2.15254) (-0.11345,-0.106146) 0.193757 (2.64957,2.70307) (-0.143556,-0.138343) 0.181381 (-0.299638,-0.160614) (0.176739,0.183102) 0.167627
4.9 (1.73482,1.10843) (0.666835,0.723294) 0.193799 (2.79844,2.7831) 1.77775 0.82599 (0.0679975,-0.135494) (0.173612,0.182068) 0.167175 (2.17497,2.14192) (-0.113451,-0.106145) 0.193757 (2.63521,2.68923) (-0.143556,-0.138343) 0.181381 (-0.281967,-0.142301) (0.176707,0.183132) 0.167627
5 (1.80141,1.18065) (0.66584,0.722238) 0.193799 (2.79844,2.7831) 1.77775 0.826006 (0.0853618,-0.117291) (0.173643,0.182038) 0.167175 (2.16363,2.13131) (-0.113451,-0.106144) 0.193757 (2.62086,2.6754) (-0.143555,-0.138344) 0.181381 (-0.2643,-0.123984) (0.176676,0.183163) 0.167627
5.1 (1.86786,1.25274) (0.664558,0.720877) 0.193799 (2.79844,2.7831) 1.77775 0.826026 (0.102729,-0.0990898) (0.173673,0.182009) 0.167175 (2.15228,2.12069) (-0.113454,-0.106141) 0.193757 (2.6065,2.66156) (-0.143558,-0.138341) 0.181381 (-0.246635,-0.105665) (0.176645,0.183192) 0.167627
5.2 (1.93418,1.32468) (0.663158,0.719392) 0.193799 (2.79844,2.7831) 1.77775 0.82605 (0.120099,-0.0808918) (0.173703,0.18198) 0.167175 (2.14094,2.11008) (-0.113452,-0.106143) 0.193757 (2.59215,2.64773) (-0.143557,-0.138342) 0.181381 (-0.228974,-0.0873432) (0.176615,0.183221) 0.167627
5.3 (2.00032,1.39644) (0.661453,0.717579) 0.193799 (2.79844,2.7831) 1.77775 0.826076 (0.137473,-0.0626965) (0.173732,0.181953) 0.167175 (2.12959,2.09946) (-0.113453,-0.106143) 0.193757 (2.57779,2.6339) (-0.143555,-0.138344) 0.181381 (-0.211315,-0.0690183) (0.176586,0.183249) 0.167627
5.4 (2.06628,1.46799) (0.659549,0.715556) 0.193799 (2.79844,2.7831) 1.77775 0.826105 (0.154849,-0.044504) (0.173761,0.181925) 0.167175 (2.11825,2.08885) (-0.113454,-0.106141) 0.193757 (2.56343,2.62006) (-0.143565,-0.138334) 0.181381 (-0.193659,-0.0506907) (0.176558,0.183276) 0.167627
5.5 (2.132,1.5393) (0.657208,0.71307) 0.193799 (2.79844,2.7831) 1.77775 0.826142 (0.172228,-0.0263141) (0.173789,0.181899) 0.167175 (2.1069,2.07824) (-0.113453,-0.106142) 0.193757 (2.54908,2.60623) (-0.143555,-0.138344) 0.181381 (-0.176006,-0.0323604) (0.17653,0.183303) 0.167627
5.6 (2.19745,1.61031) (0.654468,0.710157) 0.193799 (2.79844,2.7831) 1.77775 0.826185 (0.189609,-0.00812681) (0.173816,0.181873) 0.167175 (2.09556,2.06762) (-0.113453,-0.106142) 0.193757 (2.53472,2.59239) (-0.143556,-0.138344) 0.181381 (-0.158356,-0.0140275) (0.176503,0.183329) 0.167627
5.7 (2.26255,1.68096) (0.651008,0.706479) 0.193799 (2.79844,2.7831) 1.77775 0.826239 (0.206993,0.0100579) (0.173843,0.181847) 0.167175 (2.08421,2.05701) (-0.113453,-0.106143) 0.193757 (2.52037,2.57856) (-0.143569,-0.138329) 0.181381 (-0.140708,0.004308) (0.176476,0.183355) 0.167627
5.8 (2.32724,1.75118) (0.646925,0.702139) 0.193799 (2.79844,2.7831) 1.77775 0.826303 (0.22438,0.0282401) (0.173869,0.181822) 0.167175 (2.07287,2.04639) (-0.113453,-0.106142) 0.193757 (2.50601,2.56473) (-0.143548,-0.138352) 0.181381 (-0.123063,0.022646) (0.17645,0.18338) 0.167627
5.9 (2.39142,1.82084) (0.641779,0.69667) 0.193799 (2.79844,2.7831) 1.77775 0.826386 (0.24177,0.0464199) (0.173894,0.181798) 0.167175 (2.06152,2.03578) (-0.113452,-0.106143) 0.193757 (2.49166,2.55089) (-0.14356,-0.138339) 0.181381 (-0.105421,0.0409865) (0.176424,0.183405) 0.167627
6 (2.45301,1.895) (0.615914,0.741554) 0.193799 (2.79844,2.7831) 1.77775 0.87769 (0.259162,0.0645973) (0.173919,0.181774) 0.167175 (2.05018,2.02516) (-0.113445,-0.10615) 0.193757 (2.4773,2.53706) (-0.143557,-0.138342) 0.181381 (-0.0877811,0.0593294) (0.176399,0.183429) 0.167627
6.1 (2.50917,1.96698) (0.561652,0.719791) 0.193799 (2.79844,2.7831) 1.77775 0.908184 (0.276556,0.0827723) (0.173944,0.18175) 0.167175 (2.03883,2.01455) (-0.113445,-0.106151) 0.193757 (2.46295,2.52322) (-0.143549,-0.13835) 0.181381 (-0.0701436,0.0776746) (0.176375,0.183452) 0.167627
6.2 (2.55842,2.03301) (0.492457,0.660275) 0.193799 (2.79844,2.7831) 1.77775 0.929965 (0.293953,0.100945) (0.173968,0.181728) 0.167175 (2.02749,2.00393) (-0.11345,-0.106145) 0.193757 (2.44859,2.50939) (-0.143552,-0.138348) 0.181381 (-0.0525085,0.0960221) (0.176351,0.183475) 0.167627
6.3 (2.60179,2.09334) (0.43375,0.603305) 0.193799 (2.79844,2.7831) 1.77775 0.947461 (0.311352,0.119116) (0.173991,0.181705) 0.167175 (2.01614,1.99332) (-0.113456,-0.106138) 0.193757 (2.43423,2.49555) (-0.143555,-0.138344) 0.181381 (-0.0348757,0.114372) (0.176328,0.183498) 0.167627
6.4 (2.64009,2.14836) (0.382981,0.550248) 0.193799 (2.79844,2.7831) 1.77775 0.96275 (0.328753,0.137284) (0.174014,0.181683) 0.167175 (2.0048,1.98271) (-0.113453,-0.106142) 0.193757 (2.41988,2.48172) (-0.143559,-0.138339) 0.181381 (-0.0172453,0.132724) (0.176305,0.18352) 0.167627
6.5 (2.67392,2.19855) (0.338268,0.501899) 0.193799 (2.79844,2.7831) 1.77775 0.97775 (0.346157,0.15545) (0.174036,0.181662) 0.167175 (1.99345,1.97209) (-0.113439,-0.106157) 0.193757 (2.40552,2.46789) (-0.143567,-0.138332) 0.181381 (0.000382978,0.151078) (0.176282,0.183541) 0.167627
6.6 (2.70368,2.24455) (0.297582,0.459947) 0.193799 (2.79844,2.7831) 1.77775 0.996539 (0.363563,0.173614) (0.174058,0.181641) 0.167175 (1.98211,1.96148) (-0.113441,-0.106155) 0.193757 (2.39117,2.45405) (-0.143552,-0.138347) 0.181381 (0.018009,0.169434) (0.17626,0.183562) 0.167627
6.7 (2.72802,2.28998) (0.243391,0.454394) 0.193799 (2.79844,2.7831) 1.77775 1.07905 (0.380971,0.191776) (0.174079,0.18162) 0.167175 (1.97076,1.95086) (-0.113446,-0.106149) 0.193757 (2.37681,2.44022) (-0.143554,-0.138345) 0.181381 (0.0356329,0.187792) (0.176239,0.183583) 0.167627
6.8 (2.74009,2.3382) (0.120746,0.48215) 0.193799 (2.79844,2.7831) 1.77775 1.32541 (0.398522,0.209799) (0.175519,0.18023) 0.167175 (1.9593,1.94037) (-0.114613,-0.104888) 0.193757 (2.36246,2.42638) (-0.143562,-0.138336) 0.181381 (0.0532548,0.206153) (0.176218,0.183603) 0.167627
