[]
timestamp position0 velocity0 radius0 goal pref_speed theta position1 velocity1 radius1 position2 velocity2 radius2 position3 velocity3 radius3 position4 velocity4 radius4 position5 velocity5 radius5 position6 velocity6 radius6
0 (-1.8635,-1.56571) (0,0) 0.159061 (2.79844,2.7831) 1.54507 0 (-0.659172,-0.796064) (0,0) 0.171604 (2.80926,2.83857) (0,0) 0.158543 (3.31899,3.46167) (0,0) 0.208452 (-1.34985,-1.0616) (0,0) 0.139489
0.1 (-1.85872,-1.56457) (0.0478449,0.0113749) 0.159061 (2.79844,2.7831) 1.54507 0.233412 (-0.639239,-0.77543) (0.199333,0.206345) 0.171604 (2.79574,2.82561) (-0.135193,-0.129531) 0.158543 (3.30808,3.46494) (-0.109106,0.0326604) 0.208452 (-1.35222,-1.04348) (-0.0237071,0.181176) 0.139489
0.2 (-1.83025,-1.55514) (0.284663,0.0942589) 0.159061 (2.79844,2.7831) 1.54507 0.319762 (-0.619305,-0.754795) (0.199335,0.206342) 0.171604 (2.78222,2.81266) (-0.135197,-0.129527) 0.158543 (3.28354,3.46091) (-0.245424,-0.0402961) 0.208452 (-1.33887,-1.03101) (0.133504,0.124754) 0.139489
0.3 (-1.78769,-1.53953) (0.425583,0.156152) 0.159061 (2.79844,2.7831) 1.54507 0.351662 (-0.599373,-0.73416) (0.199323,0.206354) 0.171604 (2.7687,2.79971) (-0.135207,-0.129517) 0.158543 (3.26134,3.44969) (-0.221984,-0.112158) 0.208452 (-1.32552,-1.01853) (0.133501,0.124756) 0.139489
0.4 (-1.71747,-1.51812) (0.702207,0.214052) 0.159061 (2.79844,2.7831) 1.54507 0.295879 (-0.57944,-0.713525) (0.19933,0.206348) 0.171604 (2.75518,2.78676) (-0.1352,-0.129524) 0.158543 (3.24161,3.43455) (-0.197273,-0.151459) 0.208452 (-1.31217,-1.00605) (0.133502,0.124755) 0.139489
0.5 (-1.63071,-1.48075) (0.867624,0.373753) 0.159061 (2.79844,2.7831) 1.54507 0.406754 (-0.559507,-0.69289) (0.199327,0.20635) 0.171604 (2.74166,2.7738) (-0.135197,-0.129527) 0.158543 (3.22402,3.41696) (-0.175856,-0.175872) 0.208452 (-1.29882,-0.993579) (0.133504,0.124753) 0.139489
0.6 (-1.54552,-1.43921) (0.851929,0.415386) 0.159061 (2.79844,2.7831) 1.54507 0.453664 (-0.539573,-0.672257) (0.199344,0.206334) 0.171604 (2.72814,2.76085) (-0.135198,-0.129526) 0.158543 (3.20644,3.39937) (-0.175863,-0.175866) 0.208452 (-1.28547,-0.981102) (0.133492,0.124766) 0.139489
0.7 (-1.46131,-1.39524) (0.842071,0.439668) 0.159061 (2.79844,2.7831) 1.54507 0.481192 (-0.51964,-0.651622) (0.199331,0.206346) 0.171604 (2.71462,2.7479) (-0.135211,-0.129512) 0.158543 (3.18885,3.38178) (-0.175858,-0.17587) 0.208452 (-1.27212,-0.968627) (0.1335,0.124757) 0.139489
0.8 (-1.37945,-1.35072) (0.818613,0.445194) 0.159061 (2.79844,2.7831) 1.54507 0.498101 (-0.499706,-0.630988) (0.199333,0.206344) 0.171604 (2.7011,2.73495) (-0.135204,-0.12952) 0.158543 (3.17127,3.3642) (-0.175857,-0.175871) 0.208452 (-1.25877,-0.956152) (0.133512,0.124745) 0.139489
0.9 (-1.298,-1.30557) (0.814504,0.451541) 0.159061 (2.79844,2.7831) 1.54507 0.506197 (-0.479772,-0.610355) (0.199346,0.206332) 0.171604 (2.68758,2.722) (-0.135207,-0.129516) 0.158543 (3.15368,3.34661) (-0.175851,-0.175878) 0.208452 (-1.24542,-0.943677) (0.133504,0.124754) 0.139489
1 (-1.21684,-1.2601) (0.81163,0.454628) 0.159061 (2.79844,2.7831) 1.54507 0.510596 (-0.459836,-0.589722) (0.199354,0.206324) 0.171604 (2.67406,2.70905) (-0.135203,-0.12952) 0.158543 (3.1361,3.32902) (-0.175849,-0.17588) 0.208452 (-1.23207,-0.931202) (0.133505,0.124752) 0.139489
1.1 (-1.1359,-1.21451) (0.80938,0.455977) 0.159061 (2.79844,2.7831) 1.54507 0.513047 (-0.439902,-0.569089) (0.199342,0.206336) 0.171604 (2.66054,2.69609) (-0.135202,-0.129522) 0.158543 (3.11851,3.31143) (-0.175858,-0.17587) 0.208452 (-1.21871,-0.918726) (0.133503,0.124754) 0.139489
1.2 (-1.05516,-1.16887) (0.807408,0.456395) 0.159061 (2.79844,2.7831) 1.54507 0.514483 (-0.419969,-0.548454) (0.199333,0.206345) 0.171604 (2.64702,2.68314) (-0.135189,-0.129536) 0.158543 (3.10093,3.29385) (-0.175848,-0.175881) 0.208452 (-1.20536,-0.906251) (0.133504,0.124753) 0.139489
1.3 (-0.974608,-1.12324) (0.805492,0.456275) 0.159061 (2.79844,2.7831) 1.54507 0.515389 (-0.400036,-0.527819) (0.199327,0.20635) 0.171604 (2.6335,2.67019) (-0.135197,-0.129527) 0.158543 (3.08334,3.27626) (-0.175842,-0.175886) 0.208452 (-1.19201,-0.893775) (0.133503,0.124754) 0.139489
1.4 (-0.89424,-1.07765) (0.803675,0.455893) 0.159061 (2.79844,2.7831) 1.54507 0.515998 (-0.380103,-0.507185) (0.199336,0.206342) 0.171604 (2.61998,2.65723) (-0.135198,-0.129526) 0.158543 (3.06576,3.25867) (-0.17586,-0.175868) 0.208452 (-1.17866,-0.8813) (0.133504,0.124753) 0.139489
1.5 (-0.814065,-1.03212) (0.801756,0.455295) 0.159061 (2.79844,2.7831) 1.54507 0.516461 (-0.360171,-0.486549) (0.199317,0.20636) 0.171604 (2.60646,2.64428) (-0.135198,-0.129526) 0.158543 (3.04817,3.24108) (-0.175847,-0.175881) 0.208452 (-1.16531,-0.868825) (0.133507,0.124751) 0.139489
1.6 (-0.734082,-0.986659) (0.799829,0.45462) 0.159061 (2.79844,2.7831) 1.54507 0.516857 (-0.340239,-0.465913) (0.199317,0.20636) 0.171604 (2.59294,2.63133) (-0.135196,-0.129528) 0.158543 (3.03058,3.2235) (-0.175865,-0.175864) 0.208452 (-1.15196,-0.856349) (0.133497,0.124761) 0.139489
1.7 (-0.654293,-0.94127) (0.797884,0.453884) 0.159061 (2.79844,2.7831) 1.54507 0.517207 (-0.320304,-0.44528) (0.199348,0.20633) 0.171604 (2.57942,2.61838) (-0.1352,-0.129524) 0.158543 (3.013,3.20591) (-0.175859,-0.17587) 0.208452 (-1.13861,-0.843873) (0.133501,0.124756) 0.139489
1.8 (-0.574707,-0.895964) (0.795869,0.453064) 0.159061 (2.79844,2.7831) 1.54507 0.517518 (-0.300371,-0.424646) (0.199336,0.206342) 0.171604 (2.5659,2.60542) (-0.135197,-0.129527) 0.158543 (2.99541,3.18832) (-0.175864,-0.175865) 0.208452 (-1.12526,-0.831398) (0.133504,0.124754) 0.139489
1.9 (-0.495342,-0.850747) (0.79365,0.452165) 0.159061 (2.79844,2.7831) 1.54507 0.517863 (-0.280437,-0.404012) (0.199335,0.206342) 0.171604 (2.55238,2.59247) (-0.135205,-0.129519) 0.158543 (2.97783,3.17074) (-0.17585,-0.175878) 0.208452 (-1.11191,-0.818923) (0.133504,0.124753) 0.139489
2 (-0.416204,-0.805624) (0.791375,0.451235) 0.159061 (2.79844,2.7831) 1.54507 0.518213 (-0.260504,-0.383377) (0.199334,0.206343) 0.171604 (2.53886,2.57952) (-0.135201,-0.129523) 0.158543 (2.96024,3.15315) (-0.175861,-0.175867) 0.208452 (-1.09856,-0.806447) (0.1335,0.124758) 0.139489
2.1 (-0.337295,-0.760594) (0.789093,0.450298) 0.159061 (2.79844,2.7831) 1.54507 0.518561 (-0.24057,-0.362743) (0.199334,0.206343) 0.171604 (2.52534,2.56657) (-0.1352,-0.129524) 0.158543 (2.94266,3.13556) (-0.175858,-0.17587) 0.208452 (-1.08521,-0.793972) (0.13351,0.124747) 0.139489
2.2 (-0.258632,-0.715666) (0.786628,0.449283) 0.159061 (2.79844,2.7831) 1.54507 0.518936 (-0.220637,-0.342109) (0.199338,0.20634) 0.171604 (2.51182,2.55362) (-0.135198,-0.129526) 0.158543 (2.92507,3.11797) (-0.17586,-0.175868) 0.208452 (-1.07186,-0.781497) (0.133506,0.124752) 0.139489
2.3 (-0.18023,-0.670845) (0.784021,0.448205) 0.159061 (2.79844,2.7831) 1.54507 0.519331 (-0.200703,-0.321475) (0.199336,0.206341) 0.171604 (2.4983,2.54066) (-0.135199,-0.129525) 0.158543 (2.90748,3.10039) (-0.175868,-0.175861) 0.208452 (-1.05851,-0.769022) (0.133511,0.124746) 0.139489
2.4 (-0.102091,-0.626134) (0.781387,0.447117) 0.159061 (2.79844,2.7831) 1.54507 0.519735 (-0.180769,-0.300841) (0.199337,0.206341) 0.171604 (2.48478,2.52771) (-0.135203,-0.129521) 0.158543 (2.8899,3.0828) (-0.175865,-0.175863) 0.208452 (-1.04516,-0.756547) (0.133503,0.124754) 0.139489
2.5 (-0.0242265,-0.581535) (0.778647,0.445984) 0.159061 (2.79844,2.7831) 1.54507 0.520156 (-0.160836,-0.280207) (0.199334,0.206343) 0.171604 (2.47126,2.51476) (-0.135198,-0.129526) 0.158543 (2.87231,3.06522) (-0.175862,-0.175866) 0.208452 (-1.03181,-0.744072) (0.133508,0.124749) 0.139489
2.6 (0.0545007,-0.534175) (0.787273,0.473607) 0.159061 (2.79844,2.7831) 1.54507 0.54158 (-0.140902,-0.259573) (0.199337,0.206341) 0.171604 (2.45774,2.50181) (-0.135205,-0.129518) 0.158543 (2.85472,3.04763) (-0.17586,-0.175868) 0.208452 (-1.01846,-0.731597) (0.133504,0.124753) 0.139489
2.7 (0.132131,-0.470263) (0.776308,0.639117) 0.159061 (2.79844,2.7831) 1.54507 0.688774 (-0.120969,-0.238938) (0.199335,0.206342) 0.171604 (2.44422,2.48885) (-0.1352,-0.129524) 0.158543 (2.83714,3.03004) (-0.175863,-0.175865) 0.208452 (-1.00511,-0.719123) (0.133515,0.124742) 0.139489
2.8 (0.204533,-0.401295) (0.724018,0.68968) 0.159061 (2.79844,2.7831) 1.54507 0.761113 (-0.101035,-0.218304) (0.199337,0.20634) 0.171604 (2.43081,2.47578) (-0.134074,-0.130689) 0.158543 (2.81943,3.01258) (-0.177068,-0.174652) 0.208452 (-0.991756,-0.706647) (0.133505,0.124752) 0.139489
2.9 (0.274249,-0.329824) (0.697157,0.71471) 0.159061 (2.79844,2.7831) 1.54507 0.79783 (-0.081102,-0.19767) (0.199331,0.206346) 0.171604 (2.41754,2.46258) (-0.132716,-0.132068) 0.158543 (2.80159,2.99525) (-0.178409,-0.173283) 0.208452 (-0.978406,-0.694172) (0.133507,0.12475) 0.139489
3 (0.342639,-0.257138) (0.683905,0.726861) 0.159061 (2.79844,2.7831) 1.54507 0.815837 (-0.0611694,-0.177035) (0.199326,0.206351) 0.171604 (2.40438,2.44926) (-0.131602,-0.133178) 0.158543 (2.78365,2.97803) (-0.179444,-0.17221) 0.208452 (-0.965054,-0.681698) (0.133512,0.124745) 0.139489
3.1 (0.410403,-0.183879) (0.677638,0.732589) 0.159061 (2.79844,2.7831) 1.54507 0.824345 (-0.0412362,-0.1564) (0.199331,0.206346) 0.171604 (2.39132,2.43584) (-0.1306,-0.13416) 0.158543 (2.76561,2.9609) (-0.180339,-0.171272) 0.208452 (-0.951704,-0.669222) (0.133501,0.124756) 0.139489
3.2 (0.477886,-0.110383) (0.67483,0.734962) 0.159061 (2.79844,2.7831) 1.54507 0.828025 (-0.0213025,-0.135766) (0.199337,0.20634) 0.171604 (2.37835,2.42234) (-0.129706,-0.135026) 0.158543 (2.7475,2.94386) (-0.181116,-0.170451) 0.208452 (-0.938354,-0.656747) (0.133501,0.124756) 0.139489
3.3 (0.545272,-0.0368059) (0.673861,0.735769) 0.159061 (2.79844,2.7831) 1.54507 0.829288 (-0.00136893,-0.115132) (0.199336,0.206342) 0.171604 (2.36546,2.40876) (-0.1289,-0.135795) 0.158543 (2.72932,2.92688) (-0.1818,-0.169721) 0.208452 (-0.925004,-0.64427) (0.133496,0.124761) 0.139489
3.4 (0.61264,0.0367618) (0.673673,0.735677) 0.159061 (2.79844,2.7831) 1.54507 0.829365 (0.0185642,-0.0944972) (0.199332,0.206346) 0.171604 (2.35259,2.39516) (-0.128633,-0.136048) 0.158543 (2.71108,2.90998) (-0.182408,-0.169068) 0.208452 (-0.911654,-0.631795) (0.133503,0.124754) 0.139489
3.5 (0.680015,0.110316) (0.673756,0.735544) 0.159061 (2.79844,2.7831) 1.54507 0.829213 (0.0384976,-0.0738628) (0.199334,0.206344) 0.171604 (2.33975,2.38153) (-0.128415,-0.136254) 0.158543 (2.69276,2.89315) (-0.183154,-0.16826) 0.208452 (-0.898303,-0.61932) (0.133511,0.124746) 0.139489
3.6 (0.747396,0.183842) (0.673812,0.735257) 0.159061 (2.79844,2.7831) 1.54507 0.828977 (0.0584296,-0.0532272) (0.19932,0.206357) 0.171604 (2.32693,2.36789) (-0.128211,-0.136445) 0.158543 (2.67437,2.87641) (-0.183929,-0.167411) 0.208452 (-0.884953,-0.606845) (0.133505,0.124753) 0.139489
3.7 (0.814781,0.257332) (0.673846,0.734896) 0.159061 (2.79844,2.7831) 1.54507 0.828708 (0.0783647,-0.0325944) (0.19935,0.206327) 0.171604 (2.31413,2.35423) (-0.128022,-0.136623) 0.158543 (2.6559,2.85975) (-0.184676,-0.166587) 0.208452 (-0.871603,-0.594369) (0.133495,0.124763) 0.139489
3.8 (0.882179,0.330795) (0.67398,0.734635) 0.159061 (2.79844,2.7831) 1.54507 0.828431 (0.0982982,-0.0119602) (0.199335,0.206342) 0.171604 (2.30135,2.34055) (-0.127846,-0.136787) 0.158543 (2.63737,2.84317) (-0.185372,-0.165813) 0.208452 (-0.858253,-0.581893) (0.133501,0.124756) 0.139489
3.9 (0.949582,0.404223) (0.674027,0.734285) 0.159061 (2.79844,2.7831) 1.54507 0.828159 (0.118231,0.00867504) (0.199325,0.206352) 0.171604 (2.28858,2.32685) (-0.127683,-0.13694) 0.158543 (2.61877,2.82666) (-0.186009,-0.165097) 0.208452 (-0.844903,-0.569417) (0.133495,0.124763) 0.139489
4 (1.01699,0.477615) (0.674037,0.733912) 0.159061 (2.79844,2.7831) 1.54507 0.827899 (0.138164,0.0293094) (0.199334,0.206344) 0.171604 (2.27582,2.31314) (-0.127531,-0.137081) 0.158543 (2.60011,2.81022) (-0.18659,-0.16444) 0.208452 (-0.831552,-0.556942) (0.13351,0.124747) 0.139489
4.1 (1.0844,0.550978) (0.674111,0.733629) 0.159061 (2.79844,2.7831) 1.54507 0.827652 (0.158097,0.0499446) (0.199325,0.206352) 0.171604 (2.26308,2.29942) (-0.127391,-0.137211) 0.158543 (2.58139,2.79383) (-0.187117,-0.163841) 0.208452 (-0.818202,-0.544467) (0.133506,0.124751) 0.139489
4.2 (1.1518,0.624302) (0.674068,0.733242) 0.159061 (2.79844,2.7831) 1.54507 0.827421 (0.17803,0.0705787) (0.199336,0.206341) 0.171604 (2.25036,2.28569) (-0.127262,-0.137331) 0.158543 (2.56263,2.7775) (-0.187594,-0.163294) 0.208452 (-0.804853,-0.531991) (0.133493,0.124766) 0.139489
4.3 (1.21921,0.697593) (0.674055,0.73291) 0.159061 (2.79844,2.7831) 1.54507 0.827204 (0.197964,0.0912126) (0.199338,0.20634) 0.171604 (2.23764,2.27195) (-0.127143,-0.137441) 0.158543 (2.54383,2.76122) (-0.188026,-0.162797) 0.208452 (-0.791501,-0.519516) (0.133514,0.124743) 0.139489
4.4 (1.2866,0.770842) (0.673942,0.732489) 0.159061 (2.79844,2.7831) 1.54507 0.827003 (0.217897,0.111847) (0.199334,0.206344) 0.171604 (2.22494,2.25819) (-0.127035,-0.137541) 0.158543 (2.52499,2.74499) (-0.188416,-0.162346) 0.208452 (-0.77815,-0.507042) (0.13351,0.124747) 0.139489
4.5 (1.35399,0.844055) (0.673872,0.732138) 0.159061 (2.79844,2.7831) 1.54507 0.826815 (0.237833,0.132479) (0.199355,0.206323) 0.171604 (2.21225,2.24443) (-0.126935,-0.137633) 0.158543 (2.50611,2.7288) (-0.188767,-0.161937) 0.208452 (-0.7648,-0.494566) (0.133502,0.124755) 0.139489
4.6 (1.42136,0.917222) (0.67367,0.731665) 0.159061 (2.79844,2.7831) 1.54507 0.826642 (0.257766,0.153114) (0.199334,0.206343) 0.171604 (2.19956,2.23066) (-0.126845,-0.137716) 0.158543 (2.48721,2.71264) (-0.189083,-0.161567) 0.208452 (-0.75145,-0.48209) (0.133496,0.124762) 0.139489
4.7 (1.48871,0.990349) (0.673527,0.731273) 0.159061 (2.79844,2.7831) 1.54507 0.826482 (0.277701,0.173747) (0.199345,0.206333) 0.171604 (2.18689,2.21688) (-0.126763,-0.137791) 0.158543 (2.46827,2.69652) (-0.189367,-0.161235) 0.208452 (-0.738101,-0.469614) (0.133495,0.124763) 0.139489
4.8 (1.55603,1.06342) (0.6732,0.730702) 0.159061 (2.79844,2.7831) 1.54507 0.826334 (0.297634,0.194381) (0.199335,0.206342) 0.171604 (2.17422,2.20309) (-0.12669,-0.137859) 0.158543 (2.44931,2.68042) (-0.189621,-0.160936) 0.208452 (-0.724751,-0.457138) (0.133503,0.124755) 0.139489
4.9 (1.62331,1.13643) (0.672851,0.730125) 0.159061 (2.79844,2.7831) 1.54507 0.826199 (0.317568,0.215015) (0.19934,0.206337) 0.171604 (2.16155,2.1893) (-0.126625,-0.137919) 0.158543 (2.43032,2.66435) (-0.189847,-0.160669) 0.208452 (-0.711401,-0.444662) (0.1335,0.124758) 0.139489
5 (1.69056,1.20939) (0.672474,0.729534) 0.159061 (2.79844,2.7831) 1.54507 0.826074 (0.337501,0.23565) (0.199325,0.206352) 0.171604 (2.1489,2.1755) (-0.126568,-0.137971) 0.158543 (2.41132,2.64831) (-0.190047,-0.160433) 0.208452 (-0.698049,-0.432188) (0.133514,0.124742) 0.139489
5.1 (1.75776,1.28227) (0.671993,0.728846) 0.159061 (2.79844,2.7831) 1.54507 0.825961 (0.359771,0.253737) (0.222707,0.180867) 0.171604 (2.13656,2.16187) (-0.12341,-0.136364) 0.158543 (2.3923,2.63229) (-0.190223,-0.160224) 0.208452 (-0.684699,-0.419713) (0.133505,0.124752) 0.139489
5.2 (1.82495,1.35504) (0.671927,0.727653) 0.159061 (2.79844,2.7831) 1.54507 0.825194 (0.382087,0.271768) (0.223159,0.18031) 0.171604 (2.12419,2.14822) (-0.123674,-0.136495) 0.158543 (2.37322,2.61633) (-0.190748,-0.159599) 0.208452 (-0.671348,-0.407238) (0.133509,0.124748) 0.139489
5.3 (1.8921,1.42769) (0.671457,0.726589) 0.159061 (2.79844,2.7831) 1.54507 0.824813 (0.404709,0.289414) (0.226212,0.176464) 0.171604 (2.11218,2.13478) (-0.120114,-0.134408) 0.158543 (2.35412,2.6004) (-0.191032,-0.159258) 0.208452 (-0.657997,-0.394763) (0.133506,0.124751) 0.139489
5.4 (1.95922,1.50019) (0.671189,0.724931) 0.159061 (2.79844,2.7831) 1.54507 0.823872 (0.427606,0.306701) (0.228974,0.172866) 0.171604 (2.1005,2.12156) (-0.116786,-0.13216) 0.158543 (2.33496,2.58454) (-0.191549,-0.158637) 0.208452 (-0.644647,-0.382287) (0.133501,0.124757) 0.139489
5.5 (2.02631,1.57248) (0.670877,0.722941) 0.159061 (2.79844,2.7831) 1.54507 0.822734 (0.450736,0.323675) (0.231299,0.169743) 0.171604 (2.08914,2.10856) (-0.113606,-0.13001) 0.158543 (2.31574,2.56875) (-0.192194,-0.157854) 0.208452 (-0.631297,-0.369812) (0.133504,0.124753) 0.139489
5.6 (2.09335,1.64454) (0.670391,0.720552) 0.159061 (2.79844,2.7831) 1.54507 0.821445 (0.474061,0.340381) (0.233247,0.167056) 0.171604 (2.07807,2.09576) (-0.110682,-0.127985) 0.158543 (2.29645,2.55305) (-0.192888,-0.157005) 0.208452 (-0.617947,-0.357336) (0.133502,0.124755) 0.139489
5.7 (2.16031,1.71631) (0.669671,0.717733) 0.159061 (2.79844,2.7831) 1.54507 0.820025 (0.497546,0.35686) (0.234851,0.164792) 0.171604 (2.06503,2.08232) (-0.130386,-0.134368) 0.158543 (2.2771,2.53744) (-0.193592,-0.156136) 0.208452 (-0.604596,-0.344862) (0.133509,0.124748) 0.139489
5.8 (2.22663,1.78839) (0.663168,0.720805) 0.159061 (2.79844,2.7831) 1.54507 0.82702 (0.520963,0.373435) (0.234174,0.165753) 0.171604 (2.05204,2.06884) (-0.129937,-0.134802) 0.158543 (2.2577,2.52187) (-0.193961,-0.155678) 0.208452 (-0.591245,-0.332387) (0.133508,0.124749) 0.139489
5.9 (2.29227,1.86079) (0.656386,0.72401) 0.159061 (2.79844,2.7831) 1.54507 0.834348 (0.544364,0.390033) (0.234011,0.165983) 0.171604 (2.03904,2.05536) (-0.129934,-0.134806) 0.158543 (2.2383,2.5063) (-0.193964,-0.155675) 0.208452 (-0.577895,-0.31991) (0.133495,0.124763) 0.139489
6 (2.35051,1.94223) (0.582439,0.814397) 0.159061 (2.79844,2.7831) 1.54507 0.949956 (0.567757,0.406643) (0.233929,0.166099) 0.171604 (2.02605,2.04188) (-0.129934,-0.134806) 0.158543 (2.21891,2.49074) (-0.193964,-0.155675) 0.208452 (-0.564545,-0.307435) (0.133499,0.124759) 0.139489
6.1 (2.396,2.02596) (0.454906,0.837326) 0.159061 (2.79844,2.7831) 1.54507 1.07312 (0.591146,0.423259) (0.233887,0.166158) 0.171604 (2.01306,2.0284) (-0.129934,-0.134806) 0.158543 (2.19951,2.47517) (-0.193964,-0.155675) 0.208452 (-0.551195,-0.294959) (0.133504,0.124753) 0.139489
6.2 (2.43624,2.10167) (0.402408,0.757073) 0.159061 (2.79844,2.7831) 1.54507 1.08224 (0.614532,0.439878) (0.233866,0.166188) 0.171604 (2.00006,2.01492) (-0.129934,-0.134806) 0.158543 (2.18011,2.4596) (-0.193964,-0.155675) 0.208452 (-0.537845,-0.282484) (0.133504,0.124753) 0.139489
6.3 (2.47246,2.16982) (0.362161,0.681478) 0.159061 (2.79844,2.7831) 1.54507 1.08232 (0.637918,0.456498) (0.233855,0.166203) 0.171604 (1.98707,2.00144) (-0.129934,-0.134806) 0.158543 (2.16072,2.44403) (-0.193964,-0.155675) 0.208452 (-0.524494,-0.270009) (0.133506,0.124751) 0.139489
6.4 (2.50506,2.23114) (0.325981,0.613241) 0.159061 (2.79844,2.7831) 1.54507 1.08221 (0.661303,0.473119) (0.233849,0.166211) 0.171604 (1.97408,1.98796) (-0.129934,-0.134806) 0.158543 (2.14132,2.42847) (-0.193964,-0.155675) 0.208452 (-0.511143,-0.257534) (0.133506,0.124751) 0.139489
6.5 (2.53439,2.28634) (0.293363,0.551926) 0.159061 (2.79844,2.7831) 1.54507 1.08225 (0.684687,0.489741) (0.233846,0.166215) 0.171604 (1.96108,1.97448) (-0.129934,-0.134806) 0.158543 (2.12192,2.4129) (-0.193964,-0.155675) 0.208452 (-0.497793,-0.245059) (0.133507,0.12475) 0.139489
6.6 (2.5608,2.33601) (0.264044,0.496763) 0.159061 (2.79844,2.7831) 1.54507 1.08224 (0.708072,0.506363) (0.233845,0.166217) 0.171604 (1.94809,1.961) (-0.129934,-0.134806) 0.158543 (2.10253,2.39733) (-0.193964,-0.155675) 0.208452 (-0.484442,-0.232583) (0.133505,0.124752) 0.139489
6.7 (2.58455,2.38072) (0.237568,0.447042) 0.159061 (2.79844,2.7831) 1.54507 1.08233 (0.731456,0.522984) (0.233844,0.166218) 0.171604 (1.9351,1.94752) (-0.129934,-0.134806) 0.158543 (2.08313,2.38176) (-0.193964,-0.155675) 0.208452 (-0.471092,-0.220107) (0.133497,0.124761) 0.139489
6.8 (2.60594,2.42095) (0.213845,0.402302) 0.159061 (2.79844,2.7831) 1.54507 1.08223 (0.754841,0.539606) (0.233844,0.166219) 0.171604 (1.9221,1.93404) (-0.129934,-0.134806) 0.158543 (2.06374,2.3662) (-0.193964,-0.155675) 0.208452 (-0.457741,-0.207633) (0.133511,0.124745) 0.139489
