[]
timestamp position0 velocity0 radius0 goal pref_speed theta position1 velocity1 radius1 position2 velocity2 radius2 position3 velocity3 radius3 position4 velocity4 radius4 position5 velocity5 radius5 position6 velocity6 radius6
0 (-1.66592,-1.68581) (0,0) 0.212519 (2.79844,2.7831) 1.7035 0 (-0.782916,-0.755275) (0,0) 0.142982 (2.37323,2.92495) (0,0) 0.130309 (2.99239,3.56939) (0,0) 0.127587 (-1.01175,-1.18428) (0,0) 0.139552
0.1 (-1.67017,-1.67251) (-0.0424986,0.133046) 0.212519 (2.79844,2.7831) 1.7035 1.87998 (-0.763231,-0.735826) (0.196849,0.194489) 0.142982 (2.35758,2.90807) (-0.156475,-0.168799) 0.130309 (2.98971,3.56315) (-0.0267693,-0.0624479) 0.127587 (-0.988943,-1.19414) (0.228113,-0.0985941) 0.139552
0.2 (-1.66211,-1.639) (0.0806704,0.33506) 0.212519 (2.79844,2.7831) 1.7035 1.33453 (-0.743547,-0.716377) (0.196842,0.194495) 0.142982 (2.34194,2.89119) (-0.156461,-0.168813) 0.130309 (2.97787,3.55022) (-0.118428,-0.12925) 0.127587 (-0.964966,-1.1876) (0.239766,0.0653367) 0.139552
0.3 (-1.64653,-1.57673) (0.155729,0.622767) 0.212519 (2.79844,2.7831) 1.7035 1.32576 (-0.723861,-0.696929) (0.196864,0.194473) 0.142982 (2.32629,2.87431) (-0.156486,-0.168789) 0.130309 (2.96603,3.5373) (-0.118422,-0.129255) 0.127587 (-0.94508,-1.1727) (0.198857,0.149038) 0.139552
0.4 (-1.61119,-1.50539) (0.353467,0.71338) 0.212519 (2.79844,2.7831) 1.7035 1.11077 (-0.704174,-0.677483) (0.196869,0.194468) 0.142982 (2.31064,2.85743) (-0.156463,-0.168811) 0.130309 (2.95419,3.52437) (-0.11843,-0.129248) 0.127587 (-0.927938,-1.15471) (0.171422,0.179919) 0.139552
0.5 (-1.56536,-1.42927) (0.458228,0.76121) 0.212519 (2.79844,2.7831) 1.7035 1.02893 (-0.684487,-0.658035) (0.196865,0.194472) 0.142982 (2.295,2.84055) (-0.156488,-0.168787) 0.130309 (2.94234,3.51144) (-0.118422,-0.129255) 0.127587 (-0.910796,-1.13672) (0.171425,0.179916) 0.139552
0.6 (-1.51255,-1.34826) (0.528106,0.810043) 0.212519 (2.79844,2.7831) 1.7035 0.993053 (-0.664803,-0.638585) (0.196837,0.1945) 0.142982 (2.27935,2.82367) (-0.156468,-0.168806) 0.130309 (2.9305,3.49852) (-0.118427,-0.12925) 0.127587 (-0.893655,-1.11872) (0.171403,0.179937) 0.139552
0.7 (-1.45818,-1.26823) (0.543747,0.800304) 0.212519 (2.79844,2.7831) 1.7035 0.974013 (-0.645117,-0.619138) (0.196862,0.194476) 0.142982 (2.2637,2.80679) (-0.156485,-0.16879) 0.130309 (2.91866,3.48559) (-0.118428,-0.129249) 0.127587 (-0.876513,-1.10073) (0.171425,0.179917) 0.139552
0.8 (-1.40298,-1.18875) (0.551953,0.79477) 0.212519 (2.79844,2.7831) 1.7035 0.963784 (-0.625431,-0.59969) (0.196862,0.194476) 0.142982 (2.24805,2.78991) (-0.156482,-0.168793) 0.130309 (2.90682,3.47267) (-0.118427,-0.12925) 0.127587 (-0.85937,-1.08274) (0.171431,0.179911) 0.139552
0.9 (-1.34737,-1.10962) (0.556117,0.791378) 0.212519 (2.79844,2.7831) 1.7035 0.958247 (-0.605746,-0.580242) (0.196854,0.194483) 0.142982 (2.2324,2.77303) (-0.156479,-0.168796) 0.130309 (2.89497,3.45974) (-0.118426,-0.129252) 0.127587 (-0.842228,-1.06475) (0.171421,0.17992) 0.139552
1 (-1.29155,-1.03069) (0.558183,0.789243) 0.212519 (2.79844,2.7831) 1.7035 0.955228 (-0.586061,-0.560793) (0.196843,0.194494) 0.142982 (2.21676,2.75615) (-0.15648,-0.168794) 0.130309 (2.88313,3.44682) (-0.118427,-0.12925) 0.127587 (-0.825086,-1.04676) (0.171421,0.17992) 0.139552
1.1 (-1.23564,-0.95192) (0.559083,0.787726) 0.212519 (2.79844,2.7831) 1.7035 0.953561 (-0.566376,-0.541344) (0.19685,0.194487) 0.142982 (2.20111,2.73927) (-0.156476,-0.168798) 0.130309 (2.87129,3.4339) (-0.118434,-0.129244) 0.127587 (-0.807944,-1.02876) (0.171419,0.179922) 0.139552
1.2 (-1.17971,-0.873264) (0.559378,0.786557) 0.212519 (2.79844,2.7831) 1.7035 0.952611 (-0.546691,-0.521896) (0.196856,0.194481) 0.142982 (2.18546,2.72239) (-0.156472,-0.168802) 0.130309 (2.85944,3.42097) (-0.11843,-0.129247) 0.127587 (-0.790802,-1.01077) (0.171418,0.179923) 0.139552
1.3 (-1.12378,-0.794721) (0.559254,0.785431) 0.212519 (2.79844,2.7831) 1.7035 0.952039 (-0.527005,-0.502448) (0.196857,0.19448) 0.142982 (2.16981,2.70551) (-0.156476,-0.168798) 0.130309 (2.8476,3.40805) (-0.118428,-0.12925) 0.127587 (-0.77366,-0.992781) (0.171424,0.179917) 0.139552
1.4 (-1.06789,-0.716278) (0.558957,0.784427) 0.212519 (2.79844,2.7831) 1.7035 0.951685 (-0.50732,-0.482999) (0.196848,0.194489) 0.142982 (2.15417,2.68863) (-0.15647,-0.168804) 0.130309 (2.83576,3.39512) (-0.118426,-0.129251) 0.127587 (-0.756517,-0.974789) (0.171426,0.179915) 0.139552
1.5 (-1.01203,-0.637936) (0.558514,0.783422) 0.212519 (2.79844,2.7831) 1.7035 0.951454 (-0.487635,-0.46355) (0.19685,0.194487) 0.142982 (2.13852,2.67175) (-0.156466,-0.168808) 0.130309 (2.82392,3.38219) (-0.118422,-0.129255) 0.127587 (-0.739375,-0.956797) (0.171422,0.179919) 0.139552
1.6 (-0.956236,-0.559699) (0.557973,0.782374) 0.212519 (2.79844,2.7831) 1.7035 0.95128 (-0.46795,-0.444102) (0.196855,0.194482) 0.142982 (2.12287,2.65487) (-0.156477,-0.168797) 0.130309 (2.81207,3.36927) (-0.11843,-0.129247) 0.127587 (-0.722233,-0.938805) (0.171421,0.179921) 0.139552
1.7 (-0.900498,-0.481568) (0.557386,0.781311) 0.212519 (2.79844,2.7831) 1.7035 0.951135 (-0.448265,-0.424653) (0.19685,0.194487) 0.142982 (2.10723,2.63799) (-0.156467,-0.168807) 0.130309 (2.80023,3.35635) (-0.118438,-0.129241) 0.127587 (-0.70509,-0.920814) (0.171428,0.179913) 0.139552
1.8 (-0.844817,-0.403536) (0.556809,0.780313) 0.212519 (2.79844,2.7831) 1.7035 0.95102 (-0.42858,-0.405204) (0.196846,0.194491) 0.142982 (2.09158,2.62111) (-0.156485,-0.16879) 0.130309 (2.78839,3.34342) (-0.118425,-0.129253) 0.127587 (-0.687948,-0.902822) (0.171423,0.179918) 0.139552
1.9 (-0.789207,-0.325624) (0.556099,0.779125) 0.212519 (2.79844,2.7831) 1.7035 0.950903 (-0.408895,-0.385755) (0.196848,0.194489) 0.142982 (2.07593,2.60423) (-0.156465,-0.168809) 0.130309 (2.77654,3.3305) (-0.118426,-0.129251) 0.127587 (-0.670805,-0.88483) (0.171421,0.17992) 0.139552
2 (-0.733663,-0.24782) (0.555444,0.778034) 0.212519 (2.79844,2.7831) 1.7035 0.950797 (-0.38921,-0.366306) (0.19685,0.194487) 0.142982 (2.06028,2.58735) (-0.15647,-0.168804) 0.130309 (2.7647,3.31757) (-0.118426,-0.129251) 0.127587 (-0.653664,-0.866837) (0.171417,0.179924) 0.139552
2.1 (-0.6782,-0.170154) (0.554621,0.776664) 0.212519 (2.79844,2.7831) 1.7035 0.950666 (-0.369525,-0.346858) (0.196852,0.194485) 0.142982 (2.04464,2.57047) (-0.156477,-0.168798) 0.130309 (2.75286,3.30465) (-0.118427,-0.129251) 0.127587 (-0.636522,-0.848845) (0.171413,0.179928) 0.139552
2.2 (-0.622807,-0.0926119) (0.553933,0.77542) 0.212519 (2.79844,2.7831) 1.7035 0.950494 (-0.34984,-0.327409) (0.196852,0.194485) 0.142982 (2.02899,2.55359) (-0.156477,-0.168797) 0.130309 (2.74102,3.29172) (-0.118427,-0.129251) 0.127587 (-0.619381,-0.830852) (0.171414,0.179927) 0.139552
2.3 (-0.562973,-0.0143345) (0.598341,0.782774) 0.212519 (2.79844,2.7831) 1.7035 0.918152 (-0.330155,-0.30796) (0.196847,0.194491) 0.142982 (2.01334,2.53671) (-0.156479,-0.168795) 0.130309 (2.72917,3.2788) (-0.118425,-0.129252) 0.127587 (-0.60224,-0.812859) (0.171415,0.179926) 0.139552
2.4 (-0.502024,0.0629076) (0.609493,0.772421) 0.212519 (2.79844,2.7831) 1.7035 0.902757 (-0.31047,-0.288511) (0.196848,0.194489) 0.142982 (1.99769,2.51983) (-0.156477,-0.168798) 0.130309 (2.71733,3.26587) (-0.118426,-0.129251) 0.127587 (-0.585098,-0.794867) (0.171419,0.179922) 0.139552
2.5 (-0.440512,0.139596) (0.615115,0.766886) 0.212519 (2.79844,2.7831) 1.7035 0.894779 (-0.290786,-0.269062) (0.196847,0.19449) 0.142982 (1.98204,2.50295) (-0.15648,-0.168795) 0.130309 (2.70549,3.25295) (-0.11843,-0.129248) 0.127587 (-0.567955,-0.776875) (0.171426,0.179916) 0.139552
2.6 (-0.378744,0.215956) (0.617678,0.763603) 0.212519 (2.79844,2.7831) 1.7035 0.890653 (-0.271101,-0.249614) (0.196851,0.194486) 0.142982 (1.9664,2.48607) (-0.156481,-0.168793) 0.130309 (2.69364,3.24002) (-0.11843,-0.129248) 0.127587 (-0.550812,-0.758884) (0.171428,0.179913) 0.139552
2.7 (-0.316877,0.292107) (0.618678,0.761509) 0.212519 (2.79844,2.7831) 1.7035 0.888518 (-0.251414,-0.230167) (0.196866,0.194471) 0.142982 (1.95075,2.46919) (-0.15646,-0.168813) 0.130309 (2.6818,3.2271) (-0.118425,-0.129252) 0.127587 (-0.53367,-0.740893) (0.171427,0.179915) 0.139552
2.8 (-0.254985,0.368114) (0.61892,0.760067) 0.212519 (2.79844,2.7831) 1.7035 0.887399 (-0.23173,-0.210717) (0.19684,0.194498) 0.142982 (1.9351,2.45232) (-0.156491,-0.168785) 0.130309 (2.66996,3.21417) (-0.118431,-0.129247) 0.127587 (-0.516527,-0.722901) (0.171425,0.179916) 0.139552
2.9 (-0.193118,0.444004) (0.618667,0.758897) 0.212519 (2.79844,2.7831) 1.7035 0.886845 (-0.212044,-0.191269) (0.196856,0.194482) 0.142982 (1.91945,2.43544) (-0.156487,-0.168789) 0.130309 (2.65812,3.20125) (-0.118423,-0.129254) 0.127587 (-0.499384,-0.70491) (0.171435,0.179907) 0.139552
3 (-0.131305,0.519784) (0.618129,0.757798) 0.212519 (2.79844,2.7831) 1.7035 0.88656 (-0.19236,-0.17182) (0.196846,0.194491) 0.142982 (1.90381,2.41856) (-0.156478,-0.168797) 0.130309 (2.64627,3.18832) (-0.118428,-0.12925) 0.127587 (-0.482242,-0.686918) (0.171418,0.179923) 0.139552
3.1 (-0.0695555,0.595463) (0.617496,0.756792) 0.212519 (2.79844,2.7831) 1.7035 0.886412 (-0.172676,-0.15237) (0.196844,0.194493) 0.142982 (1.88816,2.40168) (-0.156466,-0.168808) 0.130309 (2.63443,3.1754) (-0.118426,-0.129251) 0.127587 (-0.4651,-0.668926) (0.17142,0.179921) 0.139552
3.2 (-0.00788515,0.671033) (0.616703,0.755702) 0.212519 (2.79844,2.7831) 1.7035 0.886335 (-0.152991,-0.132921) (0.196848,0.194489) 0.142982 (1.87251,2.3848) (-0.15648,-0.168795) 0.130309 (2.62259,3.16247) (-0.118421,-0.129256) 0.127587 (-0.447959,-0.650933) (0.171409,0.179932) 0.139552
3.3 (0.0536947,0.746489) (0.615798,0.754561) 0.212519 (2.79844,2.7831) 1.7035 0.886314 (-0.133307,-0.113472) (0.19684,0.194497) 0.142982 (1.85686,2.36792) (-0.156467,-0.168807) 0.130309 (2.61075,3.14954) (-0.118426,-0.129251) 0.127587 (-0.430817,-0.632941) (0.171419,0.179922) 0.139552
3.4 (0.115175,0.821822) (0.614805,0.753328) 0.212519 (2.79844,2.7831) 1.7035 0.886304 (-0.113622,-0.0940227) (0.196848,0.19449) 0.142982 (1.84122,2.35104) (-0.15648,-0.168795) 0.130309 (2.59891,3.13662) (-0.118418,-0.129258) 0.127587 (-0.413674,-0.614949) (0.171429,0.179912) 0.139552
3.5 (0.176548,0.897025) (0.613731,0.752034) 0.212519 (2.79844,2.7831) 1.7035 0.886319 (-0.0939369,-0.074574) (0.196849,0.194488) 0.142982 (1.82557,2.33416) (-0.156478,-0.168797) 0.130309 (2.58706,3.12369) (-0.118434,-0.129244) 0.127587 (-0.396531,-0.596958) (0.171432,0.17991) 0.139552
3.6 (0.237802,0.972085) (0.612534,0.750596) 0.212519 (2.79844,2.7831) 1.7035 0.886337 (-0.0742519,-0.0551253) (0.196851,0.194486) 0.142982 (1.80992,2.31728) (-0.156464,-0.16881) 0.130309 (2.57522,3.11077) (-0.118429,-0.129249) 0.127587 (-0.37939,-0.578965) (0.171408,0.179932) 0.139552
3.7 (0.298927,1.04699) (0.611256,0.749049) 0.212519 (2.79844,2.7831) 1.7035 0.886349 (-0.0545669,-0.0356766) (0.19685,0.194488) 0.142982 (1.79427,2.3004) (-0.156473,-0.168801) 0.130309 (2.56338,3.09784) (-0.118427,-0.12925) 0.127587 (-0.362248,-0.560973) (0.171418,0.179923) 0.139552
3.8 (0.359911,1.12173) (0.609839,0.747354) 0.212519 (2.79844,2.7831) 1.7035 0.886377 (-0.034883,-0.0162267) (0.196839,0.194499) 0.142982 (1.77863,2.28351) (-0.156473,-0.168801) 0.130309 (2.55153,3.08492) (-0.118424,-0.129253) 0.127587 (-0.345108,-0.54298) (0.171406,0.179934) 0.139552
3.9 (0.420734,1.19627) (0.608231,0.745432) 0.212519 (2.79844,2.7831) 1.7035 0.886408 (-0.0151972,0.00322118) (0.196858,0.194479) 0.142982 (1.76298,2.26663) (-0.156463,-0.16881) 0.130309 (2.53969,3.07199) (-0.118428,-0.129249) 0.127587 (-0.327967,-0.524986) (0.171409,0.179932) 0.139552
4 (0.481398,1.27062) (0.606638,0.743517) 0.212519 (2.79844,2.7831) 1.7035 0.886433 (0.00448832,0.0226694) (0.196855,0.194482) 0.142982 (1.74733,2.24975) (-0.156469,-0.168805) 0.130309 (2.52785,3.05907) (-0.118423,-0.129254) 0.127587 (-0.310825,-0.506994) (0.171422,0.17992) 0.139552
4.1 (0.541868,1.34474) (0.604702,0.741202) 0.212519 (2.79844,2.7831) 1.7035 0.886471 (0.0241723,0.0421192) (0.19684,0.194498) 0.142982 (1.73169,2.23287) (-0.156469,-0.168805) 0.130309 (2.51601,3.04614) (-0.118426,-0.129252) 0.127587 (-0.293682,-0.489003) (0.171428,0.179914) 0.139552
4.2 (0.602132,1.41861) (0.602636,0.738732) 0.212519 (2.79844,2.7831) 1.7035 0.886513 (0.0438565,0.0615687) (0.196842,0.194495) 0.142982 (1.71604,2.21599) (-0.156469,-0.168805) 0.130309 (2.50416,3.03322) (-0.118437,-0.129242) 0.127587 (-0.276539,-0.471012) (0.171431,0.179911) 0.139552
4.3 (0.662169,1.49222) (0.600371,0.736024) 0.212519 (2.79844,2.7831) 1.7035 0.886558 (0.0635404,0.0810185) (0.19684,0.194498) 0.142982 (1.70039,2.19911) (-0.156469,-0.168805) 0.130309 (2.49232,3.02029) (-0.118424,-0.129253) 0.127587 (-0.259396,-0.45302) (0.171427,0.179914) 0.139552
4.4 (0.721953,1.56552) (0.597843,0.733002) 0.212519 (2.79844,2.7831) 1.7035 0.88661 (0.0832242,0.100468) (0.196837,0.1945) 0.142982 (1.68475,2.18223) (-0.156469,-0.168805) 0.130309 (2.48048,3.00737) (-0.118422,-0.129255) 0.127587 (-0.242254,-0.435028) (0.171421,0.17992) 0.139552
4.5 (0.781457,1.63848) (0.595038,0.729648) 0.212519 (2.79844,2.7831) 1.7035 0.886667 (0.102909,0.119917) (0.196849,0.194489) 0.142982 (1.6691,2.16535) (-0.156469,-0.168805) 0.130309 (2.46863,2.99444) (-0.118437,-0.129242) 0.127587 (-0.225112,-0.417037) (0.171422,0.179919) 0.139552
4.6 (0.840646,1.71107) (0.591892,0.725887) 0.212519 (2.79844,2.7831) 1.7035 0.886732 (0.122594,0.139366) (0.19685,0.194488) 0.142982 (1.65345,2.14847) (-0.156469,-0.168805) 0.130309 (2.45679,2.98152) (-0.118438,-0.12924) 0.127587 (-0.20797,-0.399045) (0.171423,0.179918) 0.139552
4.7 (0.899489,1.78324) (0.588424,0.721741) 0.212519 (2.79844,2.7831) 1.7035 0.886805 (0.142279,0.158815) (0.196845,0.194492) 0.142982 (1.63781,2.13159) (-0.156469,-0.168805) 0.130309 (2.44495,2.96859) (-0.118428,-0.12925) 0.127587 (-0.190827,-0.381053) (0.171422,0.179919) 0.139552
4.8 (0.957945,1.85496) (0.584567,0.717129) 0.212519 (2.79844,2.7831) 1.7035 0.886887 (0.161963,0.178264) (0.196847,0.19449) 0.142982 (1.62216,2.11471) (-0.156469,-0.168805) 0.130309 (2.4331,2.95567) (-0.118429,-0.129249) 0.127587 (-0.173685,-0.363061) (0.171426,0.179916) 0.139552
4.9 (1.01596,1.92614) (0.580153,0.711852) 0.212519 (2.79844,2.7831) 1.7035 0.886981 (0.181648,0.197713) (0.19685,0.194487) 0.142982 (1.60651,2.09783) (-0.156469,-0.168805) 0.130309 (2.42126,2.94275) (-0.118431,-0.129247) 0.127587 (-0.156542,-0.34507) (0.171427,0.179914) 0.139552
5 (1.07349,1.99674) (0.575253,0.705994) 0.212519 (2.79844,2.7831) 1.7035 0.887088 (0.201333,0.217162) (0.196852,0.194486) 0.142982 (1.59087,2.08095) (-0.156469,-0.168805) 0.130309 (2.40942,2.92982) (-0.118431,-0.129247) 0.127587 (-0.139399,-0.327078) (0.171427,0.179914) 0.139552
5.1 (1.13046,2.06668) (0.569728,0.699388) 0.212519 (2.79844,2.7831) 1.7035 0.887211 (0.221019,0.23661) (0.196853,0.194484) 0.142982 (1.57522,2.06407) (-0.156469,-0.168805) 0.130309 (2.39757,2.9169) (-0.118429,-0.129249) 0.127587 (-0.122257,-0.309086) (0.17142,0.179921) 0.139552
5.2 (1.1868,2.13587) (0.563455,0.69189) 0.212519 (2.79844,2.7831) 1.7035 0.887353 (0.240703,0.256059) (0.196844,0.194494) 0.142982 (1.55957,2.04719) (-0.156469,-0.168805) 0.130309 (2.38573,2.90397) (-0.118435,-0.129243) 0.127587 (-0.105116,-0.291094) (0.171418,0.179923) 0.139552
5.3 (1.24245,2.20422) (0.556431,0.683491) 0.212519 (2.79844,2.7831) 1.7035 0.887516 (0.260389,0.275507) (0.19686,0.194477) 0.142982 (1.54393,2.03031) (-0.156469,-0.168805) 0.130309 (2.37389,2.89105) (-0.118427,-0.12925) 0.127587 (-0.087974,-0.273101) (0.171417,0.179924) 0.139552
5.4 (1.29729,2.27161) (0.548383,0.67387) 0.212519 (2.79844,2.7831) 1.7035 0.887708 (0.280074,0.294956) (0.196852,0.194485) 0.142982 (1.52828,2.01343) (-0.156469,-0.168805) 0.130309 (2.36205,2.87812) (-0.118427,-0.129251) 0.127587 (-0.0708312,-0.25511) (0.171428,0.179913) 0.139552
5.5 (1.35687,2.33798) (0.595872,0.663732) 0.212519 (2.79844,2.7831) 1.7035 0.83922 (0.299759,0.314405) (0.196844,0.194493) 0.142982 (1.51263,1.99655) (-0.156473,-0.168801) 0.130309 (2.3502,2.8652) (-0.118423,-0.129254) 0.127587 (-0.0536894,-0.237118) (0.171418,0.179923) 0.139552
5.6 (1.41727,2.40195) (0.60401,0.63975) 0.212519 (2.79844,2.7831) 1.7035 0.814126 (0.319444,0.333854) (0.19685,0.194488) 0.142982 (1.49698,1.97967) (-0.156482,-0.168793) 0.130309 (2.33836,2.85227) (-0.118436,-0.129242) 0.127587 (-0.0365484,-0.219125) (0.17141,0.17993) 0.139552
5.7 (1.47762,2.46409) (0.603436,0.621323) 0.212519 (2.79844,2.7831) 1.7035 0.800001 (0.339128,0.353303) (0.196846,0.194491) 0.142982 (1.48133,1.96279) (-0.156488,-0.168788) 0.130309 (2.32652,2.83935) (-0.11842,-0.129257) 0.127587 (-0.0194061,-0.201133) (0.171423,0.179918) 0.139552
5.8 (1.53735,2.5246) (0.597299,0.60511) 0.212519 (2.79844,2.7831) 1.7035 0.791894 (0.358813,0.372751) (0.196851,0.194486) 0.142982 (1.46569,1.94591) (-0.156478,-0.168797) 0.130309 (2.31468,2.82642) (-0.11843,-0.129248) 0.127587 (-0.0022628,-0.183142) (0.171432,0.179909) 0.139552
5.9 (1.59607,2.58352) (0.587207,0.589258) 0.212519 (2.79844,2.7831) 1.7035 0.787141 (0.378498,0.3922) (0.196848,0.194489) 0.142982 (1.45004,1.92903) (-0.156487,-0.168788) 0.130309 (2.30283,2.8135) (-0.118434,-0.129244) 0.127587 (0.0148785,-0.165149) (0.171413,0.179928) 0.139552
6 (1.65347,2.64079) (0.573973,0.57265) 0.212519 (2.79844,2.7831) 1.7035 0.784245 (0.398182,0.41165) (0.196841,0.194497) 0.142982 (1.43439,1.91215) (-0.156466,-0.168808) 0.130309 (2.29099,2.80057) (-0.118432,-0.129245) 0.127587 (0.03202,-0.147157) (0.171415,0.179926) 0.139552
6.1 (1.70924,2.69623) (0.557777,0.554409) 0.212519 (2.79844,2.7831) 1.7035 0.78237 (0.417868,0.431098) (0.196855,0.194482) 0.142982 (1.41874,1.89527) (-0.15647,-0.168804) 0.130309 (2.27915,2.78765) (-0.118429,-0.129248) 0.127587 (0.0491622,-0.129165) (0.171422,0.179919) 0.139552
6.2 (1.76312,2.74964) (0.538804,0.534135) 0.212519 (2.79844,2.7831) 1.7035 0.781046 (0.437553,0.450547) (0.196851,0.194487) 0.142982 (1.4031,1.87839) (-0.15648,-0.168795) 0.130309 (2.2673,2.77472) (-0.118417,-0.129259) 0.127587 (0.066305,-0.111174) (0.171428,0.179913) 0.139552
6.3 (1.81482,2.80078) (0.516941,0.511379) 0.212519 (2.79844,2.7831) 1.7035 0.779989 (0.457238,0.469996) (0.19685,0.194487) 0.142982 (1.38745,1.86151) (-0.156463,-0.168811) 0.130309 (2.25546,2.7618) (-0.118426,-0.129252) 0.127587 (0.0834465,-0.0931809) (0.171415,0.179926) 0.139552
6.4 (1.86326,2.84859) (0.484374,0.478114) 0.212519 (2.79844,2.7831) 1.7035 0.778894 (0.476924,0.489443) (0.196859,0.194478) 0.142982 (1.3718,1.84463) (-0.156493,-0.168782) 0.130309 (2.24362,2.74887) (-0.118429,-0.129248) 0.127587 (0.100588,-0.0751887) (0.171419,0.179922) 0.139552
6.5 (1.90692,2.89157) (0.436684,0.42978) 0.212519 (2.79844,2.7831) 1.7035 0.777431 (0.496609,0.508892) (0.196849,0.194488) 0.142982 (1.35615,1.82775) (-0.156479,-0.168796) 0.130309 (2.23178,2.73595) (-0.118429,-0.129249) 0.127587 (0.117731,-0.0571967) (0.171421,0.179921) 0.139552
6.6 (1.9463,2.93021) (0.393802,0.386359) 0.212519 (2.79844,2.7831) 1.7035 0.775858 (0.516293,0.528341) (0.196846,0.194491) 0.142982 (1.34051,1.81087) (-0.156473,-0.168801) 0.130309 (2.21993,2.72302) (-0.118423,-0.129254) 0.127587 (0.134872,-0.0392036) (0.17141,0.17993) 0.139552
6.7 (1.98183,2.96493) (0.355245,0.347227) 0.212519 (2.79844,2.7831) 1.7035 0.773985 (0.535978,0.547791) (0.196845,0.194493) 0.142982 (1.32486,1.79399) (-0.156491,-0.168785) 0.130309 (2.20809,2.7101) (-0.118433,-0.129245) 0.127587 (0.152013,-0.0212108) (0.171412,0.179929) 0.139552
6.8 (2.02293,2.99868) (0.41102,0.337512) 0.212519 (2.79844,2.7831) 1.7035 0.687509 (0.555663,0.567239) (0.196856,0.194481) 0.142982 (1.30921,1.77711) (-0.156471,-0.168803) 0.130309 (2.19625,2.69717) (-0.118427,-0.129251) 0.127587 (0.169156,-0.00321987) (0.171433,0.179909) 0.139552
6.9 (2.08525,3.02444) (0.623232,0.257615) 0.212519 (2.79844,2.7831) 1.7035 0.391964 (0.575348,0.586688) (0.196842,0.194496) 0.142982 (1.29356,1.76023) (-0.156482,-0.168792) 0.130309 (2.1844,2.68425) (-0.118422,-0.129255) 0.127587 (0.186298,0.0147726) (0.171417,0.179924) 0.139552
7 (2.15661,3.03082) (0.713523,0.0637677) 0.212519 (2.79844,2.7831) 1.7035 0.0891334 (0.595032,0.606137) (0.196846,0.194491) 0.142982 (1.27791,1.74335) (-0.15647,-0.168804) 0.130309 (2.17256,2.67132) (-0.118429,-0.129248) 0.127587 (0.203439,0.0327655) (0.171411,0.17993) 0.139552
7.1 (2.22387,3.01641) (0.672605,-0.144027) 0.212519 (2.79844,2.7831) 1.7035 -0.210948 (0.614718,0.625585) (0.19686,0.194477) 0.142982 (1.26226,1.72647) (-0.156488,-0.168787) 0.130309 (2.16072,2.6584) (-0.118426,-0.129251) 0.127587 (0.220582,0.0507563) (0.171434,0.179908) 0.139552
7.2 (2.28133,2.99307) (0.574607,-0.233409) 0.212519 (2.79844,2.7831) 1.7035 -0.385846 (0.634404,0.645033) (0.196855,0.194483) 0.142982 (1.24662,1.70959) (-0.156479,-0.168796) 0.130309 (2.14888,2.64547) (-0.118425,-0.129252) 0.127587 (0.237724,0.0687487) (0.171417,0.179924) 0.139552
7.3 (2.33304,2.97207) (0.517113,-0.210029) 0.212519 (2.79844,2.7831) 1.7035 -0.385803 (0.654089,0.664482) (0.19685,0.194487) 0.142982 (1.23097,1.69271) (-0.156469,-0.168805) 0.130309 (2.13703,2.63255) (-0.118427,-0.12925) 0.127587 (0.254867,0.0867393) (0.171436,0.179906) 0.139552
