[]
timestamp position0 velocity0 radius0 goal pref_speed theta position1 velocity1 radius1 position2 velocity2 radius2 position3 velocity3 radius3 position4 velocity4 radius4 position5 velocity5 radius5 position6 velocity6 radius6
0 (-1.82035,-1.51221) (0,0) 0.21749 (2.79844,2.7831) 1.57117 0 (-0.925108,-0.72376) (0,0) 0.181072 (2.75615,2.3996) (0,0) 0.206229 (3.26778,3.01695) (0,0) 0.136764 (-1.16505,-0.9599) (0,0) 0.144977
0.1 (-1.81971,-1.50529) (0.0063592,0.0691916) 0.21749 (2.79844,2.7831) 1.57117 1.47915 (-0.914752,-0.714006) (0.103563,0.0975424) 0.181072 (2.73979,2.38531) (-0.163638,-0.14285) 0.206229 (3.25468,3.02185) (-0.131042,0.0490116) 0.136764 (-1.16389,-0.960932) (0.0116391,-0.0103149) 0.144977
0.2 (-1.82128,-1.47216) (-0.0157338,0.331253) 0.21749 (2.79844,2.7831) 1.57117 1.61826 (-0.904396,-0.704252) (0.103563,0.0975423) 0.181072 (2.72342,2.37103) (-0.163657,-0.142829) 0.206229 (3.2443,3.01247) (-0.103792,-0.0938153) 0.136764 (-1.15341,-0.960497) (0.104767,0.00434857) 0.144977
0.3 (-1.79976,-1.3974) (0.215199,0.74759) 0.21749 (2.79844,2.7831) 1.57117 1.29052 (-0.894038,-0.694498) (0.103572,0.0975329) 0.181072 (2.70706,2.35674) (-0.163641,-0.142847) 0.206229 (3.23392,3.00308) (-0.103787,-0.0938205) 0.136764 (-1.13985,-0.956547) (0.135552,0.0394998) 0.144977
0.4 (-1.75646,-1.31108) (0.433062,0.863216) 0.21749 (2.79844,2.7831) 1.57117 1.1058 (-0.883681,-0.684745) (0.103572,0.0975328) 0.181072 (2.6907,2.34246) (-0.163639,-0.142849) 0.206229 (3.22354,2.9937) (-0.103792,-0.0938154) 0.136764 (-1.12742,-0.949852) (0.12431,0.0669435) 0.144977
0.5 (-1.70802,-1.22916) (0.484403,0.8192) 0.21749 (2.79844,2.7831) 1.57117 1.03679 (-0.873325,-0.674991) (0.103567,0.0975384) 0.181072 (2.67433,2.32817) (-0.163636,-0.142853) 0.206229 (3.21316,2.98432) (-0.103789,-0.0938183) 0.136764 (-1.11595,-0.941627) (0.114754,0.0822563) 0.144977
0.6 (-1.65701,-1.14861) (0.510064,0.805479) 0.21749 (2.79844,2.7831) 1.57117 1.00629 (-0.862969,-0.665236) (0.103557,0.0975486) 0.181072 (2.65797,2.31389) (-0.16364,-0.142848) 0.206229 (3.20278,2.97494) (-0.103787,-0.09382) 0.136764 (-1.10554,-0.932085) (0.10407,0.0954143) 0.144977
0.7 (-1.60537,-1.06851) (0.516416,0.801031) 0.21749 (2.79844,2.7831) 1.57117 0.998164 (-0.852612,-0.655482) (0.103567,0.0975385) 0.181072 (2.6416,2.2996) (-0.163633,-0.142856) 0.206229 (3.19241,2.96556) (-0.103783,-0.0938245) 0.136764 (-1.09536,-0.922305) (0.101824,0.0978079) 0.144977
0.8 (-1.55355,-0.988643) (0.518237,0.798677) 0.21749 (2.79844,2.7831) 1.57117 0.995216 (-0.842256,-0.645728) (0.103565,0.0975406) 0.181072 (2.62524,2.28532) (-0.163636,-0.142853) 0.206229 (3.18203,2.95617) (-0.103788,-0.0938195) 0.136764 (-1.08517,-0.912525) (0.10184,0.0977913) 0.144977
0.9 (-1.50162,-0.908952) (0.519239,0.796909) 0.21749 (2.79844,2.7831) 1.57117 0.993321 (-0.831899,-0.635975) (0.103568,0.0975374) 0.181072 (2.60888,2.27103) (-0.163633,-0.142857) 0.206229 (3.17165,2.94679) (-0.103782,-0.0938257) 0.136764 (-1.07499,-0.902746) (0.101834,0.0977978) 0.144977
1 (-1.44966,-0.829436) (0.519584,0.795156) 0.21749 (2.79844,2.7831) 1.57117 0.992009 (-0.821542,-0.626221) (0.103568,0.0975373) 0.181072 (2.59251,2.25675) (-0.163637,-0.142852) 0.206229 (3.16127,2.93741) (-0.103793,-0.0938142) 0.136764 (-1.06481,-0.892966) (0.101836,0.0977955) 0.144977
1.1 (-1.39769,-0.750081) (0.519716,0.793553) 0.21749 (2.79844,2.7831) 1.57117 0.990968 (-0.811186,-0.616467) (0.103565,0.0975406) 0.181072 (2.57615,2.24246) (-0.163642,-0.142846) 0.206229 (3.15089,2.92803) (-0.103785,-0.0938224) 0.136764 (-1.05462,-0.883186) (0.101827,0.0978049) 0.144977
1.2 (-1.34569,-0.670872) (0.520069,0.79209) 0.21749 (2.79844,2.7831) 1.57117 0.989811 (-0.800829,-0.606713) (0.103566,0.0975392) 0.181072 (2.55979,2.22818) (-0.163647,-0.14284) 0.206229 (3.14051,2.91864) (-0.103785,-0.0938231) 0.136764 (-1.04444,-0.873407) (0.10184,0.097791) 0.144977
1.3 (-1.28885,-0.591962) (0.568362,0.789096) 0.21749 (2.79844,2.7831) 1.57117 0.946595 (-0.790472,-0.596959) (0.103569,0.0975364) 0.181072 (2.54342,2.21389) (-0.163632,-0.142857) 0.206229 (3.13013,2.90926) (-0.103783,-0.0938245) 0.136764 (-1.03426,-0.863626) (0.101831,0.0978006) 0.144977
1.4 (-1.22981,-0.514438) (0.590434,0.775246) 0.21749 (2.79844,2.7831) 1.57117 0.919907 (-0.780115,-0.587206) (0.10357,0.0975354) 0.181072 (2.52706,2.19961) (-0.163653,-0.142834) 0.206229 (3.11976,2.89988) (-0.103786,-0.093822) 0.136764 (-1.02407,-0.853846) (0.101831,0.0978002) 0.144977
1.5 (-1.16925,-0.437886) (0.605595,0.765523) 0.21749 (2.79844,2.7831) 1.57117 0.901514 (-0.769758,-0.577452) (0.103569,0.0975363) 0.181072 (2.51069,2.18532) (-0.163636,-0.142853) 0.206229 (3.10938,2.8905) (-0.10378,-0.0938284) 0.136764 (-1.01389,-0.844067) (0.101836,0.0977958) 0.144977
1.6 (-1.10745,-0.362084) (0.617942,0.758012) 0.21749 (2.79844,2.7831) 1.57117 0.886847 (-0.759402,-0.567698) (0.103569,0.0975364) 0.181072 (2.49433,2.17104) (-0.163631,-0.142858) 0.206229 (3.099,2.88112) (-0.103791,-0.0938159) 0.136764 (-1.00371,-0.834287) (0.101829,0.0978029) 0.144977
1.7 (-1.04413,-0.287058) (0.633225,0.750266) 0.21749 (2.79844,2.7831) 1.57117 0.869796 (-0.749045,-0.557945) (0.103566,0.0975392) 0.181072 (2.47797,2.15675) (-0.163645,-0.142842) 0.206229 (3.08862,2.87173) (-0.103785,-0.0938229) 0.136764 (-0.993525,-0.824506) (0.101831,0.097801) 0.144977
1.8 (-0.974332,-0.21529) (0.69798,0.717672) 0.21749 (2.79844,2.7831) 1.57117 0.799307 (-0.738688,-0.548191) (0.103566,0.0975391) 0.181072 (2.4616,2.14247) (-0.163639,-0.142849) 0.206229 (3.07824,2.86235) (-0.103781,-0.0938275) 0.136764 (-0.983342,-0.814726) (0.101824,0.0978077) 0.144977
1.9 (-0.901745,-0.146555) (0.725863,0.687355) 0.21749 (2.79844,2.7831) 1.57117 0.758157 (-0.728332,-0.538437) (0.103565,0.0975398) 0.181072 (2.44524,2.12818) (-0.163649,-0.142838) 0.206229 (3.06786,2.85297) (-0.103788,-0.0938193) 0.136764 (-0.973159,-0.804946) (0.10183,0.0978016) 0.144977
2 (-0.827779,-0.0794096) (0.739664,0.671454) 0.21749 (2.79844,2.7831) 1.57117 0.737098 (-0.717975,-0.528683) (0.103565,0.0975399) 0.181072 (2.42887,2.1139) (-0.163646,-0.142841) 0.206229 (3.05748,2.84359) (-0.103785,-0.0938227) 0.136764 (-0.962977,-0.795165) (0.101825,0.0978067) 0.144977
2.1 (-0.753107,-0.0130791) (0.746717,0.663305) 0.21749 (2.79844,2.7831) 1.57117 0.72631 (-0.707618,-0.518929) (0.103569,0.0975361) 0.181072 (2.41251,2.09962) (-0.163644,-0.142844) 0.206229 (3.04711,2.8342) (-0.103783,-0.0938251) 0.136764 (-0.952794,-0.785385) (0.101829,0.0978022) 0.144977
2.2 (-0.678078,0.0528309) (0.750295,0.659101) 0.21749 (2.79844,2.7831) 1.57117 0.720784 (-0.697262,-0.509175) (0.103566,0.0975389) 0.181072 (2.39614,2.08533) (-0.16364,-0.142849) 0.206229 (3.03673,2.82482) (-0.103785,-0.0938222) 0.136764 (-0.94261,-0.775605) (0.101839,0.0977924) 0.144977
2.3 (-0.602864,0.118527) (0.75214,0.65696) 0.21749 (2.79844,2.7831) 1.57117 0.717954 (-0.686905,-0.499421) (0.103565,0.0975407) 0.181072 (2.37978,2.07104) (-0.163636,-0.142853) 0.206229 (3.02635,2.81544) (-0.103788,-0.0938194) 0.136764 (-0.932427,-0.765826) (0.101834,0.0977976) 0.144977
2.4 (-0.52756,0.184109) (0.75304,0.655825) 0.21749 (2.79844,2.7831) 1.57117 0.716505 (-0.676549,-0.489667) (0.103566,0.0975395) 0.181072 (2.36342,2.05676) (-0.163651,-0.142836) 0.206229 (3.01597,2.80606) (-0.103787,-0.0938204) 0.136764 (-0.922244,-0.756045) (0.101828,0.0978039) 0.144977
2.5 (-0.452212,0.249631) (0.753475,0.655218) 0.21749 (2.79844,2.7831) 1.57117 0.715761 (-0.666191,-0.479914) (0.103575,0.0975302) 0.181072 (2.34705,2.04248) (-0.163634,-0.142855) 0.206229 (3.00559,2.79668) (-0.103788,-0.093819) 0.136764 (-0.912061,-0.746265) (0.101832,0.0977998) 0.144977
2.6 (-0.376843,0.315122) (0.753691,0.654903) 0.21749 (2.79844,2.7831) 1.57117 0.71538 (-0.655835,-0.47016) (0.103562,0.0975435) 0.181072 (2.33069,2.02819) (-0.163644,-0.142844) 0.206229 (2.99521,2.78729) (-0.103784,-0.093824) 0.136764 (-0.901878,-0.736485) (0.101833,0.0977988) 0.144977
2.7 (-0.30147,0.380589) (0.753738,0.654679) 0.21749 (2.79844,2.7831) 1.57117 0.715181 (-0.645478,-0.460407) (0.103575,0.09753) 0.181072 (2.31432,2.01391) (-0.163644,-0.142844) 0.206229 (2.98483,2.77791) (-0.103785,-0.0938228) 0.136764 (-0.891693,-0.726706) (0.10184,0.0977907) 0.144977
2.8 (-0.226097,0.446043) (0.753723,0.654532) 0.21749 (2.79844,2.7831) 1.57117 0.715079 (-0.635121,-0.450653) (0.10357,0.0975347) 0.181072 (2.29796,1.99962) (-0.163645,-0.142843) 0.206229 (2.97445,2.76853) (-0.103793,-0.0938139) 0.136764 (-0.88151,-0.716926) (0.101831,0.0978004) 0.144977
2.9 (-0.150723,0.511491) (0.753741,0.654487) 0.21749 (2.79844,2.7831) 1.57117 0.715033 (-0.624764,-0.440899) (0.103565,0.0975399) 0.181072 (2.28159,1.98534) (-0.163641,-0.142848) 0.206229 (2.96408,2.75915) (-0.103792,-0.0938146) 0.136764 (-0.871328,-0.707146) (0.101828,0.0978039) 0.144977
3 (-0.075357,0.57693) (0.753661,0.654385) 0.21749 (2.79844,2.7831) 1.57117 0.715008 (-0.614408,-0.431145) (0.103565,0.0975402) 0.181072 (2.26523,1.97105) (-0.163646,-0.142842) 0.206229 (2.9537,2.74977) (-0.103781,-0.0938273) 0.136764 (-0.861145,-0.697366) (0.101829,0.0978022) 0.144977
3.1 (3.96371e-06,0.642361) (0.753609,0.654312) 0.21749 (2.79844,2.7831) 1.57117 0.714987 (-0.604051,-0.421391) (0.103562,0.0975437) 0.181072 (2.24887,1.95677) (-0.163632,-0.142858) 0.206229 (2.94332,2.74038) (-0.103786,-0.0938215) 0.136764 (-0.850961,-0.687586) (0.101833,0.0977987) 0.144977
3.2 (0.075361,0.707788) (0.75357,0.654268) 0.21749 (2.79844,2.7831) 1.57117 0.71498 (-0.593694,-0.411637) (0.103569,0.097536) 0.181072 (2.2325,1.94248) (-0.163636,-0.142853) 0.206229 (2.93294,2.731) (-0.103784,-0.0938233) 0.136764 (-0.840778,-0.677806) (0.10183,0.0978019) 0.144977
3.3 (0.150705,0.773203) (0.753444,0.654152) 0.21749 (2.79844,2.7831) 1.57117 0.714975 (-0.583339,-0.401883) (0.103558,0.0975479) 0.181072 (2.21614,1.9282) (-0.163653,-0.142833) 0.206229 (2.92256,2.72162) (-0.103786,-0.0938216) 0.136764 (-0.830596,-0.668025) (0.101825,0.0978067) 0.144977
3.4 (0.22604,0.838609) (0.753342,0.654061) 0.21749 (2.79844,2.7831) 1.57117 0.714973 (-0.572982,-0.392129) (0.103567,0.0975382) 0.181072 (2.19977,1.91391) (-0.163632,-0.142858) 0.206229 (2.91218,2.71224) (-0.103777,-0.0938317) 0.136764 (-0.820413,-0.658245) (0.101829,0.0978021) 0.144977
3.5 (0.301367,0.904009) (0.753275,0.653992) 0.21749 (2.79844,2.7831) 1.57117 0.714965 (-0.562625,-0.382375) (0.103566,0.0975392) 0.181072 (2.18341,1.89963) (-0.163631,-0.142859) 0.206229 (2.90181,2.70285) (-0.103782,-0.093826) 0.136764 (-0.81023,-0.648465) (0.101831,0.0978007) 0.144977
3.6 (0.376681,0.969396) (0.753139,0.653874) 0.21749 (2.79844,2.7831) 1.57117 0.714964 (-0.552269,-0.372621) (0.103567,0.0975384) 0.181072 (2.16705,1.88534) (-0.163643,-0.142845) 0.206229 (2.89143,2.69347) (-0.103782,-0.093826) 0.136764 (-0.800047,-0.638685) (0.101829,0.0978025) 0.144977
3.7 (0.451984,1.03477) (0.753027,0.653776) 0.21749 (2.79844,2.7831) 1.57117 0.714964 (-0.541912,-0.362867) (0.103565,0.0975402) 0.181072 (2.15068,1.87106) (-0.163643,-0.142844) 0.206229 (2.88105,2.68409) (-0.103782,-0.093826) 0.136764 (-0.789864,-0.628904) (0.101827,0.0978048) 0.144977
3.8 (0.52727,1.10014) (0.752862,0.653632) 0.21749 (2.79844,2.7831) 1.57117 0.714963 (-0.531555,-0.353114) (0.103571,0.0975339) 0.181072 (2.13432,1.85677) (-0.163641,-0.142847) 0.206229 (2.87067,2.67471) (-0.103782,-0.093826) 0.136764 (-0.779682,-0.619123) (0.101825,0.0978071) 0.144977
3.9 (0.602542,1.16549) (0.752722,0.65351) 0.21749 (2.79844,2.7831) 1.57117 0.714963 (-0.521198,-0.34336) (0.10357,0.0975352) 0.181072 (2.11795,1.84249) (-0.16365,-0.142836) 0.206229 (2.86029,2.66532) (-0.103782,-0.093826) 0.136764 (-0.769499,-0.609343) (0.101829,0.0978028) 0.144977
4 (0.677798,1.23082) (0.752559,0.653368) 0.21749 (2.79844,2.7831) 1.57117 0.714963 (-0.510842,-0.333605) (0.103558,0.0975474) 0.181072 (2.10159,1.82821) (-0.163637,-0.142852) 0.206229 (2.84992,2.65594) (-0.103782,-0.093826) 0.136764 (-0.759316,-0.599563) (0.101826,0.0978055) 0.144977
4.1 (0.753028,1.29614) (0.752297,0.653139) 0.21749 (2.79844,2.7831) 1.57117 0.714962 (-0.500486,-0.323851) (0.103564,0.0975415) 0.181072 (2.08522,1.81392) (-0.163656,-0.14283) 0.206229 (2.83954,2.64656) (-0.103782,-0.093826) 0.136764 (-0.749133,-0.589782) (0.101831,0.097801) 0.144977
4.2 (0.828238,1.36144) (0.752106,0.652972) 0.21749 (2.79844,2.7831) 1.57117 0.714961 (-0.49013,-0.314097) (0.103565,0.0975407) 0.181072 (2.06886,1.79964) (-0.163634,-0.142856) 0.206229 (2.82916,2.63718) (-0.103782,-0.093826) 0.136764 (-0.73895,-0.580003) (0.101837,0.0977947) 0.144977
4.3 (0.903429,1.42672) (0.751908,0.652799) 0.21749 (2.79844,2.7831) 1.57117 0.71496 (-0.479773,-0.304343) (0.103565,0.0975401) 0.181072 (2.0525,1.78535) (-0.163635,-0.142854) 0.206229 (2.81878,2.62779) (-0.103782,-0.093826) 0.136764 (-0.728766,-0.570223) (0.101833,0.0977982) 0.144977
4.4 (0.978591,1.49197) (0.751619,0.652548) 0.21749 (2.79844,2.7831) 1.57117 0.714959 (-0.469416,-0.294589) (0.103566,0.0975394) 0.181072 (2.03613,1.77107) (-0.163642,-0.142846) 0.206229 (2.8084,2.61841) (-0.103782,-0.093826) 0.136764 (-0.718583,-0.560443) (0.101831,0.0978003) 0.144977
4.5 (1.05372,1.5572) (0.751322,0.652288) 0.21749 (2.79844,2.7831) 1.57117 0.714958 (-0.45906,-0.284835) (0.103564,0.0975418) 0.181072 (2.01977,1.75678) (-0.163645,-0.142842) 0.206229 (2.79802,2.60903) (-0.103782,-0.0938261) 0.136764 (-0.7084,-0.550663) (0.101832,0.0977999) 0.144977
4.6 (1.12882,1.6224) (0.750961,0.651973) 0.21749 (2.79844,2.7831) 1.57117 0.714957 (-0.448703,-0.275081) (0.103568,0.0975368) 0.181072 (2.0034,1.7425) (-0.163645,-0.142843) 0.206229 (2.78765,2.59965) (-0.103782,-0.093826) 0.136764 (-0.698218,-0.540882) (0.101824,0.0978073) 0.144977
4.7 (1.20388,1.68756) (0.750572,0.651634) 0.21749 (2.79844,2.7831) 1.57117 0.714956 (-0.438347,-0.265327) (0.103563,0.097542) 0.181072 (1.98704,1.72821) (-0.163646,-0.142841) 0.206229 (2.77727,2.59026) (-0.103782,-0.093826) 0.136764 (-0.688034,-0.531103) (0.101835,0.0977962) 0.144977
4.8 (1.27889,1.75269) (0.750144,0.65126) 0.21749 (2.79844,2.7831) 1.57117 0.714954 (-0.42799,-0.255573) (0.103567,0.0975387) 0.181072 (1.97068,1.71393) (-0.163644,-0.142844) 0.206229 (2.76689,2.58088) (-0.103782,-0.093826) 0.136764 (-0.677851,-0.521323) (0.101831,0.0978006) 0.144977
4.9 (1.35385,1.81776) (0.749591,0.650778) 0.21749 (2.79844,2.7831) 1.57117 0.714953 (-0.417634,-0.245819) (0.103564,0.0975414) 0.181072 (1.95431,1.69965) (-0.163648,-0.142839) 0.206229 (2.75651,2.5715) (-0.103782,-0.093826) 0.136764 (-0.667669,-0.511542) (0.101825,0.0978072) 0.144977
5 (1.42874,1.88278) (0.74894,0.65021) 0.21749 (2.79844,2.7831) 1.57117 0.714951 (-0.407277,-0.236066) (0.10357,0.097535) 0.181072 (1.93795,1.68536) (-0.163645,-0.142843) 0.206229 (2.74613,2.56212) (-0.10378,-0.0938278) 0.136764 (-0.657485,-0.501762) (0.101835,0.0977966) 0.144977
5.1 (1.50356,1.94774) (0.74817,0.649536) 0.21749 (2.79844,2.7831) 1.57117 0.714947 (-0.396921,-0.226311) (0.103561,0.0975451) 0.181072 (1.92158,1.67108) (-0.163642,-0.142846) 0.206229 (2.73576,2.55273) (-0.103779,-0.093829) 0.136764 (-0.647302,-0.491982) (0.101831,0.0978) 0.144977
5.2 (1.57828,2.01261) (0.747236,0.648719) 0.21749 (2.79844,2.7831) 1.57117 0.714942 (-0.386564,-0.216557) (0.103566,0.0975388) 0.181072 (1.90522,1.65679) (-0.163649,-0.142839) 0.206229 (2.72538,2.54335) (-0.10378,-0.0938284) 0.136764 (-0.637119,-0.482202) (0.101832,0.0977992) 0.144977
5.3 (1.6529,2.07739) (0.74619,0.647806) 0.21749 (2.79844,2.7831) 1.57117 0.714938 (-0.376208,-0.206803) (0.103565,0.0975402) 0.181072 (1.88885,1.64251) (-0.163645,-0.142843) 0.206229 (2.715,2.53397) (-0.10378,-0.0938281) 0.136764 (-0.626936,-0.472422) (0.101832,0.0977995) 0.144977
5.4 (1.72738,2.14205) (0.744795,0.646589) 0.21749 (2.79844,2.7831) 1.57117 0.714933 (-0.365852,-0.197048) (0.103559,0.0975472) 0.181072 (1.87249,1.62823) (-0.163658,-0.142828) 0.206229 (2.70462,2.52458) (-0.10378,-0.0938282) 0.136764 (-0.616752,-0.462642) (0.101832,0.0977999) 0.144977
5.5 (1.8017,2.20657) (0.743196,0.645194) 0.21749 (2.79844,2.7831) 1.57117 0.714928 (-0.355495,-0.187295) (0.103568,0.0975367) 0.181072 (1.85612,1.61394) (-0.163645,-0.142842) 0.206229 (2.69424,2.5152) (-0.10378,-0.0938282) 0.136764 (-0.606569,-0.452863) (0.101834,0.0977978) 0.144977
5.6 (1.87581,2.27091) (0.741119,0.643381) 0.21749 (2.79844,2.7831) 1.57117 0.714921 (-0.345138,-0.177541) (0.103566,0.0975395) 0.181072 (1.83976,1.59966) (-0.163647,-0.142841) 0.206229 (2.68387,2.50582) (-0.10378,-0.0938282) 0.136764 (-0.596387,-0.443082) (0.101824,0.0978079) 0.144977
5.7 (1.94965,2.33501) (0.738393,0.641003) 0.21749 (2.79844,2.7831) 1.57117 0.714912 (-0.334782,-0.167786) (0.103561,0.0975441) 0.181072 (1.82339,1.58537) (-0.163632,-0.142857) 0.206229 (2.67349,2.49644) (-0.10378,-0.0938281) 0.136764 (-0.586204,-0.433302) (0.101829,0.0978022) 0.144977
5.8 (2.02021,2.39624) (0.70554,0.612338) 0.21749 (2.79844,2.7831) 1.57117 0.714794 (-0.324426,-0.158033) (0.103567,0.0975385) 0.181072 (1.80703,1.57109) (-0.163641,-0.142848) 0.206229 (2.66311,2.48705) (-0.10378,-0.0938283) 0.136764 (-0.576021,-0.423521) (0.101828,0.0978036) 0.144977
5.9 (2.08372,2.45133) (0.635111,0.550885) 0.21749 (2.79844,2.7831) 1.57117 0.7145 (-0.314068,-0.14828) (0.103575,0.0975299) 0.181072 (1.79067,1.5568) (-0.163643,-0.142845) 0.206229 (2.65273,2.47767) (-0.10378,-0.0938283) 0.136764 (-0.565838,-0.413741) (0.101828,0.0978038) 0.144977
6 (2.1409,2.50089) (0.571764,0.495613) 0.21749 (2.79844,2.7831) 1.57117 0.714174 (-0.303712,-0.138526) (0.103565,0.0975401) 0.181072 (1.7743,1.54252) (-0.163637,-0.142852) 0.206229 (2.64235,2.46829) (-0.10378,-0.0938284) 0.136764 (-0.555655,-0.403961) (0.101836,0.0977955) 0.144977
6.1 (2.19238,2.54548) (0.514814,0.445921) 0.21749 (2.79844,2.7831) 1.57117 0.713812 (-0.293355,-0.128771) (0.103564,0.0975413) 0.181072 (1.75794,1.52823) (-0.163637,-0.142852) 0.206229 (2.63198,2.4589) (-0.10378,-0.0938284) 0.136764 (-0.545472,-0.394181) (0.101826,0.0978061) 0.144977
6.2 (2.23872,2.58559) (0.463453,0.401106) 0.21749 (2.79844,2.7831) 1.57117 0.713409 (-0.282999,-0.119018) (0.103566,0.097539) 0.181072 (1.74157,1.51395) (-0.163655,-0.142832) 0.206229 (2.6216,2.44952) (-0.10378,-0.0938284) 0.136764 (-0.535288,-0.384401) (0.101838,0.0977931) 0.144977
6.3 (2.28045,2.62168) (0.417299,0.360835) 0.21749 (2.79844,2.7831) 1.57117 0.712962 (-0.272641,-0.109264) (0.103572,0.0975328) 0.181072 (1.72521,1.49967) (-0.163652,-0.142834) 0.206229 (2.61122,2.44014) (-0.10378,-0.0938285) 0.136764 (-0.525105,-0.374621) (0.101831,0.0978008) 0.144977
6.4 (2.31802,2.65413) (0.375698,0.324536) 0.21749 (2.79844,2.7831) 1.57117 0.712464 (-0.262285,-0.0995105) (0.103568,0.0975373) 0.181072 (1.70884,1.48538) (-0.163645,-0.142843) 0.206229 (2.60084,2.43076) (-0.10378,-0.0938283) 0.136764 (-0.514923,-0.364841) (0.101825,0.0978065) 0.144977
