[]
timestamp position0 velocity0 radius0 goal pref_speed theta position1 velocity1 radius1 position2 velocity2 radius2 position3 velocity3 radius3 position4 velocity4 radius4 position5 velocity5 radius5 position6 velocity6 radius6
0 (-1.81079,-1.93957) (0,0) 0.201833 (2.79844,2.7831) 1.7728 0 (-0.691386,-0.897739) (0,0) 0.137513 (2.54388,2.83738) (0,0) 0.202825 (3.14804,3.44045) (0,0) 0.144379 (-1.13697,-1.33551) (0,0) 0.176043
0.1 (-1.81132,-1.93108) (-0.00526607,0.0848341) 0.201833 (2.79844,2.7831) 1.7728 1.63279 (-0.680554,-0.886314) (0.108321,0.114251) 0.137513 (2.52702,2.82026) (-0.168528,-0.171268) 0.202825 (3.14532,3.43601) (-0.027163,-0.0444736) 0.144379 (-1.13679,-1.33126) (0.00185271,0.0425039) 0.176043
0.2 (-1.81837,-1.90166) (-0.0705759,0.294256) 0.201833 (2.79844,2.7831) 1.7728 1.80619 (-0.669722,-0.874888) (0.10832,0.114251) 0.137513 (2.51017,2.80313) (-0.168518,-0.171278) 0.202825 (3.13517,3.42562) (-0.101547,-0.103854) 0.144379 (-1.13485,-1.31393) (0.0193576,0.173233) 0.176043
0.3 (-1.81722,-1.82936) (0.011557,0.722936) 0.201833 (2.79844,2.7831) 1.7728 1.55481 (-0.65889,-0.863464) (0.108325,0.114247) 0.137513 (2.49332,2.786) (-0.168524,-0.171272) 0.202825 (3.12501,3.41523) (-0.101551,-0.10385) 0.144379 (-1.12792,-1.28931) (0.069334,0.246177) 0.176043
0.4 (-1.79119,-1.73653) (0.260327,0.92833) 0.201833 (2.79844,2.7831) 1.7728 1.29739 (-0.648058,-0.852039) (0.108322,0.11425) 0.137513 (2.47647,2.76887) (-0.168525,-0.171271) 0.202825 (3.11485,3.40485) (-0.101552,-0.103849) 0.144379 (-1.11732,-1.26604) (0.105999,0.232755) 0.176043
0.5 (-1.75644,-1.6472) (0.347413,0.893331) 0.201833 (2.79844,2.7831) 1.7728 1.1999 (-0.637226,-0.840613) (0.108314,0.114257) 0.137513 (2.45961,2.75175) (-0.168528,-0.171268) 0.202825 (3.1047,3.39446) (-0.101548,-0.103852) 0.144379 (-1.10492,-1.24367) (0.123966,0.223703) 0.176043
0.6 (-1.71595,-1.56042) (0.40492,0.867818) 0.201833 (2.79844,2.7831) 1.7728 1.13423 (-0.626395,-0.829187) (0.108314,0.114258) 0.137513 (2.44276,2.73462) (-0.168534,-0.171262) 0.202825 (3.09454,3.38408) (-0.101554,-0.103847) 0.144379 (-1.09163,-1.22182) (0.132924,0.218498) 0.176043
0.7 (-1.67177,-1.47539) (0.441843,0.85025) 0.201833 (2.79844,2.7831) 1.7728 1.09154 (-0.615562,-0.817763) (0.108326,0.114246) 0.137513 (2.42591,2.71749) (-0.168534,-0.171262) 0.202825 (3.08439,3.37369) (-0.101543,-0.103858) 0.144379 (-1.07788,-1.20025) (0.137439,0.215687) 0.176043
0.8 (-1.62525,-1.39154) (0.465168,0.838474) 0.201833 (2.79844,2.7831) 1.7728 1.06429 (-0.60473,-0.806337) (0.10832,0.114252) 0.137513 (2.40906,2.70037) (-0.168527,-0.171269) 0.202825 (3.07424,3.36331) (-0.10155,-0.10385) 0.144379 (-1.06391,-1.17883) (0.139735,0.214207) 0.176043
0.9 (-1.57727,-1.30848) (0.479769,0.830584) 0.201833 (2.79844,2.7831) 1.7728 1.04699 (-0.593898,-0.794912) (0.10832,0.114252) 0.137513 (2.3922,2.68324) (-0.16852,-0.171276) 0.202825 (3.06408,3.35292) (-0.101549,-0.103852) 0.144379 (-1.04982,-1.15749) (0.1409,0.213442) 0.176043
1 (-1.52839,-1.22597) (0.488848,0.825145) 0.201833 (2.79844,2.7831) 1.7728 1.03595 (-0.583065,-0.783488) (0.108327,0.114245) 0.137513 (2.37535,2.66611) (-0.168536,-0.17126) 0.202825 (3.05393,3.34254) (-0.101549,-0.103852) 0.144379 (-1.03567,-1.13618) (0.141494,0.213049) 0.176043
1.1 (-1.47893,-1.14382) (0.494636,0.821458) 0.201833 (2.79844,2.7831) 1.7728 1.0288 (-0.572233,-0.772063) (0.108325,0.114247) 0.137513 (2.3585,2.64899) (-0.168539,-0.171257) 0.202825 (3.04377,3.33215) (-0.101547,-0.103854) 0.144379 (-1.02149,-1.1149) (0.141801,0.212845) 0.176043
1.2 (-1.42909,-1.06195) (0.498341,0.8187) 0.201833 (2.79844,2.7831) 1.7728 1.02401 (-0.561401,-0.760638) (0.108319,0.114253) 0.137513 (2.34165,2.63186) (-0.168513,-0.171283) 0.202825 (3.03362,3.32177) (-0.101553,-0.103848) 0.144379 (-1.00729,-1.09362) (0.141956,0.212741) 0.176043
1.3 (-1.37902,-0.980319) (0.500752,0.816349) 0.201833 (2.79844,2.7831) 1.7728 1.02058 (-0.550569,-0.749213) (0.10832,0.114252) 0.137513 (2.32479,2.61473) (-0.168546,-0.17125) 0.202825 (3.02346,3.31138) (-0.101543,-0.103858) 0.144379 (-0.993091,-1.07235) (0.142033,0.21269) 0.176043
1.4 (-1.32874,-0.898865) (0.502774,0.814537) 0.201833 (2.79844,2.7831) 1.7728 1.01779 (-0.539738,-0.737787) (0.108315,0.114256) 0.137513 (2.30794,2.59761) (-0.168539,-0.171257) 0.202825 (3.01331,3.301) (-0.101548,-0.103852) 0.144379 (-0.978884,-1.05109) (0.142072,0.212664) 0.176043
1.5 (-1.27818,-0.817568) (0.505563,0.812967) 0.201833 (2.79844,2.7831) 1.7728 1.01445 (-0.528905,-0.726362) (0.108324,0.114248) 0.137513 (2.29108,2.58048) (-0.16852,-0.171276) 0.202825 (3.00315,3.29061) (-0.101551,-0.10385) 0.144379 (-0.964675,-1.02982) (0.14209,0.212652) 0.176043
1.6 (-1.2227,-0.736344) (0.554792,0.812243) 0.201833 (2.79844,2.7831) 1.7728 0.971546 (-0.518073,-0.714937) (0.108316,0.114256) 0.137513 (2.27423,2.56336) (-0.168539,-0.171257) 0.202825 (2.993,3.28023) (-0.10155,-0.10385) 0.144379 (-0.950464,-1.00856) (0.142104,0.212643) 0.176043
1.7 (-1.16171,-0.657731) (0.609959,0.786135) 0.201833 (2.79844,2.7831) 1.7728 0.910926 (-0.507241,-0.703512) (0.108321,0.11425) 0.137513 (2.25738,2.54623) (-0.168534,-0.171262) 0.202825 (2.98284,3.26984) (-0.101557,-0.103844) 0.144379 (-0.936254,-0.987293) (0.142107,0.212641) 0.176043
1.8 (-1.09849,-0.581134) (0.632216,0.765966) 0.201833 (2.79844,2.7831) 1.7728 0.880768 (-0.496409,-0.692087) (0.108323,0.114249) 0.137513 (2.24052,2.5291) (-0.168541,-0.171255) 0.202825 (2.97269,3.25946) (-0.101544,-0.103857) 0.144379 (-0.922043,-0.966029) (0.142111,0.212638) 0.176043
1.9 (-1.03414,-0.505589) (0.643491,0.755444) 0.201833 (2.79844,2.7831) 1.7728 0.865255 (-0.485577,-0.680661) (0.10832,0.114252) 0.137513 (2.22367,2.51198) (-0.168527,-0.171269) 0.202825 (2.96253,3.24907) (-0.101548,-0.103853) 0.144379 (-0.907831,-0.944765) (0.142114,0.212636) 0.176043
2 (-0.969223,-0.430603) (0.649141,0.749861) 0.201833 (2.79844,2.7831) 1.7728 0.857268 (-0.474745,-0.669236) (0.10832,0.114252) 0.137513 (2.20682,2.49485) (-0.168538,-0.171258) 0.202825 (2.95238,3.23869) (-0.101554,-0.103847) 0.144379 (-0.89362,-0.923502) (0.142114,0.212636) 0.176043
2.1 (-0.904025,-0.355912) (0.651975,0.746919) 0.201833 (2.79844,2.7831) 1.7728 0.853165 (-0.463913,-0.657811) (0.10832,0.114252) 0.137513 (2.18997,2.47772) (-0.16852,-0.171276) 0.202825 (2.94222,3.2283) (-0.101549,-0.103852) 0.144379 (-0.879408,-0.902238) (0.142114,0.212636) 0.176043
2.2 (-0.838697,-0.28139) (0.653281,0.745217) 0.201833 (2.79844,2.7831) 1.7728 0.851043 (-0.453081,-0.646386) (0.108323,0.114249) 0.137513 (2.17311,2.4606) (-0.168533,-0.171263) 0.202825 (2.93207,3.21792) (-0.101551,-0.103849) 0.144379 (-0.865197,-0.880975) (0.142114,0.212636) 0.176043
2.3 (-0.773319,-0.206974) (0.653779,0.74416) 0.201833 (2.79844,2.7831) 1.7728 0.849961 (-0.442248,-0.634962) (0.10833,0.114242) 0.137513 (2.15626,2.44347) (-0.168529,-0.171267) 0.202825 (2.92191,3.20753) (-0.101545,-0.103855) 0.144379 (-0.850986,-0.859711) (0.142115,0.212635) 0.176043
2.4 (-0.707927,-0.132625) (0.653925,0.743488) 0.201833 (2.79844,2.7831) 1.7728 0.849402 (-0.431415,-0.623537) (0.108326,0.114246) 0.137513 (2.13941,2.42634) (-0.168531,-0.171265) 0.202825 (2.91176,3.19715) (-0.101543,-0.103857) 0.144379 (-0.836774,-0.838448) (0.14212,0.212632) 0.176043
2.5 (-0.642541,-0.0583265) (0.653859,0.742984) 0.201833 (2.79844,2.7831) 1.7728 0.849117 (-0.420583,-0.612113) (0.108326,0.114246) 0.137513 (2.12255,2.40922) (-0.168534,-0.171262) 0.202825 (2.9016,3.18676) (-0.101549,-0.103852) 0.144379 (-0.822562,-0.817185) (0.14212,0.212632) 0.176043
2.6 (-0.577183,0.0159188) (0.653577,0.742453) 0.201833 (2.79844,2.7831) 1.7728 0.848976 (-0.40975,-0.600688) (0.108328,0.114244) 0.137513 (2.1057,2.39209) (-0.168537,-0.171259) 0.202825 (2.89145,3.17638) (-0.101548,-0.103853) 0.144379 (-0.808349,-0.795922) (0.14212,0.212632) 0.176043
2.7 (-0.511855,0.09012) (0.65328,0.742013) 0.201833 (2.79844,2.7831) 1.7728 0.848907 (-0.398917,-0.589264) (0.108327,0.114245) 0.137513 (2.08885,2.37497) (-0.168533,-0.171263) 0.202825 (2.88129,3.16599) (-0.101545,-0.103856) 0.144379 (-0.794137,-0.774659) (0.142122,0.212631) 0.176043
2.8 (-0.446565,0.164274) (0.652906,0.741536) 0.201833 (2.79844,2.7831) 1.7728 0.848873 (-0.388084,-0.57784) (0.108332,0.11424) 0.137513 (2.07199,2.35784) (-0.16853,-0.171266) 0.202825 (2.87114,3.15561) (-0.101555,-0.103846) 0.144379 (-0.779925,-0.753395) (0.142122,0.212631) 0.176043
2.9 (-0.381308,0.238386) (0.652562,0.74112) 0.201833 (2.79844,2.7831) 1.7728 0.848855 (-0.377251,-0.566415) (0.108329,0.114243) 0.137513 (2.05514,2.34071) (-0.168527,-0.171269) 0.202825 (2.86098,3.14522) (-0.10155,-0.10385) 0.144379 (-0.765713,-0.732133) (0.142125,0.212629) 0.176043
3 (-0.316099,0.312444) (0.6521,0.740585) 0.201833 (2.79844,2.7831) 1.7728 0.848849 (-0.366418,-0.554991) (0.108329,0.114243) 0.137513 (2.03829,2.32359) (-0.168533,-0.171263) 0.202825 (2.85083,3.13484) (-0.10155,-0.103851) 0.144379 (-0.7515,-0.71087) (0.142125,0.212629) 0.176043
3.1 (-0.250933,0.386453) (0.651655,0.740086) 0.201833 (2.79844,2.7831) 1.7728 0.848853 (-0.355585,-0.543567) (0.108329,0.114243) 0.137513 (2.02143,2.30646) (-0.168532,-0.171264) 0.202825 (2.84067,3.12445) (-0.101554,-0.103847) 0.144379 (-0.737288,-0.689607) (0.142125,0.212629) 0.176043
3.2 (-0.185818,0.460405) (0.651147,0.739518) 0.201833 (2.79844,2.7831) 1.7728 0.848859 (-0.344752,-0.532142) (0.108329,0.114243) 0.137513 (2.00458,2.28933) (-0.168531,-0.171265) 0.202825 (2.83052,3.11406) (-0.10154,-0.103861) 0.144379 (-0.723075,-0.668344) (0.142125,0.212629) 0.176043
3.3 (-0.120761,0.534292) (0.650571,0.738875) 0.201833 (2.79844,2.7831) 1.7728 0.848866 (-0.333919,-0.520718) (0.108329,0.114243) 0.137513 (1.98773,2.27221) (-0.168528,-0.171268) 0.202825 (2.82036,3.10368) (-0.101543,-0.103858) 0.144379 (-0.708863,-0.647081) (0.142125,0.212629) 0.176043
3.4 (-0.0557622,0.608114) (0.64999,0.738225) 0.201833 (2.79844,2.7831) 1.7728 0.848873 (-0.323086,-0.509294) (0.108329,0.114243) 0.137513 (1.97087,2.25508) (-0.168529,-0.171266) 0.202825 (2.81021,3.09329) (-0.101553,-0.103847) 0.144379 (-0.69465,-0.625818) (0.142125,0.212629) 0.176043
3.5 (0.00917253,0.681865) (0.649347,0.73751) 0.201833 (2.79844,2.7831) 1.7728 0.848883 (-0.312253,-0.49787) (0.108329,0.114243) 0.137513 (1.95402,2.23795) (-0.168524,-0.171272) 0.202825 (2.80005,3.08291) (-0.101547,-0.103854) 0.144379 (-0.680438,-0.604555) (0.142125,0.212629) 0.176043
3.6 (0.074043,0.755544) (0.648705,0.73679) 0.201833 (2.79844,2.7831) 1.7728 0.848889 (-0.30142,-0.486445) (0.108329,0.114243) 0.137513 (1.93717,2.22083) (-0.168527,-0.171269) 0.202825 (2.7899,3.07252) (-0.101549,-0.103852) 0.144379 (-0.666225,-0.583292) (0.142125,0.212629) 0.176043
3.7 (0.138835,0.829136) (0.647916,0.735913) 0.201833 (2.79844,2.7831) 1.7728 0.848902 (-0.290588,-0.475021) (0.108329,0.114243) 0.137513 (1.92032,2.2037) (-0.168526,-0.17127) 0.202825 (2.77974,3.06214) (-0.101555,-0.103846) 0.144379 (-0.652013,-0.562029) (0.142125,0.212629) 0.176043
3.8 (0.203544,0.902635) (0.647092,0.734996) 0.201833 (2.79844,2.7831) 1.7728 0.848915 (-0.279755,-0.463597) (0.108329,0.114243) 0.137513 (1.90346,2.18657) (-0.168527,-0.171269) 0.202825 (2.76959,3.05175) (-0.101551,-0.10385) 0.144379 (-0.6378,-0.540767) (0.142125,0.212629) 0.176043
3.9 (0.268165,0.976037) (0.646213,0.734019) 0.201833 (2.79844,2.7831) 1.7728 0.84893 (-0.268922,-0.452172) (0.108329,0.114243) 0.137513 (1.88661,2.16945) (-0.168527,-0.171269) 0.202825 (2.75943,3.04137) (-0.101556,-0.103845) 0.144379 (-0.623588,-0.519504) (0.142125,0.212629) 0.176043
4 (0.332683,1.04932) (0.645179,0.732871) 0.201833 (2.79844,2.7831) 1.7728 0.848947 (-0.258089,-0.440748) (0.108329,0.114243) 0.137513 (1.86976,2.15232) (-0.168527,-0.171269) 0.202825 (2.74928,3.03098) (-0.101555,-0.103846) 0.144379 (-0.609375,-0.498241) (0.142125,0.212629) 0.176043
4.1 (0.397098,1.1225) (0.644153,0.731731) 0.201833 (2.79844,2.7831) 1.7728 0.848964 (-0.247256,-0.429324) (0.108329,0.114243) 0.137513 (1.85291,2.13519) (-0.168527,-0.171269) 0.202825 (2.73912,3.0206) (-0.10155,-0.103851) 0.144379 (-0.595163,-0.476978) (0.142125,0.212629) 0.176043
4.2 (0.461391,1.19553) (0.642931,0.730373) 0.201833 (2.79844,2.7831) 1.7728 0.848985 (-0.236423,-0.4179) (0.108329,0.114243) 0.137513 (1.83605,2.11806) (-0.16852,-0.171276) 0.202825 (2.72897,3.01021) (-0.101548,-0.103853) 0.144379 (-0.58095,-0.455715) (0.142125,0.212629) 0.176043
4.3 (0.525549,1.26842) (0.641574,0.728857) 0.201833 (2.79844,2.7831) 1.7728 0.849003 (-0.22559,-0.406475) (0.108329,0.114243) 0.137513 (1.8192,2.10094) (-0.168524,-0.171272) 0.202825 (2.71881,2.99983) (-0.101556,-0.103845) 0.144379 (-0.566738,-0.434452) (0.142125,0.212629) 0.176043
4.4 (0.589566,1.34115) (0.640169,0.727296) 0.201833 (2.79844,2.7831) 1.7728 0.849027 (-0.214757,-0.395051) (0.108329,0.114243) 0.137513 (1.80235,2.08381) (-0.168524,-0.171272) 0.202825 (2.70866,2.98944) (-0.101545,-0.103855) 0.144379 (-0.552525,-0.413189) (0.142125,0.212629) 0.176043
4.5 (0.653423,1.4137) (0.63857,0.725519) 0.201833 (2.79844,2.7831) 1.7728 0.849054 (-0.203924,-0.383627) (0.108329,0.114243) 0.137513 (1.7855,2.06668) (-0.168524,-0.171272) 0.202825 (2.6985,2.97906) (-0.101551,-0.10385) 0.144379 (-0.538313,-0.391926) (0.142125,0.212629) 0.176043
4.6 (0.717101,1.48606) (0.636786,0.723537) 0.201833 (2.79844,2.7831) 1.7728 0.849085 (-0.193091,-0.372203) (0.108329,0.114243) 0.137513 (1.76864,2.04955) (-0.168524,-0.171272) 0.202825 (2.68835,2.96867) (-0.101553,-0.103848) 0.144379 (-0.5241,-0.370664) (0.142125,0.212629) 0.176043
4.7 (0.780579,1.55819) (0.634776,0.721304) 0.201833 (2.79844,2.7831) 1.7728 0.849119 (-0.182258,-0.360778) (0.108329,0.114243) 0.137513 (1.75179,2.03243) (-0.168524,-0.171272) 0.202825 (2.67819,2.95829) (-0.101554,-0.103847) 0.144379 (-0.509888,-0.349401) (0.142125,0.212629) 0.176043
4.8 (0.843843,1.63008) (0.63264,0.718931) 0.201833 (2.79844,2.7831) 1.7728 0.849156 (-0.171425,-0.349354) (0.108329,0.114243) 0.137513 (1.73494,2.0153) (-0.168524,-0.171272) 0.202825 (2.66804,2.94791) (-0.101558,-0.103843) 0.144379 (-0.495675,-0.328138) (0.142125,0.212629) 0.176043
4.9 (0.906854,1.70169) (0.630114,0.716124) 0.201833 (2.79844,2.7831) 1.7728 0.8492 (-0.160592,-0.33793) (0.108329,0.114243) 0.137513 (1.71809,1.99817) (-0.168524,-0.171272) 0.202825 (2.65788,2.93752) (-0.101545,-0.103856) 0.144379 (-0.481463,-0.306875) (0.142125,0.212629) 0.176043
5 (0.969584,1.77299) (0.627301,0.712998) 0.201833 (2.79844,2.7831) 1.7728 0.84925 (-0.149759,-0.326505) (0.108329,0.114243) 0.137513 (1.70124,1.98105) (-0.168523,-0.171273) 0.202825 (2.64773,2.92713) (-0.101551,-0.10385) 0.144379 (-0.46725,-0.285612) (0.142125,0.212629) 0.176043
5.1 (1.03201,1.84395) (0.624208,0.70956) 0.201833 (2.79844,2.7831) 1.7728 0.849304 (-0.138926,-0.315081) (0.108329,0.114243) 0.137513 (1.68438,1.96392) (-0.168523,-0.171273) 0.202825 (2.63757,2.91675) (-0.101551,-0.10385) 0.144379 (-0.453038,-0.264349) (0.142125,0.212629) 0.176043
5.2 (1.09407,1.9145) (0.620605,0.705557) 0.201833 (2.79844,2.7831) 1.7728 0.849369 (-0.128093,-0.303657) (0.108329,0.114243) 0.137513 (1.66753,1.94679) (-0.168523,-0.171273) 0.202825 (2.62742,2.90636) (-0.101544,-0.103856) 0.144379 (-0.438825,-0.243086) (0.142125,0.212629) 0.176043
5.3 (1.15572,1.98461) (0.616586,0.701091) 0.201833 (2.79844,2.7831) 1.7728 0.849442 (-0.11726,-0.292233) (0.108329,0.114243) 0.137513 (1.65068,1.92966) (-0.168523,-0.171273) 0.202825 (2.61726,2.89598) (-0.101549,-0.103852) 0.144379 (-0.424613,-0.221823) (0.142125,0.212629) 0.176043
5.4 (1.21691,2.0542) (0.611873,0.695855) 0.201833 (2.79844,2.7831) 1.7728 0.849529 (-0.106427,-0.280808) (0.108329,0.114243) 0.137513 (1.63383,1.91254) (-0.168523,-0.171273) 0.202825 (2.60711,2.88559) (-0.101548,-0.103853) 0.144379 (-0.410401,-0.20056) (0.142125,0.212629) 0.176043
5.5 (1.27757,2.12319) (0.606571,0.689963) 0.201833 (2.79844,2.7831) 1.7728 0.849629 (-0.0955945,-0.269384) (0.108329,0.114243) 0.137513 (1.61697,1.89541) (-0.16852,-0.171276) 0.202825 (2.59695,2.87521) (-0.101557,-0.103844) 0.144379 (-0.396188,-0.179298) (0.142125,0.212629) 0.176043
5.6 (1.33762,2.19151) (0.600484,0.683188) 0.201833 (2.79844,2.7831) 1.7728 0.849737 (-0.0847616,-0.25796) (0.108329,0.114243) 0.137513 (1.60012,1.87828) (-0.168526,-0.17127) 0.202825 (2.5868,2.86482) (-0.101548,-0.103852) 0.144379 (-0.381976,-0.158035) (0.142125,0.212629) 0.176043
5.7 (1.40372,2.25812) (0.660992,0.666043) 0.201833 (2.79844,2.7831) 1.7728 0.789204 (-0.0739287,-0.246536) (0.108329,0.114243) 0.137513 (1.58327,1.86115) (-0.168517,-0.171279) 0.202825 (2.57664,2.85444) (-0.101554,-0.103846) 0.144379 (-0.367763,-0.136772) (0.142125,0.212629) 0.176043
5.8 (1.47123,2.32209) (0.675173,0.639726) 0.201833 (2.79844,2.7831) 1.7728 0.758447 (-0.0630955,-0.235111) (0.108331,0.114241) 0.137513 (1.56642,1.84403) (-0.16854,-0.171256) 0.202825 (2.56649,2.84405) (-0.101542,-0.103859) 0.144379 (-0.353316,-0.115668) (0.14447,0.211042) 0.176043
5.9 (1.53917,2.38431) (0.679374,0.622153) 0.201833 (2.79844,2.7831) 1.7728 0.741462 (-0.0522638,-0.223686) (0.108317,0.114254) 0.137513 (1.54981,1.82667) (-0.166107,-0.173617) 0.202825 (2.55633,2.83367) (-0.101553,-0.103848) 0.144379 (-0.339102,-0.0944061) (0.142145,0.212615) 0.176043
6 (1.60691,2.44517) (0.677413,0.608656) 0.201833 (2.79844,2.7831) 1.7728 0.731986 (-0.0414319,-0.212261) (0.108319,0.114253) 0.137513 (1.5335,1.80902) (-0.163081,-0.176462) 0.202825 (2.54618,2.82328) (-0.101545,-0.103855) 0.144379 (-0.325192,-0.0729437) (0.139094,0.214623) 0.176043
6.1 (1.67405,2.50484) (0.671328,0.596673) 0.201833 (2.79844,2.7831) 1.7728 0.726589 (-0.0305999,-0.200836) (0.10832,0.114252) 0.137513 (1.51739,1.79119) (-0.161078,-0.178293) 0.202825 (2.53602,2.8129) (-0.101546,-0.103854) 0.144379 (-0.311493,-0.0513465) (0.13699,0.215973) 0.176043
6.2 (1.74024,2.56329) (0.6619,0.584558) 0.201833 (2.79844,2.7831) 1.7728 0.723428 (-0.0197679,-0.18941) (0.10832,0.114252) 0.137513 (1.50141,1.77324) (-0.159749,-0.179484) 0.202825 (2.52587,2.80251) (-0.10155,-0.103851) 0.144379 (-0.297938,-0.0296587) (0.135552,0.216878) 0.176043
6.3 (1.80517,2.62042) (0.64939,0.571268) 0.201833 (2.79844,2.7831) 1.7728 0.721486 (-0.00893607,-0.177985) (0.108318,0.114254) 0.137513 (1.48551,1.75523) (-0.159001,-0.180148) 0.202825 (2.51571,2.79213) (-0.10155,-0.10385) 0.144379 (-0.284466,-0.00791919) (0.134722,0.217395) 0.176043
6.4 (1.86853,2.67601) (0.633581,0.555905) 0.201833 (2.79844,2.7831) 1.7728 0.720189 (0.00189575,-0.16656) (0.108318,0.114253) 0.137513 (1.46964,1.73719) (-0.158772,-0.180349) 0.202825 (2.50556,2.78174) (-0.101553,-0.103848) 0.144379 (-0.27102,0.0138363) (0.134463,0.217555) 0.176043
6.5 (1.92606,2.72631) (0.575303,0.503009) 0.201833 (2.79844,2.7831) 1.7728 0.718455 (0.0127275,-0.155134) (0.108317,0.114254) 0.137513 (1.45376,1.71916) (-0.158772,-0.180349) 0.202825 (2.4954,2.77136) (-0.10155,-0.103851) 0.144379 (-0.257573,0.0355918) (0.134463,0.217555) 0.176043
6.6 (1.97793,2.7715) (0.518633,0.451843) 0.201833 (2.79844,2.7831) 1.7728 0.716685 (0.023559,-0.143709) (0.108315,0.114256) 0.137513 (1.43788,1.70112) (-0.158772,-0.180349) 0.202825 (2.48525,2.76097) (-0.101553,-0.103848) 0.144379 (-0.244127,0.0573473) (0.134463,0.217555) 0.176043
6.7 (2.02468,2.81208) (0.467513,0.405824) 0.201833 (2.79844,2.7831) 1.7728 0.714879 (0.0343913,-0.132284) (0.108323,0.114248) 0.137513 (1.42201,1.68309) (-0.158772,-0.180349) 0.202825 (2.47509,2.75059) (-0.101549,-0.103852) 0.144379 (-0.230681,0.0791028) (0.134463,0.217555) 0.176043
6.8 (2.06684,2.84854) (0.421612,0.364573) 0.201833 (2.79844,2.7831) 1.7728 0.712974 (0.0452236,-0.120859) (0.108323,0.114249) 0.137513 (1.40613,1.66505) (-0.158772,-0.180349) 0.202825 (2.46494,2.7402) (-0.101551,-0.10385) 0.144379 (-0.217234,0.100858) (0.134463,0.217555) 0.176043
6.9 (2.10485,2.88127) (0.380145,0.327356) 0.201833 (2.79844,2.7831) 1.7728 0.710922 (0.0563526,-0.109723) (0.11129,0.111361) 0.137513 (1.39044,1.64727) (-0.156931,-0.177852) 0.202825 (2.45478,2.72982) (-0.101549,-0.103852) 0.144379 (-0.203788,0.122614) (0.134463,0.217555) 0.176043
7 (2.13914,2.91066) (0.342851,0.293904) 0.201833 (2.79844,2.7831) 1.7728 0.70868 (0.0677616,-0.0988737) (0.11409,0.10849) 0.137513 (1.37496,1.62978) (-0.154733,-0.174868) 0.202825 (2.44463,2.71943) (-0.101549,-0.103851) 0.144379 (-0.190342,0.144369) (0.134463,0.217555) 0.176043
7.1 (2.17005,2.93703) (0.309157,0.263695) 0.201833 (2.79844,2.7831) 1.7728 0.706204 (0.0793928,-0.0882632) (0.116312,0.106105) 0.137513 (1.3597,1.61258) (-0.152595,-0.171967) 0.202825 (2.43447,2.70905) (-0.101548,-0.103852) 0.144379 (-0.176896,0.166125) (0.134463,0.217555) 0.176043
7.2 (2.19795,2.96069) (0.278968,0.236618) 0.201833 (2.79844,2.7831) 1.7728 0.703442 (0.0912037,-0.0778532) (0.11811,0.1041) 0.137513 (1.34465,1.59567) (-0.150528,-0.169162) 0.202825 (2.42432,2.69866) (-0.101542,-0.103859) 0.144379 (-0.163449,0.18788) (0.134463,0.217555) 0.176043
7.3 (2.22505,2.98251) (0.270988,0.218114) 0.201833 (2.79844,2.7831) 1.7728 0.677712 (0.103161,-0.0676118) (0.119574,0.102414) 0.137513 (1.3298,1.57902) (-0.148543,-0.166469) 0.202825 (2.41416,2.68828) (-0.101551,-0.103849) 0.144379 (-0.150003,0.209636) (0.134463,0.217555) 0.176043
7.4 (2.26425,3.00226) (0.392,0.197551) 0.201833 (2.79844,2.7831) 1.7728 0.466807 (0.115238,-0.0575109) (0.120764,0.101008) 0.137513 (1.31513,1.56263) (-0.14665,-0.163901) 0.202825 (2.40401,2.67789) (-0.101552,-0.103849) 0.144379 (-0.136557,0.231391) (0.134463,0.217555) 0.176043
7.5 (2.31065,3.01366) (0.463961,0.113999) 0.201833 (2.79844,2.7831) 1.7728 0.240935 (0.127409,-0.0475252) (0.121718,0.0998568) 0.137513 (1.30064,1.54648) (-0.144865,-0.161478) 0.202825 (2.39385,2.66751) (-0.101547,-0.103854) 0.144379 (-0.123111,0.253147) (0.134463,0.217555) 0.176043
7.6 (2.35941,3.01419) (0.487626,0.00528622) 0.201833 (2.79844,2.7831) 1.7728 0.0108403 (0.139656,-0.037631) (0.122463,0.098942) 0.137513 (1.28632,1.53056) (-0.143206,-0.159228) 0.202825 (2.3837,2.65712) (-0.101542,-0.103859) 0.144379 (-0.109664,0.274902) (0.134463,0.217555) 0.176043
7.7 (2.40579,3.0041) (0.463795,-0.100874) 0.201833 (2.79844,2.7831) 1.7728 -0.214161 (0.151957,-0.0278056) (0.123016,0.0982538) 0.137513 (1.27215,1.51484) (-0.14171,-0.157197) 0.202825 (2.37354,2.64674) (-0.101548,-0.103853) 0.144379 (-0.096218,0.296658) (0.134463,0.217555) 0.176043
