[[(7.0, 6.0), (0, 6.0), (0, 5.0), (7.0, 5.0)], [(7.0, 1.0), (0, 1.0), (0, 0), (7.0, 0)]]
timestamp position0 velocity0 radius0 heading0 goal pref_speed theta position1 velocity1 radius1 heading1 position2 velocity2 radius2 heading2 position3 velocity3 radius3 heading3 position4 velocity4 radius4 heading4 position5 velocity5 radius5 heading5 position6 velocity6 radius6 heading6 
0.0 (6.0,2.825563669204712) (0.0,0.0) 0.5 -0.14570048809179706 (10.0,3.4961561141459607) 3.0 0.0 (6.0,5.0) (0,0) 1e-07 -0.14570048809179706 (6.0,1.0) (0,0) 1e-07 -0.14570048809179706 
1.0 (6.189234733581543,2.708052635192871) (0.18923453986644745,-0.11751095950603485) 0.5 -0.14570048809179706 (10.0,3.4961561141459607) 3.0 -0.5557036666453563 (6.189234733581543,5.0) (0,0) 1e-07 -0.14570048809179706 (6.189234733581543,1.0) (0,0) 1e-07 -0.14570048809179706 
2.0 (6.486759185791016,2.60379958152771) (0.29752445220947266,-0.10425303876399994) 0.5 -0.14570048809179706 (10.0,3.4961561141459607) 3.0 -0.3370325314516611 (6.486759185791016,5.0) (0,0) 1e-07 -0.14570048809179706 (6.486759185791016,1.0) (0,0) 1e-07 -0.14570048809179706 
3.0 (7.083893299102783,2.614086389541626) (0.5971341133117676,0.010286744683980942) 0.5 -0.14570048809179706 (10.0,3.4961561141459607) 3.0 0.01722515437509066 (7.0,5.0) (0,0) 1e-07 -0.14570048809179706 (7.0,1.0) (0,0) 1e-07 -0.14570048809179706 
4.0 (7.865567684173584,2.7212445735931396) (0.7816742658615112,0.10715807974338531) 0.5 -0.14570048809179706 (10.0,3.4961561141459607) 3.0 0.13623868188312474 (7.0,5.0) (0,0) 1e-07 -0.14570048809179706 (7.0,1.0) (0,0) 1e-07 -0.14570048809179706 
5.0 (8.567609786987305,2.8216962814331055) (0.7020418643951416,0.10045182704925537) 0.5 -0.14570048809179706 (10.0,3.4961561141459607) 3.0 0.1421205804181961 (7.0,5.0) (0,0) 1e-07 -0.14570048809179706 (7.0,1.0) (0,0) 1e-07 -0.14570048809179706 
6.0 (9.242743492126465,2.91388201713562) (0.675133466720581,0.09218573570251465) 0.5 -0.14570048809179706 (10.0,3.4961561141459607) 3.0 0.13570523382579225 (7.0,5.0) (0,0) 1e-07 -0.14570048809179706 (7.0,1.0) (0,0) 1e-07 -0.14570048809179706 
7.0 (10.023544311523438,3.022080659866333) (0.7808008193969727,0.10819859802722931) 0.5 -0.14570048809179706 (10.0,3.4961561141459607) 3.0 0.13769696178719695 (7.0,5.0) (0,0) 1e-07 -0.14570048809179706 (7.0,1.0) (0,0) 1e-07 -0.14570048809179706 
