[[(7.0, 6.0), (0, 6.0), (0, 5.0), (7.0, 5.0)], [(7.0, 1.0), (0, 1.0), (0, 0), (7.0, 0)]]
timestamp position0 velocity0 radius0 heading0 goal pref_speed theta position1 velocity1 radius1 heading1 position2 velocity2 radius2 heading2 position3 velocity3 radius3 heading3 position4 velocity4 radius4 heading4 position5 velocity5 radius5 heading5 position6 velocity6 radius6 heading6 
0.0 (6.0,2.864236831665039) (0.0,0.0) 0.5 -0.3684374816810435 (10.0,3.487037311930387) 3.0 0.0 (6.0,5.0) (0,0) 1e-07 -0.3684374816810435 (6.0,1.0) (0,0) 1e-07 -0.3684374816810435 
1.0 (6.144416809082031,2.7490181922912598) (0.1444168984889984,-0.11521855741739273) 0.5 -0.3684374816810435 (10.0,3.487037311930387) 3.0 -0.6734096988679779 (6.144416809082031,5.0) (0,0) 1e-07 -0.3684374816810435 (6.144416809082031,1.0) (0,0) 1e-07 -0.3684374816810435 
2.0 (6.44711446762085,2.6257588863372803) (0.30269771814346313,-0.12325936555862427) 0.5 -0.3684374816810435 (10.0,3.487037311930387) 3.0 -0.38670024458304214 (6.44711446762085,5.0) (0,0) 1e-07 -0.3684374816810435 (6.44711446762085,1.0) (0,0) 1e-07 -0.3684374816810435 
3.0 (7.055738925933838,2.6423730850219727) (0.6086244583129883,0.016614114865660667) 0.5 -0.3684374816810435 (10.0,3.487037311930387) 3.0 0.027291032590795704 (7.0,5.0) (0,0) 1e-07 -0.3684374816810435 (7.0,1.0) (0,0) 1e-07 -0.3684374816810435 
4.0 (7.836342811584473,2.745056390762329) (0.7806039452552795,0.10268333554267883) 0.5 -0.3684374816810435 (10.0,3.487037311930387) 3.0 0.13079250202374856 (7.0,5.0) (0,0) 1e-07 -0.3684374816810435 (7.0,1.0) (0,0) 1e-07 -0.3684374816810435 
5.0 (8.507572174072266,2.8327627182006836) (0.6712297201156616,0.08770625293254852) 0.5 -0.3684374816810435 (10.0,3.487037311930387) 3.0 0.12992892821119031 (7.0,5.0) (0,0) 1e-07 -0.3684374816810435 (7.0,1.0) (0,0) 1e-07 -0.3684374816810435 
6.0 (9.178801536560059,2.920468807220459) (0.6712291240692139,0.0877060815691948) 0.5 -0.3684374816810435 (10.0,3.487037311930387) 3.0 0.12992879128076906 (7.0,5.0) (0,0) 1e-07 -0.3684374816810435 (7.0,1.0) (0,0) 1e-07 -0.3684374816810435 
7.0 (9.853777885437012,3.0093510150909424) (0.6749759316444397,0.0888822078704834) 0.5 -0.3684374816810435 (10.0,3.487037311930387) 3.0 0.13092873323494733 (7.0,5.0) (0,0) 1e-07 -0.3684374816810435 (7.0,1.0) (0,0) 1e-07 -0.3684374816810435 
