[[(7.0, 6.0), (0, 6.0), (0, 5.0), (7.0, 5.0)], [(7.0, 1.0), (0, 1.0), (0, 0), (7.0, 0)]]
timestamp position0 velocity0 radius0 heading0 goal pref_speed theta position1 velocity1 radius1 heading1 position2 velocity2 radius2 heading2 position3 velocity3 radius3 heading3 position4 velocity4 radius4 heading4 position5 velocity5 radius5 heading5 position6 velocity6 radius6 heading6 
0.0 (6.0,3.236055850982666) (0.0,0.0) 0.5 -0.12596375978974073 (10.0,2.9699238722752064) 3.0 0.0 (6.0,5.0) (0,0) 1e-07 -0.12596375978974073 (6.0,1.0) (0,0) 1e-07 -0.12596375978974073 
1.0 (6.089907169342041,3.0683887004852295) (0.08990724384784698,-0.16766716539859772) 0.5 -0.12596375978974073 (10.0,2.9699238722752064) 3.0 -1.0785907860914197 (6.089907169342041,5.0) (0,0) 1e-07 -0.12596375978974073 (6.089907169342041,1.0) (0,0) 1e-07 -0.12596375978974073 
2.0 (6.303725242614746,2.9311726093292236) (0.2138180136680603,-0.13721609115600586) 0.5 -0.12596375978974073 (10.0,2.9699238722752064) 3.0 -0.5705483282647231 (6.303725242614746,5.0) (0,0) 1e-07 -0.12596375978974073 (6.303725242614746,1.0) (0,0) 1e-07 -0.12596375978974073 
3.0 (6.789927005767822,2.8333218097686768) (0.4862019121646881,-0.09785085916519165) 0.5 -0.12596375978974073 (10.0,2.9699238722752064) 3.0 -0.19860257869315487 (6.789927005767822,5.0) (0,0) 1e-07 -0.12596375978974073 (6.789927005767822,1.0) (0,0) 1e-07 -0.12596375978974073 
4.0 (7.6435160636901855,2.854365825653076) (0.8535891771316528,0.021043900400400162) 0.5 -0.12596375978974073 (10.0,2.9699238722752064) 3.0 0.024648436370847616 (7.0,5.0) (0,0) 1e-07 -0.12596375978974073 (7.0,1.0) (0,0) 1e-07 -0.12596375978974073 
5.0 (8.476384162902832,2.9128129482269287) (0.832868218421936,0.058447226881980896) 0.5 -0.12596375978974073 (10.0,2.9699238722752064) 3.0 0.07006098212855888 (7.0,5.0) (0,0) 1e-07 -0.12596375978974073 (7.0,1.0) (0,0) 1e-07 -0.12596375978974073 
6.0 (9.292045593261719,2.9870548248291016) (0.8156609535217285,0.07424178719520569) 0.5 -0.12596375978974073 (10.0,2.9699238722752064) 3.0 0.09077028395819313 (7.0,5.0) (0,0) 1e-07 -0.12596375978974073 (7.0,1.0) (0,0) 1e-07 -0.12596375978974073 
7.0 (10.094919204711914,3.0739188194274902) (0.8028738498687744,0.0868639126420021) 0.5 -0.12596375978974073 (10.0,2.9699238722752064) 3.0 0.1077720357920451 (7.0,5.0) (0,0) 1e-07 -0.12596375978974073 (7.0,1.0) (0,0) 1e-07 -0.12596375978974073 
