[[(7.0, 6.0), (0, 6.0), (0, 5.0), (7.0, 5.0)], [(7.0, 1.0), (0, 1.0), (0, 0), (7.0, 0)]]
timestamp position0 velocity0 radius0 heading0 goal pref_speed theta position1 velocity1 radius1 heading1 position2 velocity2 radius2 heading2 position3 velocity3 radius3 heading3 position4 velocity4 radius4 heading4 position5 velocity5 radius5 heading5 position6 velocity6 radius6 heading6 
0.0 (6.0,2.8089187145233154) (0.0,0.0) 0.5 -0.03076288475870176 (10.0,3.1945466366157005) 3.0 0.0 (6.0,5.0) (0,0) 1e-07 -0.03076288475870176 (6.0,1.0) (0,0) 1e-07 -0.03076288475870176 
1.0 (6.1674981117248535,2.7133851051330566) (0.16749796271324158,-0.09553354978561401) 0.5 -0.03076288475870176 (10.0,3.1945466366157005) 3.0 -0.5183375551582825 (6.1674981117248535,5.0) (0,0) 1e-07 -0.03076288475870176 (6.1674981117248535,1.0) (0,0) 1e-07 -0.03076288475870176 
2.0 (6.4182963371276855,2.5846095085144043) (0.25079840421676636,-0.128775492310524) 0.5 -0.03076288475870176 (10.0,3.1945466366157005) 3.0 -0.4743592505692861 (6.4182963371276855,5.0) (0,0) 1e-07 -0.03076288475870176 (6.4182963371276855,1.0) (0,0) 1e-07 -0.03076288475870176 
3.0 (7.099452972412109,2.573521614074707) (0.6811564564704895,-0.011087916791439056) 0.5 -0.03076288475870176 (10.0,3.1945466366157005) 3.0 -0.016276638793775205 (7.0,5.0) (0,0) 1e-07 -0.03076288475870176 (7.0,1.0) (0,0) 1e-07 -0.03076288475870176 
4.0 (7.886199474334717,2.676945447921753) (0.7867466807365417,0.10342387855052948) 0.5 -0.03076288475870176 (10.0,3.1945466366157005) 3.0 0.13070817206008653 (7.0,5.0) (0,0) 1e-07 -0.03076288475870176 (7.0,1.0) (0,0) 1e-07 -0.03076288475870176 
5.0 (8.608229637145996,2.782850742340088) (0.7220300436019897,0.10590541362762451) 0.5 -0.03076288475870176 (10.0,3.1945466366157005) 3.0 0.14563878497156138 (7.0,5.0) (0,0) 1e-07 -0.03076288475870176 (7.0,1.0) (0,0) 1e-07 -0.03076288475870176 
6.0 (9.282764434814453,2.874418020248413) (0.6745347380638123,0.09156735241413116) 0.5 -0.03076288475870176 (10.0,3.1945466366157005) 3.0 0.13492415579197956 (7.0,5.0) (0,0) 1e-07 -0.03076288475870176 (7.0,1.0) (0,0) 1e-07 -0.03076288475870176 
7.0 (10.065397262573242,2.9812095165252686) (0.7826328873634338,0.10679139196872711) 0.5 -0.03076288475870176 (10.0,3.1945466366157005) 3.0 0.13561392310590642 (7.0,5.0) (0,0) 1e-07 -0.03076288475870176 (7.0,1.0) (0,0) 1e-07 -0.03076288475870176 
