[[(7.0, 6.0), (0, 6.0), (0, 5.0), (7.0, 5.0)], [(7.0, 1.0), (0, 1.0), (0, 0), (7.0, 0)]]
timestamp position0 velocity0 radius0 heading0 goal pref_speed theta position1 velocity1 radius1 heading1 position2 velocity2 radius2 heading2 position3 velocity3 radius3 heading3 position4 velocity4 radius4 heading4 position5 velocity5 radius5 heading5 position6 velocity6 radius6 heading6 
0.0 (6.0,2.703195095062256) (0.0,0.0) 0.5 -0.16832370245177902 (10.0,3.0942121921802492) 3.0 0.0 (6.0,5.0) (0,0) 1e-07 -0.16832370245177902 (6.0,1.0) (0,0) 1e-07 -0.16832370245177902 
1.0 (6.142697334289551,2.6174142360687256) (0.14269746840000153,-0.08578086644411087) 0.5 -0.16832370245177902 (10.0,3.0942121921802492) 3.0 -0.5412558226754522 (6.142697334289551,5.0) (0,0) 1e-07 -0.16832370245177902 (6.142697334289551,1.0) (0,0) 1e-07 -0.16832370245177902 
2.0 (6.348109245300293,2.4781317710876465) (0.20541167259216309,-0.13928255438804626) 0.5 -0.16832370245177902 (10.0,3.0942121921802492) 3.0 -0.5958525953901448 (6.348109245300293,5.0) (0,0) 1e-07 -0.16832370245177902 (6.348109245300293,1.0) (0,0) 1e-07 -0.16832370245177902 
3.0 (6.93257474899292,2.4503400325775146) (0.5844653248786926,-0.027791794389486313) 0.5 -0.16832370245177902 (10.0,3.0942121921802492) 3.0 -0.04751501090073956 (6.93257474899292,5.0) (0,0) 1e-07 -0.16832370245177902 (6.93257474899292,1.0) (0,0) 1e-07 -0.16832370245177902 
4.0 (7.715517044067383,2.556062936782837) (0.7829424738883972,0.10572299361228943) 0.5 -0.16832370245177902 (10.0,3.0942121921802492) 3.0 0.1342210399822063 (7.0,5.0) (0,0) 1e-07 -0.16832370245177902 (7.0,1.0) (0,0) 1e-07 -0.16832370245177902 
5.0 (8.49609661102295,2.6644234657287598) (0.7805793285369873,0.1083606481552124) 0.5 -0.16832370245177902 (10.0,3.0942121921802492) 3.0 0.1379392243743281 (7.0,5.0) (0,0) 1e-07 -0.16832370245177902 (7.0,1.0) (0,0) 1e-07 -0.16832370245177902 
6.0 (9.171059608459473,2.756248712539673) (0.6749632954597473,0.0918252170085907) 0.5 -0.16832370245177902 (10.0,3.0942121921802492) 3.0 0.13521464185801826 (7.0,5.0) (0,0) 1e-07 -0.16832370245177902 (7.0,1.0) (0,0) 1e-07 -0.16832370245177902 
7.0 (9.845926284790039,2.848043441772461) (0.6748666763305664,0.09179472923278809) 0.5 -0.16832370245177902 (10.0,3.0942121921802492) 3.0 0.1351894099861999 (7.0,5.0) (0,0) 1e-07 -0.16832370245177902 (7.0,1.0) (0,0) 1e-07 -0.16832370245177902 
