[[(7.0, 6.0), (0, 6.0), (0, 5.0), (7.0, 5.0)], [(7.0, 1.0), (0, 1.0), (0, 0), (7.0, 0)]]
timestamp position0 velocity0 radius0 heading0 goal pref_speed theta position1 velocity1 radius1 heading1 position2 velocity2 radius2 heading2 position3 velocity3 radius3 heading3 position4 velocity4 radius4 heading4 position5 velocity5 radius5 heading5 position6 velocity6 radius6 heading6 
0.0 (6.0,3.341076135635376) (0.0,0.0) 0.5 -0.04285529876680633 (10.0,2.762890701424773) 3.0 0.0 (6.0,5.0) (0,0) 1e-07 -0.04285529876680633 (6.0,1.0) (0,0) 1e-07 -0.04285529876680633 
1.0 (6.06541633605957,3.176203489303589) (0.065416119992733,-0.16487263143062592) 0.5 -0.04285529876680633 (10.0,2.762890701424773) 3.0 -1.1930795946005501 (6.06541633605957,5.0) (0,0) 1e-07 -0.04285529876680633 (6.06541633605957,1.0) (0,0) 1e-07 -0.04285529876680633 
2.0 (6.311934471130371,3.0322768688201904) (0.2465183436870575,-0.14392654597759247) 0.5 -0.04285529876680633 (10.0,2.762890701424773) 3.0 -0.5284502064557829 (6.311934471130371,5.0) (0,0) 1e-07 -0.04285529876680633 (6.311934471130371,1.0) (0,0) 1e-07 -0.04285529876680633 
3.0 (6.613170623779297,2.9040274620056152) (0.30123627185821533,-0.12824945151805878) 0.5 -0.04285529876680633 (10.0,2.762890701424773) 3.0 -0.40250041779889206 (6.613170623779297,5.0) (0,0) 1e-07 -0.04285529876680633 (6.613170623779297,1.0) (0,0) 1e-07 -0.04285529876680633 
4.0 (7.252224445343018,2.825063943862915) (0.6390539407730103,-0.078963503241539) 0.5 -0.04285529876680633 (10.0,2.762890701424773) 3.0 -0.12293997798643029 (7.0,5.0) (0,0) 1e-07 -0.04285529876680633 (7.0,1.0) (0,0) 1e-07 -0.04285529876680633 
5.0 (8.006916999816895,2.804239273071289) (0.7546922564506531,-0.020824704319238663) 0.5 -0.04285529876680633 (10.0,2.762890701424773) 3.0 -0.027586637047662933 (7.0,5.0) (0,0) 1e-07 -0.04285529876680633 (7.0,1.0) (0,0) 1e-07 -0.04285529876680633 
6.0 (8.218663215637207,2.6666769981384277) (0.21174585819244385,-0.13756220042705536) 0.5 -0.04285529876680633 (10.0,2.762890701424773) 3.0 -0.5761341291913055 (7.0,5.0) (0,0) 1e-07 -0.04285529876680633 (7.0,1.0) (0,0) 1e-07 -0.04285529876680633 
7.0 (8.43041706085205,2.5291168689727783) (0.2117539644241333,-0.13756006956100464) 0.5 -0.04285529876680633 (10.0,2.762890701424773) 3.0 -0.5761095638473089 (7.0,5.0) (0,0) 1e-07 -0.04285529876680633 (7.0,1.0) (0,0) 1e-07 -0.04285529876680633 
8.0 (9.07712459564209,2.363647937774658) (0.6467072367668152,-0.16546893119812012) 0.5 -0.04285529876680633 (10.0,2.762890701424773) 3.0 -0.25048981603487136 (7.0,5.0) (0,0) 1e-07 -0.04285529876680633 (7.0,1.0) (0,0) 1e-07 -0.04285529876680633 
9.0 (9.894556045532227,2.43698787689209) (0.8174317479133606,0.07333990186452866) 0.5 -0.04285529876680633 (10.0,2.762890701424773) 3.0 0.08948032654863422 (7.0,5.0) (0,0) 1e-07 -0.04285529876680633 (7.0,1.0) (0,0) 1e-07 -0.04285529876680633 
