[[(7.0, 6.0), (0, 6.0), (0, 5.0), (7.0, 5.0)], [(7.0, 1.0), (0, 1.0), (0, 0), (7.0, 0)]]
timestamp position0 velocity0 radius0 heading0 goal pref_speed theta position1 velocity1 radius1 heading1 position2 velocity2 radius2 heading2 position3 velocity3 radius3 heading3 position4 velocity4 radius4 heading4 position5 velocity5 radius5 heading5 position6 velocity6 radius6 heading6 
0.0 (6.0,3.370866298675537) (0.0,0.0) 0.5 -0.021661520208338614 (10.0,3.4659983831389436) 3.0 0.0 (6.0,5.0) (0,0) 1e-07 -0.021661520208338614 (6.0,1.0) (0,0) 1e-07 -0.021661520208338614 
1.0 (6.085577964782715,3.2148876190185547) (0.08557787537574768,-0.15597876906394958) 0.5 -0.021661520208338614 (10.0,3.4659983831389436) 3.0 -1.0689895653004604 (6.085577964782715,5.0) (0,0) 1e-07 -0.021661520208338614 (6.085577964782715,1.0) (0,0) 1e-07 -0.021661520208338614 
2.0 (6.337574481964111,3.073941946029663) (0.2519964873790741,-0.14094577729701996) 0.5 -0.021661520208338614 (10.0,3.4659983831389436) 3.0 -0.5099677960111243 (6.337574481964111,5.0) (0,0) 1e-07 -0.021661520208338614 (6.337574481964111,1.0) (0,0) 1e-07 -0.021661520208338614 
3.0 (6.597503662109375,2.9359130859375) (0.2599292993545532,-0.13802896440029144) 0.5 -0.021661520208338614 (10.0,3.4659983831389436) 3.0 -0.48815848332892686 (6.597503662109375,5.0) (0,0) 1e-07 -0.021661520208338614 (6.597503662109375,1.0) (0,0) 1e-07 -0.021661520208338614 
4.0 (7.086599349975586,2.845170497894287) (0.4890955686569214,-0.09074264764785767) 0.5 -0.021661520208338614 (10.0,3.4659983831389436) 3.0 -0.18344565471259286 (7.0,5.0) (0,0) 1e-07 -0.021661520208338614 (7.0,1.0) (0,0) 1e-07 -0.021661520208338614 
5.0 (7.759755611419678,2.7679312229156494) (0.6731561422348022,-0.07723930478096008) 0.5 -0.021661520208338614 (10.0,3.4659983831389436) 3.0 -0.11424242012725148 (7.0,5.0) (0,0) 1e-07 -0.021661520208338614 (7.0,1.0) (0,0) 1e-07 -0.021661520208338614 
6.0 (8.004427909851074,2.629511594772339) (0.24467188119888306,-0.13841961324214935) 0.5 -0.021661520208338614 (10.0,3.4659983831389436) 3.0 -0.5148440267886005 (7.0,5.0) (0,0) 1e-07 -0.021661520208338614 (7.0,1.0) (0,0) 1e-07 -0.021661520208338614 
7.0 (8.743413925170898,2.5790257453918457) (0.7389862537384033,-0.050485823303461075) 0.5 -0.021661520208338614 (10.0,3.4659983831389436) 3.0 -0.06821168598133083 (7.0,5.0) (0,0) 1e-07 -0.021661520208338614 (7.0,1.0) (0,0) 1e-07 -0.021661520208338614 
8.0 (9.552672386169434,2.6401126384735107) (0.8092588782310486,0.06108681485056877) 0.5 -0.021661520208338614 (10.0,3.4659983831389436) 3.0 0.07534200484866499 (7.0,5.0) (0,0) 1e-07 -0.021661520208338614 (7.0,1.0) (0,0) 1e-07 -0.021661520208338614 
9.0 (10.340850830078125,2.740145683288574) (0.7881789207458496,0.10003311932086945) 0.5 -0.021661520208338614 (10.0,3.4659983831389436) 3.0 0.12624182406650394 (7.0,5.0) (0,0) 1e-07 -0.021661520208338614 (7.0,1.0) (0,0) 1e-07 -0.021661520208338614 
