[[(7.0, 6.0), (0, 6.0), (0, 5.0), (7.0, 5.0)], [(7.0, 1.0), (0, 1.0), (0, 0), (7.0, 0)]]
timestamp position0 velocity0 radius0 heading0 goal pref_speed theta position1 velocity1 radius1 heading1 position2 velocity2 radius2 heading2 position3 velocity3 radius3 heading3 position4 velocity4 radius4 heading4 position5 velocity5 radius5 heading5 position6 velocity6 radius6 heading6 
0.0 (6.0,2.557377815246582) (0.0,0.0) 0.5 -0.10507940586150338 (10.0,3.0535496668367514) 3.0 0.0 (6.0,5.0) (0,0) 1e-07 -0.10507940586150338 (6.0,1.0) (0,0) 1e-07 -0.10507940586150338 
1.0 (6.127326011657715,2.474510431289673) (0.12732619047164917,-0.08286730945110321) 0.5 -0.10507940586150338 (10.0,3.0535496668367514) 3.0 -0.5769562993847575 (6.127326011657715,5.0) (0,0) 1e-07 -0.10507940586150338 (6.127326011657715,1.0) (0,0) 1e-07 -0.10507940586150338 
2.0 (6.324082374572754,2.3329036235809326) (0.1967564821243286,-0.14160683751106262) 0.5 -0.10507940586150338 (10.0,3.0535496668367514) 3.0 -0.6238294573203922 (6.324082374572754,5.0) (0,0) 1e-07 -0.10507940586150338 (6.324082374572754,1.0) (0,0) 1e-07 -0.10507940586150338 
3.0 (7.06904411315918,2.301091194152832) (0.7449616193771362,-0.0318123959004879) 0.5 -0.10507940586150338 (10.0,3.0535496668367514) 3.0 -0.04267747319443043 (7.0,5.0) (0,0) 1e-07 -0.10507940586150338 (7.0,1.0) (0,0) 1e-07 -0.10507940586150338 
4.0 (7.852828025817871,2.406738758087158) (0.7837838530540466,0.10564747452735901) 0.5 -0.10507940586150338 (10.0,3.0535496668367514) 3.0 0.1339840460430996 (7.0,5.0) (0,0) 1e-07 -0.10507940586150338 (7.0,1.0) (0,0) 1e-07 -0.10507940586150338 
5.0 (8.633511543273926,2.5150060653686523) (0.7806835770606995,0.10826721787452698) 0.5 -0.10507940586150338 (10.0,3.0535496668367514) 3.0 0.13780362007931785 (7.0,5.0) (0,0) 1e-07 -0.10507940586150338 (7.0,1.0) (0,0) 1e-07 -0.10507940586150338 
6.0 (9.413827896118164,2.623673439025879) (0.7803165316581726,0.1086672842502594) 0.5 -0.10507940586150338 (10.0,3.0535496668367514) 3.0 0.1383706009972345 (7.0,5.0) (0,0) 1e-07 -0.10507940586150338 (7.0,1.0) (0,0) 1e-07 -0.10507940586150338 
7.0 (10.19404411315918,2.732452154159546) (0.7802159786224365,0.10877881944179535) 0.5 -0.10507940586150338 (10.0,3.0535496668367514) 3.0 0.13852843837461362 (7.0,5.0) (0,0) 1e-07 -0.10507940586150338 (7.0,1.0) (0,0) 1e-07 -0.10507940586150338 
