[[(7.0, 6.0), (0, 6.0), (0, 5.0), (7.0, 5.0)], [(7.0, 1.0), (0, 1.0), (0, 0), (7.0, 0)]]
timestamp position0 velocity0 radius0 heading0 goal pref_speed theta position1 velocity1 radius1 heading1 position2 velocity2 radius2 heading2 position3 velocity3 radius3 heading3 position4 velocity4 radius4 heading4 position5 velocity5 radius5 heading5 position6 velocity6 radius6 heading6 
0.0 (6.0,2.8040969371795654) (0.0,0.0) 0.5 -0.1733963603371449 (10.0,3.250750673263264) 3.0 0.0 (6.0,5.0) (0,0) 1e-07 -0.1733963603371449 (6.0,1.0) (0,0) 1e-07 -0.1733963603371449 
1.0 (6.179989814758301,2.655163526535034) (0.17998957633972168,-0.14893341064453125) 0.5 -0.1733963603371449 (10.0,3.250750673263264) 3.0 -0.6912594991866848 (6.179989814758301,5.0) (0,0) 1e-07 -0.1733963603371449 (6.179989814758301,1.0) (0,0) 1e-07 -0.1733963603371449 
2.0 (6.420223712921143,2.524000644683838) (0.24023377895355225,-0.13116276264190674) 0.5 -0.1733963603371449 (10.0,3.250750673263264) 3.0 -0.49975135669486637 (6.420223712921143,5.0) (0,0) 1e-07 -0.1733963603371449 (6.420223712921143,1.0) (0,0) 1e-07 -0.1733963603371449 
3.0 (7.026576995849609,2.5281012058258057) (0.6063531637191772,0.0041004978120327) 0.5 -0.1733963603371449 (10.0,3.250750673263264) 3.0 0.006762453881442366 (7.0,5.0) (0,0) 1e-07 -0.1733963603371449 (7.0,1.0) (0,0) 1e-07 -0.1733963603371449 
4.0 (7.8089141845703125,2.634648084640503) (0.7823373675346375,0.1065467894077301) 0.5 -0.1733963603371449 (10.0,3.250750673263264) 3.0 0.13535757394904271 (7.0,5.0) (0,0) 1e-07 -0.1733963603371449 (7.0,1.0) (0,0) 1e-07 -0.1733963603371449 
5.0 (8.59657096862793,2.738779067993164) (0.7876564860343933,0.10413108766078949) 0.5 -0.1733963603371449 (10.0,3.250750673263264) 3.0 0.13144144910957725 (7.0,5.0) (0,0) 1e-07 -0.1733963603371449 (7.0,1.0) (0,0) 1e-07 -0.1733963603371449 
6.0 (9.271695137023926,2.8308825492858887) (0.6751245260238647,0.09210337698459625) 0.5 -0.1733963603371449 (10.0,3.250750673263264) 3.0 0.13558724948879491 (7.0,5.0) (0,0) 1e-07 -0.1733963603371449 (7.0,1.0) (0,0) 1e-07 -0.1733963603371449 
7.0 (9.946771621704102,2.922970771789551) (0.6750767827033997,0.09208831191062927) 0.5 -0.1733963603371449 (10.0,3.250750673263264) 3.0 0.13557481314483238 (7.0,5.0) (0,0) 1e-07 -0.1733963603371449 (7.0,1.0) (0,0) 1e-07 -0.1733963603371449 
