[[(7.0, 6.0), (0, 6.0), (0, 5.0), (7.0, 5.0)], [(7.0, 1.0), (0, 1.0), (0, 0), (7.0, 0)]]
timestamp position0 velocity0 radius0 heading0 goal pref_speed theta position1 velocity1 radius1 heading1 position2 velocity2 radius2 heading2 position3 velocity3 radius3 heading3 position4 velocity4 radius4 heading4 position5 velocity5 radius5 heading5 position6 velocity6 radius6 heading6 
0.0 (6.0,3.3140673637390137) (0.0,0.0) 0.5 -0.38071935159263526 (10.0,3.1033057466274565) 3.0 0.0 (6.0,5.0) (0,0) 1e-07 -0.38071935159263526 (6.0,1.0) (0,0) 1e-07 -0.38071935159263526 
1.0 (6.094294548034668,3.151546001434326) (0.09429451823234558,-0.16252127289772034) 0.5 -0.38071935159263526 (10.0,3.1033057466274565) 3.0 -1.0450643833363549 (6.094294548034668,5.0) (0,0) 1e-07 -0.38071935159263526 (6.094294548034668,1.0) (0,0) 1e-07 -0.38071935159263526 
2.0 (6.333920478820801,3.0058813095092773) (0.23962581157684326,-0.14566467702388763) 0.5 -0.38071935159263526 (10.0,3.1033057466274565) 3.0 -0.5461963407886347 (6.333920478820801,5.0) (0,0) 1e-07 -0.38071935159263526 (6.333920478820801,1.0) (0,0) 1e-07 -0.38071935159263526 
3.0 (6.605381965637207,2.8703246116638184) (0.2714613676071167,-0.13555672764778137) 0.5 -0.38071935159263526 (10.0,3.1033057466274565) 3.0 -0.4631348266689838 (6.605381965637207,5.0) (0,0) 1e-07 -0.38071935159263526 (6.605381965637207,1.0) (0,0) 1e-07 -0.38071935159263526 
4.0 (7.175449371337891,2.786323308944702) (0.5700671672821045,-0.08400122821331024) 0.5 -0.38071935159263526 (10.0,3.1033057466274565) 3.0 -0.1463004023012941 (7.0,5.0) (0,0) 1e-07 -0.38071935159263526 (7.0,1.0) (0,0) 1e-07 -0.38071935159263526 
5.0 (7.887816429138184,2.714235782623291) (0.7123672962188721,-0.07208740711212158) 0.5 -0.38071935159263526 (10.0,3.1033057466274565) 3.0 -0.1008508445741106 (7.0,5.0) (0,0) 1e-07 -0.38071935159263526 (7.0,1.0) (0,0) 1e-07 -0.38071935159263526 
6.0 (8.102490425109863,2.577444553375244) (0.21467375755310059,-0.1367911398410797) 0.5 -0.38071935159263526 (10.0,3.1033057466274565) 3.0 -0.5673276705146043 (7.0,5.0) (0,0) 1e-07 -0.38071935159263526 (7.0,1.0) (0,0) 1e-07 -0.38071935159263526 
7.0 (8.86031723022461,2.5304291248321533) (0.7578265070915222,-0.047015488147735596) 0.5 -0.38071935159263526 (10.0,3.1033057466274565) 3.0 -0.06196049693938471 (7.0,5.0) (0,0) 1e-07 -0.38071935159263526 (7.0,1.0) (0,0) 1e-07 -0.38071935159263526 
8.0 (9.664127349853516,2.614863872528076) (0.8038105964660645,0.0844346284866333) 0.5 -0.38071935159263526 (10.0,3.1033057466274565) 3.0 0.10465912947591473 (7.0,5.0) (0,0) 1e-07 -0.38071935159263526 (7.0,1.0) (0,0) 1e-07 -0.38071935159263526 
9.0 (10.454834938049316,2.7121198177337646) (0.7907074689865112,0.09725597500801086) 0.5 -0.38071935159263526 (10.0,3.1033057466274565) 3.0 0.1223839812146734 (7.0,5.0) (0,0) 1e-07 -0.38071935159263526 (7.0,1.0) (0,0) 1e-07 -0.38071935159263526 
