[[(7.0, 6.0), (0, 6.0), (0, 5.0), (7.0, 5.0)], [(7.0, 1.0), (0, 1.0), (0, 0), (7.0, 0)]]
timestamp position0 velocity0 radius0 heading0 goal pref_speed theta position1 velocity1 radius1 heading1 position2 velocity2 radius2 heading2 position3 velocity3 radius3 heading3 position4 velocity4 radius4 heading4 position5 velocity5 radius5 heading5 position6 velocity6 radius6 heading6 
0.0 (6.0,3.1379566192626953) (0.0,0.0) 0.5 -0.07196025345832907 (10.0,2.6855789639724663) 3.0 0.0 (6.0,5.0) (0,0) 1e-07 -0.07196025345832907 (6.0,1.0) (0,0) 1e-07 -0.07196025345832907 
1.0 (6.1462082862854,2.9769716262817383) (0.14620846509933472,-0.160985067486763) 0.5 -0.07196025345832907 (10.0,2.6855789639724663) 3.0 -0.8334630473757578 (6.1462082862854,5.0) (0,0) 1e-07 -0.07196025345832907 (6.1462082862854,1.0) (0,0) 1e-07 -0.07196025345832907 
2.0 (6.471688270568848,2.7776119709014893) (0.32547998428344727,-0.1993597447872162) 0.5 -0.07196025345832907 (10.0,2.6855789639724663) 3.0 -0.5495672845319819 (6.471688270568848,5.0) (0,0) 1e-07 -0.07196025345832907 (6.471688270568848,1.0) (0,0) 1e-07 -0.07196025345832907 
3.0 (7.1988372802734375,2.7195065021514893) (0.7271490097045898,-0.058105405420064926) 0.5 -0.07196025345832907 (10.0,2.6855789639724663) 3.0 -0.07973909258759788 (7.0,5.0) (0,0) 1e-07 -0.07196025345832907 (7.0,1.0) (0,0) 1e-07 -0.07196025345832907 
4.0 (7.887352466583252,2.7681777477264404) (0.6885151863098145,0.048671286553144455) 0.5 -0.07196025345832907 (10.0,2.6855789639724663) 3.0 0.07057281794573109 (7.0,5.0) (0,0) 1e-07 -0.07196025345832907 (7.0,1.0) (0,0) 1e-07 -0.07196025345832907 
5.0 (8.709470748901367,2.8546814918518066) (0.8221179842948914,0.08650368452072144) 0.5 -0.07196025345832907 (10.0,2.6855789639724663) 3.0 0.10483477117543236 (7.0,5.0) (0,0) 1e-07 -0.07196025345832907 (7.0,1.0) (0,0) 1e-07 -0.07196025345832907 
6.0 (9.494470596313477,2.9583895206451416) (0.7850001454353333,0.10370810329914093) 0.5 -0.07196025345832907 (10.0,2.6855789639724663) 3.0 0.13135154628248485 (7.0,5.0) (0,0) 1e-07 -0.07196025345832907 (7.0,1.0) (0,0) 1e-07 -0.07196025345832907 
7.0 (10.28473949432373,3.059319496154785) (0.7902690172195435,0.10093003511428833) 0.5 -0.07196025345832907 (10.0,2.6855789639724663) 3.0 0.1270283563885852 (7.0,5.0) (0,0) 1e-07 -0.07196025345832907 (7.0,1.0) (0,0) 1e-07 -0.07196025345832907 
