[[(7.0, 6.0), (0, 6.0), (0, 5.0), (7.0, 5.0)], [(7.0, 1.0), (0, 1.0), (0, 0), (7.0, 0)]]
timestamp position0 velocity0 radius0 heading0 goal pref_speed theta position1 velocity1 radius1 heading1 position2 velocity2 radius2 heading2 position3 velocity3 radius3 heading3 position4 velocity4 radius4 heading4 position5 velocity5 radius5 heading5 position6 velocity6 radius6 heading6 
0.0 (6.0,2.8251941204071045) (0.0,0.0) 0.5 -0.27956322285840113 (10.0,2.832470880318742) 3.0 0.0 (6.0,5.0) (0,0) 1e-07 -0.27956322285840113 (6.0,1.0) (0,0) 1e-07 -0.27956322285840113 
1.0 (6.175942420959473,2.745823621749878) (0.17594239115715027,-0.07937048375606537) 0.5 -0.27956322285840113 (10.0,2.832470880318742) 3.0 -0.42378186956066805 (6.175942420959473,5.0) (0,0) 1e-07 -0.27956322285840113 (6.175942420959473,1.0) (0,0) 1e-07 -0.27956322285840113 
2.0 (6.552620887756348,2.663092851638794) (0.37667861580848694,-0.08273078501224518) 0.5 -0.27956322285840113 (10.0,2.832470880318742) 3.0 -0.21619953847884685 (6.552620887756348,5.0) (0,0) 1e-07 -0.27956322285840113 (6.552620887756348,1.0) (0,0) 1e-07 -0.27956322285840113 
3.0 (7.351132869720459,2.6969709396362305) (0.7985119223594666,0.03387811779975891) 0.5 -0.27956322285840113 (10.0,2.832470880318742) 3.0 0.04240113610688059 (7.0,5.0) (0,0) 1e-07 -0.27956322285840113 (7.0,1.0) (0,0) 1e-07 -0.27956322285840113 
4.0 (8.022844314575195,2.776895046234131) (0.6717116832733154,0.07992399483919144) 0.5 -0.27956322285840113 (10.0,2.832470880318742) 3.0 0.11842877283566633 (7.0,5.0) (0,0) 1e-07 -0.27956322285840113 (7.0,1.0) (0,0) 1e-07 -0.27956322285840113 
5.0 (8.806934356689453,2.8816885948181152) (0.7840898036956787,0.10479345917701721) 0.5 -0.27956322285840113 (10.0,2.832470880318742) 3.0 0.13286247546552676 (7.0,5.0) (0,0) 1e-07 -0.27956322285840113 (7.0,1.0) (0,0) 1e-07 -0.27956322285840113 
6.0 (9.476551055908203,2.9675099849700928) (0.6696164011955261,0.0858214944601059) 0.5 -0.27956322285840113 (10.0,2.832470880318742) 3.0 0.12747023798286136 (7.0,5.0) (0,0) 1e-07 -0.27956322285840113 (7.0,1.0) (0,0) 1e-07 -0.27956322285840113 
7.0 (10.260690689086914,3.0722622871398926) (0.7841395735740662,0.10475227236747742) 0.5 -0.27956322285840113 (10.0,2.832470880318742) 3.0 0.13280253790709343 (7.0,5.0) (0,0) 1e-07 -0.27956322285840113 (7.0,1.0) (0,0) 1e-07 -0.27956322285840113 
