[[(7.0, 6.0), (0, 6.0), (0, 5.0), (7.0, 5.0)], [(7.0, 1.0), (0, 1.0), (0, 0), (7.0, 0)]]
timestamp position0 velocity0 radius0 heading0 goal pref_speed theta position1 velocity1 radius1 heading1 position2 velocity2 radius2 heading2 position3 velocity3 radius3 heading3 position4 velocity4 radius4 heading4 position5 velocity5 radius5 heading5 position6 velocity6 radius6 heading6 
0.0 (6.0,2.836178779602051) (0.0,0.0) 0.5 -0.22514098121481346 (10.0,2.9268119023148302) 3.0 0.0 (6.0,5.0) (0,0) 1e-07 -0.22514098121481346 (6.0,1.0) (0,0) 1e-07 -0.22514098121481346 
1.0 (6.142514705657959,2.717641830444336) (0.14251483976840973,-0.11853694915771484) 0.5 -0.22514098121481346 (10.0,2.9268119023148302) 3.0 -0.6938040808708303 (6.142514705657959,5.0) (0,0) 1e-07 -0.22514098121481346 (6.142514705657959,1.0) (0,0) 1e-07 -0.22514098121481346 
2.0 (6.447319030761719,2.587791919708252) (0.3048041760921478,-0.12984982132911682) 0.5 -0.22514098121481346 (10.0,2.9268119023148302) 3.0 -0.40272635486325864 (6.447319030761719,5.0) (0,0) 1e-07 -0.22514098121481346 (6.447319030761719,1.0) (0,0) 1e-07 -0.22514098121481346 
3.0 (7.070530891418457,2.5855116844177246) (0.6232120990753174,-0.0022802092134952545) 0.5 -0.22514098121481346 (10.0,2.9268119023148302) 3.0 -0.0036587849337943908 (7.0,5.0) (0,0) 1e-07 -0.22514098121481346 (7.0,1.0) (0,0) 1e-07 -0.22514098121481346 
4.0 (7.867170333862305,2.6833322048187256) (0.7966395020484924,0.09782052040100098) 0.5 -0.22514098121481346 (10.0,2.9268119023148302) 3.0 0.12217983542378778 (7.0,5.0) (0,0) 1e-07 -0.22514098121481346 (7.0,1.0) (0,0) 1e-07 -0.22514098121481346 
5.0 (8.565637588500977,2.7811179161071777) (0.6984670758247375,0.09778563678264618) 0.5 -0.22514098121481346 (10.0,2.9268119023148302) 3.0 0.13909628714624434 (7.0,5.0) (0,0) 1e-07 -0.22514098121481346 (7.0,1.0) (0,0) 1e-07 -0.22514098121481346 
6.0 (9.346429824829102,2.889268636703491) (0.7807921767234802,0.10815076529979706) 0.5 -0.22514098121481346 (10.0,2.9268119023148302) 3.0 0.13763835873811894 (7.0,5.0) (0,0) 1e-07 -0.22514098121481346 (7.0,1.0) (0,0) 1e-07 -0.22514098121481346 
7.0 (10.127629280090332,2.99714732170105) (0.7811997532844543,0.10787877440452576) 0.5 -0.22514098121481346 (10.0,2.9268119023148302) 3.0 0.13722581198682451 (7.0,5.0) (0,0) 1e-07 -0.22514098121481346 (7.0,1.0) (0,0) 1e-07 -0.22514098121481346 
