[[(7.0, 6.0), (0, 6.0), (0, 5.0), (7.0, 5.0)], [(7.0, 1.0), (0, 1.0), (0, 0), (7.0, 0)]]
timestamp position0 velocity0 radius0 heading0 goal pref_speed theta position1 velocity1 radius1 heading1 position2 velocity2 radius2 heading2 position3 velocity3 radius3 heading3 position4 velocity4 radius4 heading4 position5 velocity5 radius5 heading5 position6 velocity6 radius6 heading6 
0.0 (6.0,2.9540672302246094) (0.0,0.0) 0.5 -0.20331578302370532 (10.0,3.2891064977296294) 3.0 0.0 (6.0,5.0) (0,0) 1e-07 -0.20331578302370532 (6.0,1.0) (0,0) 1e-07 -0.20331578302370532 
1.0 (6.181388854980469,2.8022828102111816) (0.1813889890909195,-0.1517845094203949) 0.5 -0.20331578302370532 (10.0,3.2891064977296294) 3.0 -0.6967748671648628 (6.181388854980469,5.0) (0,0) 1e-07 -0.20331578302370532 (6.181388854980469,1.0) (0,0) 1e-07 -0.20331578302370532 
2.0 (6.439397811889648,2.6638236045837402) (0.2580087184906006,-0.13845914602279663) 0.5 -0.20331578302370532 (10.0,3.2891064977296294) 3.0 -0.4925322396553098 (6.439397811889648,5.0) (0,0) 1e-07 -0.20331578302370532 (6.439397811889648,1.0) (0,0) 1e-07 -0.20331578302370532 
3.0 (6.697390079498291,2.525360107421875) (0.25799232721328735,-0.13846346735954285) 0.5 -0.20331578302370532 (10.0,3.2891064977296294) 3.0 -0.49257171516831777 (6.697390079498291,5.0) (0,0) 1e-07 -0.20331578302370532 (6.697390079498291,1.0) (0,0) 1e-07 -0.20331578302370532 
4.0 (7.019690036773682,2.40511417388916) (0.3222998082637787,-0.12024582922458649) 0.5 -0.20331578302370532 (10.0,3.2891064977296294) 3.0 -0.35709235853516397 (7.0,5.0) (0,0) 1e-07 -0.20331578302370532 (7.0,1.0) (0,0) 1e-07 -0.20331578302370532 
5.0 (7.660501003265381,2.4575555324554443) (0.640811026096344,0.05244133248925209) 0.5 -0.20331578302370532 (10.0,3.2891064977296294) 3.0 0.08165391989292663 (7.0,5.0) (0,0) 1e-07 -0.20331578302370532 (7.0,1.0) (0,0) 1e-07 -0.20331578302370532 
6.0 (8.313064575195312,2.5238583087921143) (0.6525635719299316,0.0663028210401535) 0.5 -0.20331578302370532 (10.0,3.2891064977296294) 3.0 0.1012561414546656 (7.0,5.0) (0,0) 1e-07 -0.20331578302370532 (7.0,1.0) (0,0) 1e-07 -0.20331578302370532 
7.0 (8.966379165649414,2.590439796447754) (0.6533142328262329,0.06658144295215607) 0.5 -0.20331578302370532 (10.0,3.2891064977296294) 3.0 0.10156269869383254 (7.0,5.0) (0,0) 1e-07 -0.20331578302370532 (7.0,1.0) (0,0) 1e-07 -0.20331578302370532 
8.0 (9.751707077026367,2.6936051845550537) (0.7853278517723083,0.10316534340381622) 0.5 -0.20331578302370532 (10.0,3.2891064977296294) 3.0 0.13061802293568692 (7.0,5.0) (0,0) 1e-07 -0.20331578302370532 (7.0,1.0) (0,0) 1e-07 -0.20331578302370532 
9.0 (10.526837348937988,2.800402879714966) (0.7751301527023315,0.10679768025875092) 0.5 -0.20331578302370532 (10.0,3.2891064977296294) 3.0 0.1369182703358845 (7.0,5.0) (0,0) 1e-07 -0.20331578302370532 (7.0,1.0) (0,0) 1e-07 -0.20331578302370532 
