[[(7.0, 6.0), (0, 6.0), (0, 5.0), (7.0, 5.0)], [(7.0, 1.0), (0, 1.0), (0, 0), (7.0, 0)]]
timestamp position0 velocity0 radius0 heading0 goal pref_speed theta position1 velocity1 radius1 heading1 position2 velocity2 radius2 heading2 position3 velocity3 radius3 heading3 position4 velocity4 radius4 heading4 position5 velocity5 radius5 heading5 position6 velocity6 radius6 heading6 
0.0 (6.0,2.7749929428100586) (0.0,0.0) 0.5 -0.17585935028246236 (10.0,3.325985401793136) 3.0 0.0 (6.0,5.0) (0,0) 1e-07 -0.17585935028246236 (6.0,1.0) (0,0) 1e-07 -0.17585935028246236 
1.0 (6.14659309387207,2.681727886199951) (0.14659325778484344,-0.09326505661010742) 0.5 -0.17585935028246236 (10.0,3.325985401793136) 3.0 -0.5666245191272649 (6.14659309387207,5.0) (0,0) 1e-07 -0.17585935028246236 (6.14659309387207,1.0) (0,0) 1e-07 -0.17585935028246236 
2.0 (6.368143081665039,2.547609567642212) (0.22155022621154785,-0.1341182142496109) 0.5 -0.17585935028246236 (10.0,3.325985401793136) 3.0 -0.5443532392677282 (6.368143081665039,5.0) (0,0) 1e-07 -0.17585935028246236 (6.368143081665039,1.0) (0,0) 1e-07 -0.17585935028246236 
3.0 (6.975253105163574,2.5488293170928955) (0.6071099042892456,0.0012197084724903107) 0.5 -0.17585935028246236 (10.0,3.325985401793136) 3.0 0.00200903794002245 (6.975253105163574,5.0) (0,0) 1e-07 -0.17585935028246236 (6.975253105163574,1.0) (0,0) 1e-07 -0.17585935028246236 
4.0 (7.758274555206299,2.654874801635742) (0.7830212712287903,0.10604551434516907) 0.5 -0.17585935028246236 (10.0,3.325985401793136) 3.0 0.13461219072046146 (7.0,5.0) (0,0) 1e-07 -0.17585935028246236 (7.0,1.0) (0,0) 1e-07 -0.17585935028246236 
5.0 (8.54365348815918,2.7599523067474365) (0.7853786945343018,0.10507741570472717) 0.5 -0.17585935028246236 (10.0,3.325985401793136) 3.0 0.13300219699384144 (7.0,5.0) (0,0) 1e-07 -0.17585935028246236 (7.0,1.0) (0,0) 1e-07 -0.17585935028246236 
6.0 (9.323944091796875,2.8686485290527344) (0.780290424823761,0.1086961030960083) 0.5 -0.17585935028246236 (10.0,3.325985401793136) 3.0 0.13841140232355523 (7.0,5.0) (0,0) 1e-07 -0.17585935028246236 (7.0,1.0) (0,0) 1e-07 -0.17585935028246236 
7.0 (10.104358673095703,2.97723650932312) (0.7804149985313416,0.10858803987503052) 0.5 -0.17585935028246236 (10.0,3.325985401793136) 3.0 0.13825375298186082 (7.0,5.0) (0,0) 1e-07 -0.17585935028246236 (7.0,1.0) (0,0) 1e-07 -0.17585935028246236 
