[[(7.0, 6.0), (0, 6.0), (0, 5.0), (7.0, 5.0)], [(7.0, 1.0), (0, 1.0), (0, 0), (7.0, 0)]]
timestamp position0 velocity0 radius0 heading0 goal pref_speed theta position1 velocity1 radius1 heading1 position2 velocity2 radius2 heading2 position3 velocity3 radius3 heading3 position4 velocity4 radius4 heading4 position5 velocity5 radius5 heading5 position6 velocity6 radius6 heading6 
0.0 (6.0,3.3736684322357178) (0.0,0.0) 0.5 -0.1439496600004612 (10.0,2.9537605342175914) 3.0 0.0 (6.0,5.0) (0,0) 1e-07 -0.1439496600004612 (6.0,1.0) (0,0) 1e-07 -0.1439496600004612 
1.0 (6.085406303405762,3.2382867336273193) (0.08540642261505127,-0.13538166880607605) 0.5 -0.1439496600004612 (10.0,2.9537605342175914) 3.0 -1.007996587211376 (6.085406303405762,5.0) (0,0) 1e-07 -0.1439496600004612 (6.085406303405762,1.0) (0,0) 1e-07 -0.1439496600004612 
2.0 (6.367490768432617,3.013599157333374) (0.28208452463150024,-0.22468766570091248) 0.5 -0.1439496600004612 (10.0,2.9537605342175914) 3.0 -0.6726190734587574 (6.367490768432617,5.0) (0,0) 1e-07 -0.1439496600004612 (6.367490768432617,1.0) (0,0) 1e-07 -0.1439496600004612 
3.0 (6.9747819900512695,3.0222232341766357) (0.6072909832000732,0.00862416997551918) 0.5 -0.1439496600004612 (10.0,2.9537605342175914) 3.0 0.014200096064708657 (6.9747819900512695,5.0) (0,0) 1e-07 -0.1439496600004612 (6.9747819900512695,1.0) (0,0) 1e-07 -0.1439496600004612 
4.0 (7.65116024017334,3.0489161014556885) (0.6763783693313599,0.026692837476730347) 0.5 -0.1439496600004612 (10.0,2.9537605342175914) 3.0 0.039443888456405486 (7.0,5.0) (0,0) 1e-07 -0.1439496600004612 (7.0,1.0) (0,0) 1e-07 -0.1439496600004612 
5.0 (8.417669296264648,3.102950096130371) (0.7665086984634399,0.054033875465393066) 0.5 -0.1439496600004612 (10.0,2.9537605342175914) 3.0 0.07037707125417053 (7.0,5.0) (0,0) 1e-07 -0.1439496600004612 (7.0,1.0) (0,0) 1e-07 -0.1439496600004612 
6.0 (9.244851112365723,3.1654863357543945) (0.8271822333335876,0.0625363290309906) 0.5 -0.1439496600004612 (10.0,2.9537605342175914) 3.0 0.07545809022596137 (7.0,5.0) (0,0) 1e-07 -0.1439496600004612 (7.0,1.0) (0,0) 1e-07 -0.1439496600004612 
7.0 (10.061628341674805,3.2432401180267334) (0.8167775869369507,0.07775387167930603) 0.5 -0.1439496600004612 (10.0,2.9537605342175914) 3.0 0.09490988317298846 (7.0,5.0) (0,0) 1e-07 -0.1439496600004612 (7.0,1.0) (0,0) 1e-07 -0.1439496600004612 
