[[(7.0, 6.0), (0, 6.0), (0, 5.0), (7.0, 5.0)], [(7.0, 1.0), (0, 1.0), (0, 0), (7.0, 0)]]
timestamp position0 velocity0 radius0 heading0 goal pref_speed theta position1 velocity1 radius1 heading1 position2 velocity2 radius2 heading2 position3 velocity3 radius3 heading3 position4 velocity4 radius4 heading4 position5 velocity5 radius5 heading5 position6 velocity6 radius6 heading6 
0.0 (6.0,2.687790632247925) (0.0,0.0) 0.5 -0.3791231892966749 (10.0,2.798572980413372) 3.0 0.0 (6.0,5.0) (0,0) 1e-07 -0.3791231892966749 (6.0,1.0) (0,0) 1e-07 -0.3791231892966749 
1.0 (6.153732776641846,2.597454786300659) (0.15373297035694122,-0.09033592790365219) 0.5 -0.3791231892966749 (10.0,2.798572980413372) 3.0 -0.5312637283172345 (6.153732776641846,5.0) (0,0) 1e-07 -0.3791231892966749 (6.153732776641846,1.0) (0,0) 1e-07 -0.3791231892966749 
2.0 (6.347805023193359,2.455172061920166) (0.19407224655151367,-0.14228276908397675) 0.5 -0.3791231892966749 (10.0,2.798572980413372) 3.0 -0.6326252532752444 (6.347805023193359,5.0) (0,0) 1e-07 -0.3791231892966749 (6.347805023193359,1.0) (0,0) 1e-07 -0.3791231892966749 
3.0 (6.908018112182617,2.4206576347351074) (0.5602129697799683,-0.034514497965574265) 0.5 -0.3791231892966749 (10.0,2.798572980413372) 3.0 -0.06153182739875534 (6.908018112182617,5.0) (0,0) 1e-07 -0.3791231892966749 (6.908018112182617,1.0) (0,0) 1e-07 -0.3791231892966749 
4.0 (7.676261901855469,2.531874179840088) (0.7682438492774963,0.11121663451194763) 0.5 -0.3791231892966749 (10.0,2.798572980413372) 3.0 0.14376856550498104 (7.0,5.0) (0,0) 1e-07 -0.3791231892966749 (7.0,1.0) (0,0) 1e-07 -0.3791231892966749 
5.0 (8.4573335647583,2.639690399169922) (0.781071662902832,0.10781615972518921) 0.5 -0.3791231892966749 (10.0,2.798572980413372) 3.0 0.13716936922522865 (7.0,5.0) (0,0) 1e-07 -0.3791231892966749 (7.0,1.0) (0,0) 1e-07 -0.3791231892966749 
6.0 (9.131523132324219,2.730522394180298) (0.6741897463798523,0.09083200991153717) 0.5 -0.3791231892966749 (10.0,2.798572980413372) 3.0 0.13392125720828707 (7.0,5.0) (0,0) 1e-07 -0.3791231892966749 (7.0,1.0) (0,0) 1e-07 -0.3791231892966749 
7.0 (9.914283752441406,2.8369204998016357) (0.7827607989311218,0.10639815032482147) 0.5 -0.3791231892966749 (10.0,2.798572980413372) 3.0 0.1350988018794455 (7.0,5.0) (0,0) 1e-07 -0.3791231892966749 (7.0,1.0) (0,0) 1e-07 -0.3791231892966749 
