[[(7.0, 6.0), (0, 6.0), (0, 5.0), (7.0, 5.0)], [(7.0, 1.0), (0, 1.0), (0, 0), (7.0, 0)]]
timestamp position0 velocity0 radius0 heading0 goal pref_speed theta position1 velocity1 radius1 heading1 position2 velocity2 radius2 heading2 position3 velocity3 radius3 heading3 position4 velocity4 radius4 heading4 position5 velocity5 radius5 heading5 position6 velocity6 radius6 heading6 
0.0 (6.0,3.3531997203826904) (0.0,0.0) 0.5 -0.05099490935422141 (10.0,3.0383085857761243) 3.0 0.0 (6.0,5.0) (0,0) 1e-07 -0.05099490935422141 (6.0,1.0) (0,0) 1e-07 -0.05099490935422141 
1.0 (6.0626959800720215,3.189966917037964) (0.06269600987434387,-0.1632327139377594) 0.5 -0.05099490935422141 (10.0,3.0383085857761243) 3.0 -1.2040804846839173 (6.0626959800720215,5.0) (0,0) 1e-07 -0.05099490935422141 (6.0626959800720215,1.0) (0,0) 1e-07 -0.05099490935422141 
2.0 (6.295552730560303,3.0408949851989746) (0.23285657167434692,-0.1490720510482788) 0.5 -0.05099490935422141 (10.0,3.0383085857761243) 3.0 -0.5694467584493951 (6.295552730560303,5.0) (0,0) 1e-07 -0.05099490935422141 (6.295552730560303,1.0) (0,0) 1e-07 -0.05099490935422141 
3.0 (6.567399978637695,2.9055793285369873) (0.27184706926345825,-0.13531573116779327) 0.5 -0.05099490935422141 (10.0,3.0383085857761243) 3.0 -0.4618573469097278 (6.567399978637695,5.0) (0,0) 1e-07 -0.05099490935422141 (6.567399978637695,1.0) (0,0) 1e-07 -0.05099490935422141 
4.0 (7.173679351806641,2.824880599975586) (0.6062795519828796,-0.08069875836372375) 0.5 -0.05099490935422141 (10.0,3.0383085857761243) 3.0 -0.13232704868231693 (7.0,5.0) (0,0) 1e-07 -0.05099490935422141 (7.0,1.0) (0,0) 1e-07 -0.05099490935422141 
5.0 (7.8839640617370605,2.764420747756958) (0.7102845907211304,-0.06045979633927345) 0.5 -0.05099490935422141 (10.0,3.0383085857761243) 3.0 -0.08491583246960666 (7.0,5.0) (0,0) 1e-07 -0.05099490935422141 (7.0,1.0) (0,0) 1e-07 -0.05099490935422141 
6.0 (8.733735084533691,2.7989068031311035) (0.8497706055641174,0.034486133605241776) 0.5 -0.05099490935422141 (10.0,3.0383085857761243) 3.0 0.04056061662706866 (7.0,5.0) (0,0) 1e-07 -0.05099490935422141 (7.0,1.0) (0,0) 1e-07 -0.05099490935422141 
7.0 (9.551491737365723,2.871333122253418) (0.8177564144134521,0.07242639362812042) 0.5 -0.05099490935422141 (10.0,3.0383085857761243) 3.0 0.08833670298353734 (7.0,5.0) (0,0) 1e-07 -0.05099490935422141 (7.0,1.0) (0,0) 1e-07 -0.05099490935422141 
