[[(7.0, 6.0), (0, 6.0), (0, 5.0), (7.0, 5.0)], [(7.0, 1.0), (0, 1.0), (0, 0), (7.0, 0)]]
timestamp position0 velocity0 radius0 heading0 goal pref_speed theta position1 velocity1 radius1 heading1 position2 velocity2 radius2 heading2 position3 velocity3 radius3 heading3 position4 velocity4 radius4 heading4 position5 velocity5 radius5 heading5 position6 velocity6 radius6 heading6 
0.0 (6.0,3.482541561126709) (0.0,0.0) 0.5 -0.38422725150538245 (10.0,2.795310659696484) 3.0 0.0 (6.0,5.0) (0,0) 1e-07 -0.38422725150538245 (6.0,1.0) (0,0) 1e-07 -0.38422725150538245 
1.0 (6.070525646209717,3.3923168182373047) (0.07052561640739441,-0.09022469073534012) 0.5 -0.38422725150538245 (10.0,2.795310659696484) 3.0 -0.9073347596449498 (6.070525646209717,5.0) (0,0) 1e-07 -0.38422725150538245 (6.070525646209717,1.0) (0,0) 1e-07 -0.38422725150538245 
2.0 (6.269461631774902,3.2319133281707764) (0.198935866355896,-0.16040341556072235) 0.5 -0.38422725150538245 (10.0,2.795310659696484) 3.0 -0.6785749631860623 (6.269461631774902,5.0) (0,0) 1e-07 -0.38422725150538245 (6.269461631774902,1.0) (0,0) 1e-07 -0.38422725150538245 
3.0 (6.92650842666626,3.196223497390747) (0.6570466160774231,-0.035689741373062134) 0.5 -0.38422725150538245 (10.0,2.795310659696484) 3.0 -0.05426510348529821 (6.92650842666626,5.0) (0,0) 1e-07 -0.38422725150538245 (6.92650842666626,1.0) (0,0) 1e-07 -0.38422725150538245 
4.0 (7.765986442565918,3.258488416671753) (0.8394782543182373,0.06226499378681183) 0.5 -0.38422725150538245 (10.0,2.795310659696484) 3.0 0.07403549579237388 (7.0,5.0) (0,0) 1e-07 -0.38422725150538245 (7.0,1.0) (0,0) 1e-07 -0.38422725150538245 
5.0 (8.64860725402832,3.31585955619812) (0.8826204538345337,0.057371221482753754) 0.5 -0.38422725150538245 (10.0,2.795310659696484) 3.0 0.06490969604975826 (7.0,5.0) (0,0) 1e-07 -0.38422725150538245 (7.0,1.0) (0,0) 1e-07 -0.38422725150538245 
6.0 (9.434821128845215,3.4182353019714355) (0.7862135171890259,0.10237564146518707) 0.5 -0.38422725150538245 (10.0,2.795310659696484) 3.0 0.12948498470474956 (7.0,5.0) (0,0) 1e-07 -0.38422725150538245 (7.0,1.0) (0,0) 1e-07 -0.38422725150538245 
7.0 (10.101009368896484,3.5001139640808105) (0.6661877632141113,0.08187860250473022) 0.5 -0.38422725150538245 (10.0,2.795310659696484) 3.0 0.1222928725189977 (7.0,5.0) (0,0) 1e-07 -0.38422725150538245 (7.0,1.0) (0,0) 1e-07 -0.38422725150538245 
