[[(7.0, 6.0), (0, 6.0), (0, 5.0), (7.0, 5.0)], [(7.0, 1.0), (0, 1.0), (0, 0), (7.0, 0)]]
timestamp position0 velocity0 radius0 heading0 goal pref_speed theta position1 velocity1 radius1 heading1 position2 velocity2 radius2 heading2 position3 velocity3 radius3 heading3 position4 velocity4 radius4 heading4 position5 velocity5 radius5 heading5 position6 velocity6 radius6 heading6 
0.0 (6.0,2.5736217498779297) (0.0,0.0) 0.5 -0.29352898695840046 (10.0,3.1077452681535758) 3.0 0.0 (6.0,5.0) (0,0) 1e-07 -0.29352898695840046 (6.0,1.0) (0,0) 1e-07 -0.29352898695840046 
1.0 (6.157691955566406,2.4543135166168213) (0.15769174695014954,-0.11930833011865616) 0.5 -0.29352898695840046 (10.0,3.1077452681535758) 3.0 -0.6477067210578914 (6.157691955566406,5.0) (0,0) 1e-07 -0.29352898695840046 (6.157691955566406,1.0) (0,0) 1e-07 -0.29352898695840046 
2.0 (6.3492865562438965,2.3142635822296143) (0.19159477949142456,-0.14004984498023987) 0.5 -0.29352898695840046 (10.0,3.1077452681535758) 3.0 -0.6312096028054291 (6.3492865562438965,5.0) (0,0) 1e-07 -0.29352898695840046 (6.3492865562438965,1.0) (0,0) 1e-07 -0.29352898695840046 
3.0 (6.853854179382324,2.295555353164673) (0.5045675039291382,-0.018708139657974243) 0.5 -0.29352898695840046 (10.0,3.1077452681535758) 3.0 -0.03706059861775004 (6.853854179382324,5.0) (0,0) 1e-07 -0.29352898695840046 (6.853854179382324,1.0) (0,0) 1e-07 -0.29352898695840046 
4.0 (7.515135765075684,2.371851921081543) (0.6612817645072937,0.07629649341106415) 0.5 -0.29352898695840046 (10.0,3.1077452681535758) 3.0 0.11486877261082878 (7.0,5.0) (0,0) 1e-07 -0.29352898695840046 (7.0,1.0) (0,0) 1e-07 -0.29352898695840046 
5.0 (8.295557975769043,2.480381965637207) (0.7804221510887146,0.10853016376495361) 0.5 -0.29352898695840046 (10.0,3.1077452681535758) 3.0 0.13817974970005872 (7.0,5.0) (0,0) 1e-07 -0.29352898695840046 (7.0,1.0) (0,0) 1e-07 -0.29352898695840046 
6.0 (9.008037567138672,2.5842478275299072) (0.7124795913696289,0.103865846991539) 0.5 -0.29352898695840046 (10.0,3.1077452681535758) 3.0 0.14476106149240686 (7.0,5.0) (0,0) 1e-07 -0.29352898695840046 (7.0,1.0) (0,0) 1e-07 -0.29352898695840046 
7.0 (9.733806610107422,2.6923000812530518) (0.7257694005966187,0.10805217921733856) 0.5 -0.29352898695840046 (10.0,3.1077452681535758) 3.0 0.14779391593036303 (7.0,5.0) (0,0) 1e-07 -0.29352898695840046 (7.0,1.0) (0,0) 1e-07 -0.29352898695840046 
