[[(7.0, 6.0), (0, 6.0), (0, 5.0), (7.0, 5.0)], [(7.0, 1.0), (0, 1.0), (0, 0), (7.0, 0)]]
timestamp position0 velocity0 radius0 heading0 goal pref_speed theta position1 velocity1 radius1 heading1 position2 velocity2 radius2 heading2 position3 velocity3 radius3 heading3 position4 velocity4 radius4 heading4 position5 velocity5 radius5 heading5 position6 velocity6 radius6 heading6 
0.0 (6.0,3.413367509841919) (0.0,0.0) 0.5 -0.2546687797819966 (10.0,3.213915234474935) 3.0 0.0 (6.0,5.0) (0,0) 1e-07 -0.2546687797819966 (6.0,1.0) (0,0) 1e-07 -0.2546687797819966 
1.0 (6.088137149810791,3.2711403369903564) (0.08813727647066116,-0.1422271430492401) 0.5 -0.2546687797819966 (10.0,3.213915234474935) 3.0 -1.0160218201624802 (6.088137149810791,5.0) (0,0) 1e-07 -0.2546687797819966 (6.088137149810791,1.0) (0,0) 1e-07 -0.2546687797819966 
2.0 (6.3281354904174805,3.1127655506134033) (0.23999854922294617,-0.1583748310804367) 0.5 -0.2546687797819966 (10.0,3.213915234474935) 3.0 -0.5833027324397048 (6.3281354904174805,5.0) (0,0) 1e-07 -0.2546687797819966 (6.3281354904174805,1.0) (0,0) 1e-07 -0.2546687797819966 
3.0 (6.846540927886963,3.0402839183807373) (0.518405556678772,-0.07248164713382721) 0.5 -0.2546687797819966 (10.0,3.213915234474935) 3.0 -0.13891595801312218 (6.846540927886963,5.0) (0,0) 1e-07 -0.2546687797819966 (6.846540927886963,1.0) (0,0) 1e-07 -0.2546687797819966 
4.0 (7.699325084686279,3.1002063751220703) (0.8527839779853821,0.059922412037849426) 0.5 -0.2546687797819966 (10.0,3.213915234474935) 3.0 0.07015150836683351 (7.0,5.0) (0,0) 1e-07 -0.2546687797819966 (7.0,1.0) (0,0) 1e-07 -0.2546687797819966 
5.0 (8.529521942138672,3.1846494674682617) (0.8301967978477478,0.08444297313690186) 0.5 -0.2546687797819966 (10.0,3.213915234474935) 3.0 0.10136579325118544 (7.0,5.0) (0,0) 1e-07 -0.2546687797819966 (7.0,1.0) (0,0) 1e-07 -0.2546687797819966 
6.0 (9.311822891235352,3.2911384105682373) (0.7823005318641663,0.10648898780345917) 0.5 -0.2546687797819966 (10.0,3.213915234474935) 3.0 0.13529132806171004 (7.0,5.0) (0,0) 1e-07 -0.2546687797819966 (7.0,1.0) (0,0) 1e-07 -0.2546687797819966 
7.0 (10.095070838928223,3.3971309661865234) (0.7832483053207397,0.10599249601364136) 0.5 -0.2546687797819966 (10.0,3.213915234474935) 3.0 0.13450716875813354 (7.0,5.0) (0,0) 1e-07 -0.2546687797819966 (7.0,1.0) (0,0) 1e-07 -0.2546687797819966 
