[[(7.0, 6.0), (0, 6.0), (0, 5.0), (7.0, 5.0)], [(7.0, 1.0), (0, 1.0), (0, 0), (7.0, 0)]]
timestamp position0 velocity0 radius0 heading0 goal pref_speed theta position1 velocity1 radius1 heading1 position2 velocity2 radius2 heading2 position3 velocity3 radius3 heading3 position4 velocity4 radius4 heading4 position5 velocity5 radius5 heading5 position6 velocity6 radius6 heading6 
0.0 (6.0,3.38435959815979) (0.0,0.0) 0.5 -0.13575027655252608 (10.0,2.7252086029647202) 3.0 0.0 (6.0,5.0) (0,0) 1e-07 -0.13575027655252608 (6.0,1.0) (0,0) 1e-07 -0.13575027655252608 
1.0 (6.122049808502197,3.234935998916626) (0.12204957753419876,-0.14942365884780884) 0.5 -0.13575027655252608 (10.0,2.7252086029647202) 3.0 -0.88589376272039 (6.122049808502197,5.0) (0,0) 1e-07 -0.13575027655252608 (6.122049808502197,1.0) (0,0) 1e-07 -0.13575027655252608 
2.0 (6.380062103271484,3.09647798538208) (0.25801223516464233,-0.13845792412757874) 0.5 -0.13575027655252608 (10.0,2.7252086029647202) 3.0 -0.4925228837689798 (6.380062103271484,5.0) (0,0) 1e-07 -0.13575027655252608 (6.380062103271484,1.0) (0,0) 1e-07 -0.13575027655252608 
3.0 (6.63851261138916,2.9581267833709717) (0.2584502696990967,-0.1383512020111084) 0.5 -0.13575027655252608 (10.0,2.7252086029647202) 3.0 -0.4914955561326307 (6.63851261138916,5.0) (0,0) 1e-07 -0.13575027655252608 (6.63851261138916,1.0) (0,0) 1e-07 -0.13575027655252608 
4.0 (7.103217124938965,2.866034746170044) (0.4647044539451599,-0.09209209680557251) 0.5 -0.13575027655252608 (10.0,2.7252086029647202) 3.0 -0.19563867116369968 (7.0,5.0) (0,0) 1e-07 -0.13575027655252608 (7.0,1.0) (0,0) 1e-07 -0.13575027655252608 
5.0 (7.800151348114014,2.801050901412964) (0.6969344019889832,-0.06498384475708008) 0.5 -0.13575027655252608 (10.0,2.7252086029647202) 3.0 -0.0929735919752878 (7.0,5.0) (0,0) 1e-07 -0.13575027655252608 (7.0,1.0) (0,0) 1e-07 -0.13575027655252608 
6.0 (8.049398422241211,2.6609749794006348) (0.2492470145225525,-0.14007604122161865) 0.5 -0.13575027655252608 (10.0,2.7252086029647202) 3.0 -0.512007176069903 (7.0,5.0) (0,0) 1e-07 -0.13575027655252608 (7.0,1.0) (0,0) 1e-07 -0.13575027655252608 
7.0 (8.776637077331543,2.6207306385040283) (0.727238655090332,-0.04024425521492958) 0.5 -0.13575027655252608 (10.0,2.7252086029647202) 3.0 -0.0552820586131276 (7.0,5.0) (0,0) 1e-07 -0.13575027655252608 (7.0,1.0) (0,0) 1e-07 -0.13575027655252608 
8.0 (9.621493339538574,2.6624083518981934) (0.8448561429977417,0.04167772829532623) 0.5 -0.13575027655252608 (10.0,2.7252086029647202) 3.0 0.04929119526962346 (7.0,5.0) (0,0) 1e-07 -0.13575027655252608 (7.0,1.0) (0,0) 1e-07 -0.13575027655252608 
