[[(7.0, 6.0), (0, 6.0), (0, 5.0), (7.0, 5.0)], [(7.0, 1.0), (0, 1.0), (0, 0), (7.0, 0)]]
timestamp position0 velocity0 radius0 heading0 goal pref_speed theta position1 velocity1 radius1 heading1 position2 velocity2 radius2 heading2 position3 velocity3 radius3 heading3 position4 velocity4 radius4 heading4 position5 velocity5 radius5 heading5 position6 velocity6 radius6 heading6 
0.0 (6.0,3.2276837825775146) (0.0,0.0) 0.5 -0.16928511637769256 (10.0,3.1213036937805816) 3.0 0.0 (6.0,5.0) (0,0) 1e-07 -0.16928511637769256 (6.0,1.0) (0,0) 1e-07 -0.16928511637769256 
1.0 (6.08457612991333,3.047316074371338) (0.08457592129707336,-0.1803676038980484) 0.5 -0.16928511637769256 (10.0,3.1213036937805816) 3.0 -1.1323297426838188 (6.08457612991333,5.0) (0,0) 1e-07 -0.16928511637769256 (6.08457612991333,1.0) (0,0) 1e-07 -0.16928511637769256 
2.0 (6.323161602020264,2.8780646324157715) (0.23858554661273956,-0.16925148665905) 0.5 -0.16928511637769256 (10.0,3.1213036937805816) 3.0 -0.6170038017758473 (6.323161602020264,5.0) (0,0) 1e-07 -0.16928511637769256 (6.323161602020264,1.0) (0,0) 1e-07 -0.16928511637769256 
3.0 (6.920822620391846,2.799656391143799) (0.5976611375808716,-0.07840816676616669) 0.5 -0.16928511637769256 (10.0,3.1213036937805816) 3.0 -0.1304466971212404 (6.920822620391846,5.0) (0,0) 1e-07 -0.16928511637769256 (6.920822620391846,1.0) (0,0) 1e-07 -0.16928511637769256 
4.0 (7.7635416984558105,2.819579839706421) (0.8427190780639648,0.01992340385913849) 0.5 -0.16928511637769256 (10.0,3.1213036937805816) 3.0 0.023637406175320574 (7.0,5.0) (0,0) 1e-07 -0.16928511637769256 (7.0,1.0) (0,0) 1e-07 -0.16928511637769256 
5.0 (8.601354598999023,2.869377613067627) (0.8378130793571472,0.04979771748185158) 0.5 -0.16928511637769256 (10.0,3.1213036937805816) 3.0 0.05936789500905667 (7.0,5.0) (0,0) 1e-07 -0.16928511637769256 (7.0,1.0) (0,0) 1e-07 -0.16928511637769256 
6.0 (9.171258926391602,2.87764310836792) (0.5699042081832886,0.008265573531389236) 0.5 -0.16928511637769256 (10.0,3.1213036937805816) 3.0 0.014502426779315415 (7.0,5.0) (0,0) 1e-07 -0.16928511637769256 (7.0,1.0) (0,0) 1e-07 -0.16928511637769256 
7.0 (9.741230010986328,2.885920524597168) (0.569970965385437,0.008277414366602898) 0.5 -0.16928511637769256 (10.0,3.1213036937805816) 3.0 0.01452149851625646 (7.0,5.0) (0,0) 1e-07 -0.16928511637769256 (7.0,1.0) (0,0) 1e-07 -0.16928511637769256 
