[[(7.0, 6.0), (0, 6.0), (0, 5.0), (7.0, 5.0)], [(7.0, 1.0), (0, 1.0), (0, 0), (7.0, 0)]]
timestamp position0 velocity0 radius0 heading0 goal pref_speed theta position1 velocity1 radius1 heading1 position2 velocity2 radius2 heading2 position3 velocity3 radius3 heading3 position4 velocity4 radius4 heading4 position5 velocity5 radius5 heading5 position6 velocity6 radius6 heading6 
0.0 (6.0,2.971247434616089) (0.0,0.0) 0.5 -0.1320626543750848 (10.0,3.3165958373757416) 3.0 0.0 (6.0,5.0) (0,0) 1e-07 -0.1320626543750848 (6.0,1.0) (0,0) 1e-07 -0.1320626543750848 
1.0 (6.185281276702881,2.8548996448516846) (0.18528112769126892,-0.11634768545627594) 0.5 -0.1320626543750848 (10.0,3.3165958373757416) 3.0 -0.5607194050951867 (6.185281276702881,5.0) (0,0) 1e-07 -0.1320626543750848 (6.185281276702881,1.0) (0,0) 1e-07 -0.1320626543750848 
2.0 (6.484060287475586,2.7345361709594727) (0.29877907037734985,-0.12036357820034027) 0.5 -0.1320626543750848 (10.0,3.3165958373757416) 3.0 -0.3829620939405362 (6.484060287475586,5.0) (0,0) 1e-07 -0.1320626543750848 (6.484060287475586,1.0) (0,0) 1e-07 -0.1320626543750848 
3.0 (6.967237949371338,2.7102549076080322) (0.4831776022911072,-0.02428123727440834) 0.5 -0.1320626543750848 (10.0,3.3165958373757416) 3.0 -0.05021099535629872 (6.967237949371338,5.0) (0,0) 1e-07 -0.1320626543750848 (6.967237949371338,1.0) (0,0) 1e-07 -0.1320626543750848 
4.0 (7.595064163208008,2.742004871368408) (0.627826452255249,0.031750068068504333) 0.5 -0.1320626543750848 (10.0,3.3165958373757416) 3.0 0.05052836309185717 (7.0,5.0) (0,0) 1e-07 -0.1320626543750848 (7.0,1.0) (0,0) 1e-07 -0.1320626543750848 
5.0 (8.420919418334961,2.828775644302368) (0.8258552551269531,0.08677083253860474) 0.5 -0.1320626543750848 (10.0,3.3165958373757416) 3.0 0.10468376304432071 (7.0,5.0) (0,0) 1e-07 -0.1320626543750848 (7.0,1.0) (0,0) 1e-07 -0.1320626543750848 
6.0 (9.2014741897583,2.937181234359741) (0.7805551886558533,0.10840553045272827) 0.5 -0.1320626543750848 (10.0,3.3165958373757416) 3.0 0.13799984926704867 (7.0,5.0) (0,0) 1e-07 -0.1320626543750848 (7.0,1.0) (0,0) 1e-07 -0.1320626543750848 
7.0 (9.98217487335205,3.04551362991333) (0.7807003855705261,0.10833236575126648) 0.5 -0.1320626543750848 (10.0,3.3165958373757416) 3.0 0.13788256304614394 (7.0,5.0) (0,0) 1e-07 -0.1320626543750848 (7.0,1.0) (0,0) 1e-07 -0.1320626543750848 
