[[(7.0, 6.0), (0, 6.0), (0, 5.0), (7.0, 5.0)], [(7.0, 1.0), (0, 1.0), (0, 0), (7.0, 0)]]
timestamp position0 velocity0 radius0 heading0 goal pref_speed theta position1 velocity1 radius1 heading1 position2 velocity2 radius2 heading2 position3 velocity3 radius3 heading3 position4 velocity4 radius4 heading4 position5 velocity5 radius5 heading5 position6 velocity6 radius6 heading6 
0.0 (6.0,2.6376607418060303) (0.0,0.0) 0.5 -0.1086550151827092 (10.0,3.009033343762799) 3.0 0.0 (6.0,5.0) (0,0) 1e-07 -0.1086550151827092 (6.0,1.0) (0,0) 1e-07 -0.1086550151827092 
1.0 (6.134836673736572,2.564467668533325) (0.13483646512031555,-0.07319310307502747) 0.5 -0.1086550151827092 (10.0,3.009033343762799) 3.0 -0.49732074730212694 (6.134836673736572,5.0) (0,0) 1e-07 -0.1086550151827092 (6.134836673736572,1.0) (0,0) 1e-07 -0.1086550151827092 
2.0 (6.340128421783447,2.4251492023468018) (0.20529186725616455,-0.13931848108768463) 0.5 -0.1086550151827092 (10.0,3.009033343762799) 3.0 -0.5962434513258165 (6.340128421783447,5.0) (0,0) 1e-07 -0.1086550151827092 (6.340128421783447,1.0) (0,0) 1e-07 -0.1086550151827092 
3.0 (6.892232418060303,2.3598458766937256) (0.5521039962768555,-0.06530342996120453) 0.5 -0.1086550151827092 (10.0,3.009033343762799) 3.0 -0.11773401586381028 (6.892232418060303,5.0) (0,0) 1e-07 -0.1086550151827092 (6.892232418060303,1.0) (0,0) 1e-07 -0.1086550151827092 
4.0 (7.671833038330078,2.464768886566162) (0.7796005010604858,0.1049230545759201) 0.5 -0.1086550151827092 (10.0,3.009033343762799) 3.0 0.13378179012666971 (7.0,5.0) (0,0) 1e-07 -0.1086550151827092 (7.0,1.0) (0,0) 1e-07 -0.1086550151827092 
5.0 (8.45284366607666,2.5727686882019043) (0.7810108661651611,0.10799983143806458) 0.5 -0.1086550151827092 (10.0,3.009033343762799) 3.0 0.13741068011152557 (7.0,5.0) (0,0) 1e-07 -0.1086550151827092 (7.0,1.0) (0,0) 1e-07 -0.1086550151827092 
6.0 (9.233220100402832,2.6813721656799316) (0.780376672744751,0.10860346257686615) 0.5 -0.1086550151827092 (10.0,3.009033343762799) 3.0 0.13827984439740268 (7.0,5.0) (0,0) 1e-07 -0.1086550151827092 (7.0,1.0) (0,0) 1e-07 -0.1086550151827092 
7.0 (10.013477325439453,2.7901060581207275) (0.780256986618042,0.10873392224311829) 0.5 -0.1086550151827092 (10.0,3.009033343762799) 3.0 0.1384648055848334 (7.0,5.0) (0,0) 1e-07 -0.1086550151827092 (7.0,1.0) (0,0) 1e-07 -0.1086550151827092 
