[[(7.0, 6.0), (0, 6.0), (0, 5.0), (7.0, 5.0)], [(7.0, 1.0), (0, 1.0), (0, 0), (7.0, 0)]]
timestamp position0 velocity0 radius0 heading0 goal pref_speed theta position1 velocity1 radius1 heading1 position2 velocity2 radius2 heading2 position3 velocity3 radius3 heading3 position4 velocity4 radius4 heading4 position5 velocity5 radius5 heading5 position6 velocity6 radius6 heading6 
0.0 (6.0,3.206197738647461) (0.0,0.0) 0.5 -0.17946812704023382 (10.0,2.918001407662508) 3.0 0.0 (6.0,5.0) (0,0) 1e-07 -0.17946812704023382 (6.0,1.0) (0,0) 1e-07 -0.17946812704023382 
1.0 (6.082974433898926,3.030857563018799) (0.08297444134950638,-0.17534023523330688) 0.5 -0.17946812704023382 (10.0,2.918001407662508) 3.0 -1.1288016139730992 (6.082974433898926,5.0) (0,0) 1e-07 -0.17946812704023382 (6.082974433898926,1.0) (0,0) 1e-07 -0.17946812704023382 
2.0 (6.318701267242432,2.8898627758026123) (0.23572678864002228,-0.1409948617219925) 0.5 -0.17946812704023382 (10.0,2.918001407662508) 3.0 -0.5390421086658314 (6.318701267242432,5.0) (0,0) 1e-07 -0.17946812704023382 (6.318701267242432,1.0) (0,0) 1e-07 -0.17946812704023382 
3.0 (6.997040271759033,2.8345932960510254) (0.6783390641212463,-0.055269453674554825) 0.5 -0.17946812704023382 (10.0,2.918001407662508) 3.0 -0.08129803731747022 (6.997040271759033,5.0) (0,0) 1e-07 -0.17946812704023382 (6.997040271759033,1.0) (0,0) 1e-07 -0.17946812704023382 
4.0 (7.858641624450684,2.8638148307800293) (0.8616014122962952,0.02922157198190689) 0.5 -0.17946812704023382 (10.0,2.918001407662508) 3.0 0.03390242309172107 (7.0,5.0) (0,0) 1e-07 -0.17946812704023382 (7.0,1.0) (0,0) 1e-07 -0.17946812704023382 
5.0 (8.695688247680664,2.91481351852417) (0.8370465040206909,0.050998788326978683) 0.5 -0.17946812704023382 (10.0,2.918001407662508) 3.0 0.060851845068233996 (7.0,5.0) (0,0) 1e-07 -0.17946812704023382 (7.0,1.0) (0,0) 1e-07 -0.17946812704023382 
6.0 (9.268987655639648,2.9243078231811523) (0.5732993483543396,0.00949425995349884) 0.5 -0.17946812704023382 (10.0,2.918001407662508) 3.0 0.0165592236665901 (7.0,5.0) (0,0) 1e-07 -0.17946812704023382 (7.0,1.0) (0,0) 1e-07 -0.17946812704023382 
7.0 (10.107057571411133,2.9876766204833984) (0.8380699157714844,0.06336869299411774) 0.5 -0.17946812704023382 (10.0,2.918001407662508) 3.0 0.07546904977462615 (7.0,5.0) (0,0) 1e-07 -0.17946812704023382 (7.0,1.0) (0,0) 1e-07 -0.17946812704023382 
