[[(7.0, 6.0), (0, 6.0), (0, 5.0), (7.0, 5.0)], [(7.0, 1.0), (0, 1.0), (0, 0), (7.0, 0)]]
timestamp position0 velocity0 radius0 heading0 goal pref_speed theta position1 velocity1 radius1 heading1 position2 velocity2 radius2 heading2 position3 velocity3 radius3 heading3 position4 velocity4 radius4 heading4 position5 velocity5 radius5 heading5 position6 velocity6 radius6 heading6 
0.0 (6.0,3.4396891593933105) (0.0,0.0) 0.5 -0.12393173841641192 (10.0,2.8357751889616245) 3.0 0.0 (6.0,5.0) (0,0) 1e-07 -0.12393173841641192 (6.0,1.0) (0,0) 1e-07 -0.12393173841641192 
1.0 (6.029985427856445,3.33223295211792) (0.029985440894961357,-0.10745615512132645) 0.5 -0.12393173841641192 (10.0,2.8357751889616245) 3.0 -1.2986704953294441 (6.029985427856445,5.0) (0,0) 1e-07 -0.12393173841641192 (6.029985427856445,1.0) (0,0) 1e-07 -0.12393173841641192 
2.0 (6.216453552246094,3.1879611015319824) (0.18646788597106934,-0.14427193999290466) 0.5 -0.12393173841641192 (10.0,2.8357751889616245) 3.0 -0.6585032000204751 (6.216453552246094,5.0) (0,0) 1e-07 -0.12393173841641192 (6.216453552246094,1.0) (0,0) 1e-07 -0.12393173841641192 
3.0 (6.399405479431152,3.042736053466797) (0.1829519271850586,-0.14522510766983032) 0.5 -0.12393173841641192 (10.0,2.8357751889616245) 3.0 -0.6709418549971929 (6.399405479431152,5.0) (0,0) 1e-07 -0.12393173841641192 (6.399405479431152,1.0) (0,0) 1e-07 -0.12393173841641192 
4.0 (6.586297512054443,2.8985087871551514) (0.18689191341400146,-0.14422735571861267) 0.5 -0.12393173841641192 (10.0,2.8357751889616245) 3.0 -0.6572546888537404 (6.586297512054443,5.0) (0,0) 1e-07 -0.12393173841641192 (6.586297512054443,1.0) (0,0) 1e-07 -0.12393173841641192 
5.0 (7.261724472045898,2.842724323272705) (0.6754269599914551,-0.055784497410058975) 0.5 -0.12393173841641192 (10.0,2.8357751889616245) 3.0 -0.08240442785022835 (7.0,5.0) (0,0) 1e-07 -0.12393173841641192 (7.0,1.0) (0,0) 1e-07 -0.12393173841641192 
6.0 (8.105873107910156,2.858640432357788) (0.8441484570503235,0.015916187316179276) 0.5 -0.12393173841641192 (10.0,2.8357751889616245) 3.0 0.018852491541883218 (7.0,5.0) (0,0) 1e-07 -0.12393173841641192 (7.0,1.0) (0,0) 1e-07 -0.12393173841641192 
7.0 (8.92033863067627,2.935025691986084) (0.8144658207893372,0.07638514786958694) 0.5 -0.12393173841641192 (10.0,2.8357751889616245) 3.0 0.09351204919761409 (7.0,5.0) (0,0) 1e-07 -0.12393173841641192 (7.0,1.0) (0,0) 1e-07 -0.12393173841641192 
8.0 (9.724617958068848,3.0190656185150146) (0.8042793869972229,0.08403994143009186) 0.5 -0.12393173841641192 (10.0,2.8357751889616245) 3.0 0.10411316191602686 (7.0,5.0) (0,0) 1e-07 -0.12393173841641192 (7.0,1.0) (0,0) 1e-07 -0.12393173841641192 
