[[(7.0, 6.0), (0, 6.0), (0, 5.0), (7.0, 5.0)], [(7.0, 1.0), (0, 1.0), (0, 0), (7.0, 0)]]
timestamp position0 velocity0 radius0 heading0 goal pref_speed theta position1 velocity1 radius1 heading1 position2 velocity2 radius2 heading2 position3 velocity3 radius3 heading3 position4 velocity4 radius4 heading4 position5 velocity5 radius5 heading5 position6 velocity6 radius6 heading6 
0.0 (6.0,2.8320279121398926) (0.0,0.0) 0.5 -0.07303080654476174 (10.0,3.311500922226374) 3.0 0.0 (6.0,5.0) (0,0) 1e-07 -0.07303080654476174 (6.0,1.0) (0,0) 1e-07 -0.07303080654476174 
1.0 (6.150055408477783,2.7101123332977295) (0.15005552768707275,-0.1219155415892601) 0.5 -0.07303080654476174 (10.0,3.311500922226374) 3.0 -0.6822981910134072 (6.150055408477783,5.0) (0,0) 1e-07 -0.07303080654476174 (6.150055408477783,1.0) (0,0) 1e-07 -0.07303080654476174 
2.0 (6.384323596954346,2.5774712562561035) (0.23426812887191772,-0.13264118134975433) 0.5 -0.07303080654476174 (10.0,3.311500922226374) 3.0 -0.5151910660336851 (6.384323596954346,5.0) (0,0) 1e-07 -0.07303080654476174 (6.384323596954346,1.0) (0,0) 1e-07 -0.07303080654476174 
3.0 (7.010842323303223,2.581571340560913) (0.6265185475349426,0.004100009799003601) 0.5 -0.07303080654476174 (10.0,3.311500922226374) 3.0 0.0065440221816024345 (7.0,5.0) (0,0) 1e-07 -0.07303080654476174 (7.0,1.0) (0,0) 1e-07 -0.07303080654476174 
4.0 (7.794950008392334,2.68699312210083) (0.7841078042984009,0.10542172193527222) 0.5 -0.07303080654476174 (10.0,3.311500922226374) 3.0 0.13364656327907046 (7.0,5.0) (0,0) 1e-07 -0.07303080654476174 (7.0,1.0) (0,0) 1e-07 -0.07303080654476174 
5.0 (8.51357650756836,2.792325258255005) (0.7186263799667358,0.105332151055336) 0.5 -0.07303080654476174 (10.0,3.311500922226374) 3.0 0.14553794748931823 (7.0,5.0) (0,0) 1e-07 -0.07303080654476174 (7.0,1.0) (0,0) 1e-07 -0.07303080654476174 
6.0 (9.188516616821289,2.88431453704834) (0.6749404668807983,0.09198933839797974) 0.5 -0.07303080654476174 (10.0,3.311500922226374) 3.0 0.13545789714302287 (7.0,5.0) (0,0) 1e-07 -0.07303080654476174 (7.0,1.0) (0,0) 1e-07 -0.07303080654476174 
7.0 (9.864097595214844,2.976506233215332) (0.6755812168121338,0.09219181537628174) 0.5 -0.07303080654476174 (10.0,3.311500922226374) 3.0 0.13562522719748782 (7.0,5.0) (0,0) 1e-07 -0.07303080654476174 (7.0,1.0) (0,0) 1e-07 -0.07303080654476174 
