[[(7.0, 6.0), (0, 6.0), (0, 5.0), (7.0, 5.0)], [(7.0, 1.0), (0, 1.0), (0, 0), (7.0, 0)]]
timestamp position0 velocity0 radius0 heading0 goal pref_speed theta position1 velocity1 radius1 heading1 position2 velocity2 radius2 heading2 position3 velocity3 radius3 heading3 position4 velocity4 radius4 heading4 position5 velocity5 radius5 heading5 position6 velocity6 radius6 heading6 
0.0 (6.0,3.117781639099121) (0.0,0.0) 0.5 -0.09446109163474092 (10.0,2.9501915026580665) 3.0 0.0 (6.0,5.0) (0,0) 1e-07 -0.09446109163474092 (6.0,1.0) (0,0) 1e-07 -0.09446109163474092 
1.0 (6.100988864898682,2.921658992767334) (0.1009889617562294,-0.19612255692481995) 0.5 -0.09446109163474092 (10.0,2.9501915026580665) 3.0 -1.095277900598429 (6.100988864898682,5.0) (0,0) 1e-07 -0.09446109163474092 (6.100988864898682,1.0) (0,0) 1e-07 -0.09446109163474092 
2.0 (6.472362995147705,2.6639320850372314) (0.37137413024902344,-0.2577269673347473) 0.5 -0.09446109163474092 (10.0,2.9501915026580665) 3.0 -0.6066756192569341 (6.472362995147705,5.0) (0,0) 1e-07 -0.09446109163474092 (6.472362995147705,1.0) (0,0) 1e-07 -0.09446109163474092 
3.0 (6.705657958984375,2.5296335220336914) (0.2332947850227356,-0.13429851830005646) 0.5 -0.09446109163474092 (10.0,2.9501915026580665) 3.0 -0.5223302822251128 (6.705657958984375,5.0) (0,0) 1e-07 -0.09446109163474092 (6.705657958984375,1.0) (0,0) 1e-07 -0.09446109163474092 
4.0 (6.942848205566406,2.393922805786133) (0.23719000816345215,-0.13571080565452576) 0.5 -0.09446109163474092 (10.0,2.9501915026580665) 3.0 -0.519697866945996 (6.942848205566406,5.0) (0,0) 1e-07 -0.09446109163474092 (6.942848205566406,1.0) (0,0) 1e-07 -0.09446109163474092 
5.0 (7.681739807128906,2.4199328422546387) (0.7388916015625,0.02601015381515026) 0.5 -0.09446109163474092 (10.0,2.9501915026580665) 3.0 0.03518705346552113 (7.0,5.0) (0,0) 1e-07 -0.09446109163474092 (7.0,1.0) (0,0) 1e-07 -0.09446109163474092 
6.0 (8.299286842346191,2.445185422897339) (0.6175471544265747,0.025252675637602806) 0.5 -0.09446109163474092 (10.0,2.9501915026580665) 3.0 0.04086912904240289 (7.0,5.0) (0,0) 1e-07 -0.09446109163474092 (7.0,1.0) (0,0) 1e-07 -0.09446109163474092 
7.0 (9.103605270385742,2.5292110443115234) (0.8043187856674194,0.08402568101882935) 0.5 -0.09446109163474092 (10.0,2.9501915026580665) 3.0 0.10409056045735413 (7.0,5.0) (0,0) 1e-07 -0.09446109163474092 (7.0,1.0) (0,0) 1e-07 -0.09446109163474092 
8.0 (9.893048286437988,2.6278653144836426) (0.7894428372383118,0.09865431487560272) 0.5 -0.09446109163474092 (10.0,2.9501915026580665) 3.0 0.12432251686748193 (7.0,5.0) (0,0) 1e-07 -0.09446109163474092 (7.0,1.0) (0,0) 1e-07 -0.09446109163474092 
