[[(7.0, 6.0), (0, 6.0), (0, 5.0), (7.0, 5.0)], [(7.0, 1.0), (0, 1.0), (0, 0), (7.0, 0)]]
timestamp position0 velocity0 radius0 heading0 goal pref_speed theta position1 velocity1 radius1 heading1 position2 velocity2 radius2 heading2 position3 velocity3 radius3 heading3 position4 velocity4 radius4 heading4 position5 velocity5 radius5 heading5 position6 velocity6 radius6 heading6 
0.0 (6.0,3.1820871829986572) (0.0,0.0) 0.5 -0.16600956791185328 (10.0,2.7538756767481902) 3.0 0.0 (6.0,5.0) (0,0) 1e-07 -0.16600956791185328 (6.0,1.0) (0,0) 1e-07 -0.16600956791185328 
1.0 (6.078938961029053,2.9879674911499023) (0.07893918454647064,-0.19411979615688324) 0.5 -0.16600956791185328 (10.0,2.7538756767481902) 3.0 -1.1845687360705335 (6.078938961029053,5.0) (0,0) 1e-07 -0.16600956791185328 (6.078938961029053,1.0) (0,0) 1e-07 -0.16600956791185328 
2.0 (6.3653788566589355,2.7304275035858154) (0.2864399552345276,-0.25753989815711975) 0.5 -0.16600956791185328 (10.0,2.7538756767481902) 3.0 -0.7323209899501167 (6.3653788566589355,5.0) (0,0) 1e-07 -0.16600956791185328 (6.3653788566589355,1.0) (0,0) 1e-07 -0.16600956791185328 
3.0 (6.614326477050781,2.5904605388641357) (0.24894756078720093,-0.1399669051170349) 0.5 -0.16600956791185328 (10.0,2.7538756767481902) 3.0 -0.512187745107809 (6.614326477050781,5.0) (0,0) 1e-07 -0.16600956791185328 (6.614326477050781,1.0) (0,0) 1e-07 -0.16600956791185328 
4.0 (7.143161296844482,2.5020575523376465) (0.5288347005844116,-0.08840291202068329) 0.5 -0.16600956791185328 (10.0,2.7538756767481902) 3.0 -0.1656339800518489 (7.0,5.0) (0,0) 1e-07 -0.16600956791185328 (7.0,1.0) (0,0) 1e-07 -0.16600956791185328 
5.0 (7.996049880981445,2.5695481300354004) (0.8528885841369629,0.0674906075000763) 0.5 -0.16600956791185328 (10.0,2.7538756767481902) 3.0 0.07896724594252437 (7.0,5.0) (0,0) 1e-07 -0.16600956791185328 (7.0,1.0) (0,0) 1e-07 -0.16600956791185328 
6.0 (8.62942123413086,2.611666440963745) (0.6333714127540588,0.0421183817088604) 0.5 -0.16600956791185328 (10.0,2.7538756767481902) 3.0 0.06640094811884675 (7.0,5.0) (0,0) 1e-07 -0.16600956791185328 (7.0,1.0) (0,0) 1e-07 -0.16600956791185328 
7.0 (9.262735366821289,2.6537609100341797) (0.633313775062561,0.04209458455443382) 0.5 -0.16600956791185328 (10.0,2.7538756767481902) 3.0 0.06636956325173665 (7.0,5.0) (0,0) 1e-07 -0.16600956791185328 (7.0,1.0) (0,0) 1e-07 -0.16600956791185328 
8.0 (9.898748397827148,2.6969847679138184) (0.6360127925872803,0.043223921209573746) 0.5 -0.16600956791185328 (10.0,2.7538756767481902) 3.0 0.06785643290356459 (7.0,5.0) (0,0) 1e-07 -0.16600956791185328 (7.0,1.0) (0,0) 1e-07 -0.16600956791185328 
