[[(7.0, 6.0), (0, 6.0), (0, 5.0), (7.0, 5.0)], [(7.0, 1.0), (0, 1.0), (0, 0), (7.0, 0)]]
timestamp position0 velocity0 radius0 heading0 goal pref_speed theta position1 velocity1 radius1 heading1 position2 velocity2 radius2 heading2 position3 velocity3 radius3 heading3 position4 velocity4 radius4 heading4 position5 velocity5 radius5 heading5 position6 velocity6 radius6 heading6 
0.0 (6.0,3.4954445362091064) (0.0,0.0) 0.5 -0.3488148270537913 (10.0,3.0137319033175833) 3.0 0.0 (6.0,5.0) (0,0) 1e-07 -0.3488148270537913 (6.0,1.0) (0,0) 1e-07 -0.3488148270537913 
1.0 (6.092536449432373,3.376091957092285) (0.09253630042076111,-0.11935268342494965) 0.5 -0.3488148270537913 (10.0,3.0137319033175833) 3.0 -0.9112875297210821 (6.092536449432373,5.0) (0,0) 1e-07 -0.3488148270537913 (6.092536449432373,1.0) (0,0) 1e-07 -0.3488148270537913 
2.0 (6.32304573059082,3.230206251144409) (0.23050926625728607,-0.14588579535484314) 0.5 -0.3488148270537913 (10.0,3.0137319033175833) 3.0 -0.5642491538085627 (6.32304573059082,5.0) (0,0) 1e-07 -0.3488148270537913 (6.32304573059082,1.0) (0,0) 1e-07 -0.3488148270537913 
3.0 (7.003113746643066,3.2275140285491943) (0.6800681352615356,-0.002692177891731262) 0.5 -0.3488148270537913 (10.0,3.0137319033175833) 3.0 -0.003958667799654784 (7.0,5.0) (0,0) 1e-07 -0.3488148270537913 (7.0,1.0) (0,0) 1e-07 -0.3488148270537913 
4.0 (7.865608215332031,3.2823190689086914) (0.8624942302703857,0.0548049658536911) 0.5 -0.3488148270537913 (10.0,3.0137319033175833) 3.0 0.06345710061825814 (7.0,5.0) (0,0) 1e-07 -0.3488148270537913 (7.0,1.0) (0,0) 1e-07 -0.3488148270537913 
5.0 (8.736454010009766,3.351935386657715) (0.8708454370498657,0.06961642950773239) 0.5 -0.3488148270537913 (10.0,3.0137319033175833) 3.0 0.07977155965754552 (7.0,5.0) (0,0) 1e-07 -0.3488148270537913 (7.0,1.0) (0,0) 1e-07 -0.3488148270537913 
6.0 (9.521133422851562,3.4563682079315186) (0.7846793532371521,0.10443274676799774) 0.5 -0.3488148270537913 (10.0,3.0137319033175833) 3.0 0.1323121557590457 (7.0,5.0) (0,0) 1e-07 -0.3488148270537913 (7.0,1.0) (0,0) 1e-07 -0.3488148270537913 
7.0 (10.311952590942383,3.5559661388397217) (0.790819525718689,0.0995979756116867) 0.5 -0.3488148270537913 (10.0,3.0137319033175833) 3.0 0.12528312003113384 (7.0,5.0) (0,0) 1e-07 -0.3488148270537913 (7.0,1.0) (0,0) 1e-07 -0.3488148270537913 
