[[(7.0, 6.0), (0, 6.0), (0, 5.0), (7.0, 5.0)], [(7.0, 1.0), (0, 1.0), (0, 0), (7.0, 0)]]
timestamp position0 velocity0 radius0 heading0 goal pref_speed theta position1 velocity1 radius1 heading1 position2 velocity2 radius2 heading2 position3 velocity3 radius3 heading3 position4 velocity4 radius4 heading4 position5 velocity5 radius5 heading5 position6 velocity6 radius6 heading6 
0.0 (6.0,2.6239378452301025) (0.0,0.0) 0.5 -0.3211072620876151 (10.0,3.250226339022488) 3.0 0.0 (6.0,5.0) (0,0) 1e-07 -0.3211072620876151 (6.0,1.0) (0,0) 1e-07 -0.3211072620876151 
1.0 (6.208578586578369,2.556121826171875) (0.20857864618301392,-0.06781591475009918) 0.5 -0.3211072620876151 (10.0,3.250226339022488) 3.0 -0.31435268168425007 (6.208578586578369,5.0) (0,0) 1e-07 -0.3211072620876151 (6.208578586578369,1.0) (0,0) 1e-07 -0.3211072620876151 
2.0 (6.638652324676514,2.445119857788086) (0.4300735592842102,-0.11100208759307861) 0.5 -0.3211072620876151 (10.0,3.250226339022488) 3.0 -0.2525877660146057 (6.638652324676514,5.0) (0,0) 1e-07 -0.3211072620876151 (6.638652324676514,1.0) (0,0) 1e-07 -0.3211072620876151 
3.0 (7.343109130859375,2.4840264320373535) (0.7044568657875061,0.038906678557395935) 0.5 -0.3211072620876151 (10.0,3.250226339022488) 3.0 0.05517327454809214 (7.0,5.0) (0,0) 1e-07 -0.3211072620876151 (7.0,1.0) (0,0) 1e-07 -0.3211072620876151 
4.0 (8.1243314743042,2.5916545391082764) (0.7812222242355347,0.10762821137905121) 0.5 -0.3211072620876151 (10.0,3.250226339022488) 3.0 0.13690716999153063 (7.0,5.0) (0,0) 1e-07 -0.3211072620876151 (7.0,1.0) (0,0) 1e-07 -0.3211072620876151 
5.0 (8.904705047607422,2.7002511024475098) (0.7803734540939331,0.10859660804271698) 0.5 -0.3211072620876151 (10.0,3.250226339022488) 3.0 0.13827179070960144 (7.0,5.0) (0,0) 1e-07 -0.3211072620876151 (7.0,1.0) (0,0) 1e-07 -0.3211072620876151 
6.0 (9.581560134887695,2.792963981628418) (0.6768547892570496,0.09271286427974701) 0.5 -0.3211072620876151 (10.0,3.250226339022488) 3.0 0.13612885308332073 (7.0,5.0) (0,0) 1e-07 -0.3211072620876151 (7.0,1.0) (0,0) 1e-07 -0.3211072620876151 
7.0 (10.362101554870605,2.901395082473755) (0.7805418372154236,0.10843104124069214) 0.5 -0.3211072620876151 (10.0,3.250226339022488) 3.0 0.13803424473652115 (7.0,5.0) (0,0) 1e-07 -0.3211072620876151 (7.0,1.0) (0,0) 1e-07 -0.3211072620876151 
