[[(7.0, 6.0), (0, 6.0), (0, 5.0), (7.0, 5.0)], [(7.0, 1.0), (0, 1.0), (0, 0), (7.0, 0)]]
timestamp position0 velocity0 radius0 heading0 goal pref_speed theta position1 velocity1 radius1 heading1 position2 velocity2 radius2 heading2 position3 velocity3 radius3 heading3 position4 velocity4 radius4 heading4 position5 velocity5 radius5 heading5 position6 velocity6 radius6 heading6 
0.0 (6.0,3.388920307159424) (0.0,0.0) 0.5 -0.2770088466006758 (10.0,2.9079728682114507) 3.0 0.0 (6.0,5.0) (0,0) 1e-07 -0.2770088466006758 (6.0,1.0) (0,0) 1e-07 -0.2770088466006758 
1.0 (6.117156982421875,3.239412546157837) (0.11715684086084366,-0.14950771629810333) 0.5 -0.2770088466006758 (10.0,2.9079728682114507) 3.0 -0.9061249371813733 (6.117156982421875,5.0) (0,0) 1e-07 -0.2770088466006758 (6.117156982421875,1.0) (0,0) 1e-07 -0.2770088466006758 
2.0 (6.375167369842529,3.100954055786133) (0.2580104470252991,-0.13845857977867126) 0.5 -0.2770088466006758 (10.0,2.9079728682114507) 3.0 -0.49252774434096835 (6.375167369842529,5.0) (0,0) 1e-07 -0.2770088466006758 (6.375167369842529,1.0) (0,0) 1e-07 -0.2770088466006758 
3.0 (6.6334309577941895,2.9625542163848877) (0.2582637071609497,-0.13839977979660034) 0.5 -0.2770088466006758 (10.0,2.9079728682114507) 3.0 -0.4919422130858278 (6.6334309577941895,5.0) (0,0) 1e-07 -0.2770088466006758 (6.6334309577941895,1.0) (0,0) 1e-07 -0.2770088466006758 
4.0 (7.016102313995361,2.8526086807250977) (0.38267144560813904,-0.10994547605514526) 0.5 -0.2770088466006758 (10.0,2.9079728682114507) 3.0 -0.27977466460744094 (7.0,5.0) (0,0) 1e-07 -0.2770088466006758 (7.0,1.0) (0,0) 1e-07 -0.2770088466006758 
5.0 (7.707952499389648,2.7842483520507812) (0.6918504238128662,-0.06836025416851044) 0.5 -0.2770088466006758 (10.0,2.9079728682114507) 3.0 -0.09848816898449037 (7.0,5.0) (0,0) 1e-07 -0.2770088466006758 (7.0,1.0) (0,0) 1e-07 -0.2770088466006758 
6.0 (7.955920219421387,2.6446354389190674) (0.24796777963638306,-0.13961289823055267) 0.5 -0.2770088466006758 (10.0,2.9079728682114507) 3.0 -0.5127907533093673 (7.0,5.0) (0,0) 1e-07 -0.2770088466006758 (7.0,1.0) (0,0) 1e-07 -0.2770088466006758 
7.0 (8.203887939453125,2.5050225257873535) (0.24796801805496216,-0.13961297273635864) 0.5 -0.2770088466006758 (10.0,2.9079728682114507) 3.0 -0.5127905704086898 (7.0,5.0) (0,0) 1e-07 -0.2770088466006758 (7.0,1.0) (0,0) 1e-07 -0.2770088466006758 
8.0 (8.882598876953125,2.3779473304748535) (0.6787105798721313,-0.12707531452178955) 0.5 -0.2770088466006758 (10.0,2.9079728682114507) 3.0 -0.18508758058073513 (7.0,5.0) (0,0) 1e-07 -0.2770088466006758 (7.0,1.0) (0,0) 1e-07 -0.2770088466006758 
9.0 (9.705998420715332,2.444453239440918) (0.8233996629714966,0.06650598347187042) 0.5 -0.2770088466006758 (10.0,2.9079728682114507) 3.0 0.0805950332579552 (7.0,5.0) (0,0) 1e-07 -0.2770088466006758 (7.0,1.0) (0,0) 1e-07 -0.2770088466006758 
10.0 (10.505416870117188,2.532719373703003) (0.7994183897972107,0.08826617896556854) 0.5 -0.2770088466006758 (10.0,2.9079728682114507) 3.0 0.10996756629848922 (7.0,5.0) (0,0) 1e-07 -0.2770088466006758 (7.0,1.0) (0,0) 1e-07 -0.2770088466006758 
