[[(7.0, 6.0), (0, 6.0), (0, 5.0), (7.0, 5.0)], [(7.0, 1.0), (0, 1.0), (0, 0), (7.0, 0)]]
timestamp position0 velocity0 radius0 heading0 goal pref_speed theta position1 velocity1 radius1 heading1 position2 velocity2 radius2 heading2 position3 velocity3 radius3 heading3 position4 velocity4 radius4 heading4 position5 velocity5 radius5 heading5 position6 velocity6 radius6 heading6 
0.0 (6.0,3.1419129371643066) (0.0,0.0) 0.5 -0.006589970172930504 (10.0,2.59093203554425) 3.0 0.0 (6.0,5.0) (0,0) 1e-07 -0.006589970172930504 (6.0,1.0) (0,0) 1e-07 -0.006589970172930504 
1.0 (6.16322660446167,2.9797515869140625) (0.16322654485702515,-0.16216139495372772) 0.5 -0.006589970172930504 (10.0,2.59093203554425) 3.0 -0.7821246981935756 (6.16322660446167,5.0) (0,0) 1e-07 -0.006589970172930504 (6.16322660446167,1.0) (0,0) 1e-07 -0.006589970172930504 
2.0 (6.5142927169799805,2.7582056522369385) (0.3510660231113434,-0.22154600918293) 0.5 -0.006589970172930504 (10.0,2.59093203554425) 3.0 -0.5629498584918178 (6.5142927169799805,5.0) (0,0) 1e-07 -0.006589970172930504 (6.5142927169799805,1.0) (0,0) 1e-07 -0.006589970172930504 
3.0 (7.236076354980469,2.7005667686462402) (0.7217833995819092,-0.05763893947005272) 0.5 -0.006589970172930504 (10.0,2.59093203554425) 3.0 -0.07968718108790439 (7.0,5.0) (0,0) 1e-07 -0.006589970172930504 (7.0,1.0) (0,0) 1e-07 -0.006589970172930504 
4.0 (7.722631454467773,2.67869234085083) (0.48655518889427185,-0.0218743197619915) 0.5 -0.006589970172930504 (10.0,2.59093203554425) 3.0 -0.0449272781340285 (7.0,5.0) (0,0) 1e-07 -0.006589970172930504 (7.0,1.0) (0,0) 1e-07 -0.006589970172930504 
5.0 (8.209759712219238,2.657026529312134) (0.4871283173561096,-0.02166583016514778) 0.5 -0.006589970172930504 (10.0,2.59093203554425) 3.0 -0.044447345975157745 (7.0,5.0) (0,0) 1e-07 -0.006589970172930504 (7.0,1.0) (0,0) 1e-07 -0.006589970172930504 
6.0 (8.69731616973877,2.635516405105591) (0.4875568151473999,-0.021510064601898193) 0.5 -0.006589970172930504 (10.0,2.59093203554425) 3.0 -0.04408947727047854 (7.0,5.0) (0,0) 1e-07 -0.006589970172930504 (7.0,1.0) (0,0) 1e-07 -0.006589970172930504 
7.0 (9.544280052185059,2.6501524448394775) (0.8469638824462891,0.014635950326919556) 0.5 -0.006589970172930504 (10.0,2.59093203554425) 3.0 0.01727876955743992 (7.0,5.0) (0,0) 1e-07 -0.006589970172930504 (7.0,1.0) (0,0) 1e-07 -0.006589970172930504 
