[[(7.0, 6.0), (0, 6.0), (0, 5.0), (7.0, 5.0)], [(7.0, 1.0), (0, 1.0), (0, 0), (7.0, 0)]]
timestamp position0 velocity0 radius0 heading0 goal pref_speed theta position1 velocity1 radius1 heading1 position2 velocity2 radius2 heading2 position3 velocity3 radius3 heading3 position4 velocity4 radius4 heading4 position5 velocity5 radius5 heading5 position6 velocity6 radius6 heading6 
0.0 (6.0,2.643343448638916) (0.0,0.0) 0.5 -0.1386526652126273 (10.0,3.1899729711404596) 3.0 0.0 (6.0,5.0) (0,0) 1e-07 -0.1386526652126273 (6.0,1.0) (0,0) 1e-07 -0.1386526652126273 
1.0 (6.173252582550049,2.5849967002868652) (0.173252671957016,-0.05834677815437317) 0.5 -0.1386526652126273 (10.0,3.1899729711404596) 3.0 -0.32484282560181893 (6.173252582550049,5.0) (0,0) 1e-07 -0.1386526652126273 (6.173252582550049,1.0) (0,0) 1e-07 -0.1386526652126273 
2.0 (6.389805316925049,2.448164939880371) (0.216552734375,-0.13683177530765533) 0.5 -0.1386526652126273 (10.0,3.1899729711404596) 3.0 -0.5635196701143967 (6.389805316925049,5.0) (0,0) 1e-07 -0.1386526652126273 (6.389805316925049,1.0) (0,0) 1e-07 -0.1386526652126273 
3.0 (6.668156623840332,2.3410427570343018) (0.27835148572921753,-0.10712218284606934) 0.5 -0.1386526652126273 (10.0,3.1899729711404596) 3.0 -0.3673738608502648 (6.668156623840332,5.0) (0,0) 1e-07 -0.1386526652126273 (6.668156623840332,1.0) (0,0) 1e-07 -0.1386526652126273 
4.0 (7.281312942504883,2.3649559020996094) (0.6131561994552612,0.023913133889436722) 0.5 -0.1386526652126273 (10.0,3.1899729711404596) 3.0 0.038980313599511526 (7.0,5.0) (0,0) 1e-07 -0.1386526652126273 (7.0,1.0) (0,0) 1e-07 -0.1386526652126273 
5.0 (7.953671932220459,2.4533255100250244) (0.6723589301109314,0.0883697122335434) 0.5 -0.1386526652126273 (10.0,3.1899729711404596) 3.0 0.13068328790804065 (7.0,5.0) (0,0) 1e-07 -0.1386526652126273 (7.0,1.0) (0,0) 1e-07 -0.1386526652126273 
6.0 (8.627360343933105,2.543142080307007) (0.6736887693405151,0.08981664478778839) 0.5 -0.1386526652126273 (10.0,3.1899729711404596) 3.0 0.13253909989011597 (7.0,5.0) (0,0) 1e-07 -0.1386526652126273 (7.0,1.0) (0,0) 1e-07 -0.1386526652126273 
7.0 (9.302263259887695,2.63334059715271) (0.6749028563499451,0.09019859880208969) 0.5 -0.1386526652126273 (10.0,3.1899729711404596) 3.0 0.13285949888207113 (7.0,5.0) (0,0) 1e-07 -0.1386526652126273 (7.0,1.0) (0,0) 1e-07 -0.1386526652126273 
8.0 (9.986433982849121,2.726463556289673) (0.6841703653335571,0.09312301129102707) 0.5 -0.1386526652126273 (10.0,3.1899729711404596) 3.0 0.13527953588456482 (7.0,5.0) (0,0) 1e-07 -0.1386526652126273 (7.0,1.0) (0,0) 1e-07 -0.1386526652126273 
