[[(7.0, 6.0), (0, 6.0), (0, 5.0), (7.0, 5.0)], [(7.0, 1.0), (0, 1.0), (0, 0), (7.0, 0)]]
timestamp position0 velocity0 radius0 heading0 goal pref_speed theta position1 velocity1 radius1 heading1 position2 velocity2 radius2 heading2 position3 velocity3 radius3 heading3 position4 velocity4 radius4 heading4 position5 velocity5 radius5 heading5 position6 velocity6 radius6 heading6 
0.0 (6.0,2.572272539138794) (0.0,0.0) 0.5 -0.3674499090090396 (10.0,2.898761172913506) 3.0 0.0 (6.0,5.0) (0,0) 1e-07 -0.3674499090090396 (6.0,1.0) (0,0) 1e-07 -0.3674499090090396 
1.0 (6.113586902618408,2.496328592300415) (0.1135869026184082,-0.07594385743141174) 0.5 -0.3674499090090396 (10.0,2.898761172913506) 3.0 -0.5893377680101481 (6.113586902618408,5.0) (0,0) 1e-07 -0.3674499090090396 (6.113586902618408,1.0) (0,0) 1e-07 -0.3674499090090396 
2.0 (6.295357704162598,2.351675510406494) (0.1817706823348999,-0.14465302228927612) 0.5 -0.3674499090090396 (10.0,2.898761172913506) 3.0 -0.6721744225235429 (6.295357704162598,5.0) (0,0) 1e-07 -0.3674499090090396 (6.295357704162598,1.0) (0,0) 1e-07 -0.3674499090090396 
3.0 (6.737128257751465,2.3005073070526123) (0.4417703151702881,-0.05116812512278557) 0.5 -0.3674499090090396 (10.0,2.898761172913506) 3.0 -0.11531135718484187 (6.737128257751465,5.0) (0,0) 1e-07 -0.3674499090090396 (6.737128257751465,1.0) (0,0) 1e-07 -0.3674499090090396 
4.0 (7.385629653930664,2.362361192703247) (0.6485011577606201,0.061853937804698944) 0.5 -0.3674499090090396 (10.0,2.898761172913506) 3.0 0.09509217685280524 (7.0,5.0) (0,0) 1e-07 -0.3674499090090396 (7.0,1.0) (0,0) 1e-07 -0.3674499090090396 
5.0 (8.167047500610352,2.4698190689086914) (0.781417965888977,0.10745778679847717) 0.5 -0.3674499090090396 (10.0,2.898761172913506) 3.0 0.1366592596963081 (7.0,5.0) (0,0) 1e-07 -0.3674499090090396 (7.0,1.0) (0,0) 1e-07 -0.3674499090090396 
6.0 (8.855916023254395,2.564836263656616) (0.6888684034347534,0.09501725435256958) 0.5 -0.3674499090090396 (10.0,2.898761172913506) 3.0 0.13706748895150372 (7.0,5.0) (0,0) 1e-07 -0.3674499090090396 (7.0,1.0) (0,0) 1e-07 -0.3674499090090396 
7.0 (9.548538208007812,2.6610360145568848) (0.6926224231719971,0.09619986265897751) 0.5 -0.3674499090090396 (10.0,2.898761172913506) 3.0 0.13800928702704493 (7.0,5.0) (0,0) 1e-07 -0.3674499090090396 (7.0,1.0) (0,0) 1e-07 -0.3674499090090396 
8.0 (10.329530715942383,2.7689621448516846) (0.7809926271438599,0.10792611539363861) 0.5 -0.3674499090090396 (10.0,2.898761172913506) 3.0 0.1373212311805989 (7.0,5.0) (0,0) 1e-07 -0.3674499090090396 (7.0,1.0) (0,0) 1e-07 -0.3674499090090396 
