[[(7.0, 6.0), (0, 6.0), (0, 5.0), (7.0, 5.0)], [(7.0, 1.0), (0, 1.0), (0, 0), (7.0, 0)]]
timestamp position0 velocity0 radius0 heading0 goal pref_speed theta position1 velocity1 radius1 heading1 position2 velocity2 radius2 heading2 position3 velocity3 radius3 heading3 position4 velocity4 radius4 heading4 position5 velocity5 radius5 heading5 position6 velocity6 radius6 heading6 
0.0 (6.0,3.4295766353607178) (0.0,0.0) 0.5 -0.22666355554531728 (10.0,3.137581342290774) 3.0 0.0 (6.0,5.0) (0,0) 1e-07 -0.22666355554531728 (6.0,1.0) (0,0) 1e-07 -0.22666355554531728 
1.0 (6.022434234619141,3.275252342224121) (0.022434033453464508,-0.15432417392730713) 0.5 -0.22666355554531728 (10.0,3.137581342290774) 3.0 -1.4264379982585635 (6.022434234619141,5.0) (0,0) 1e-07 -0.22666355554531728 (6.022434234619141,1.0) (0,0) 1e-07 -0.22666355554531728 
2.0 (6.200229167938232,3.107008934020996) (0.1777947098016739,-0.16824331879615784) 0.5 -0.22666355554531728 (10.0,3.137581342290774) 3.0 -0.7578030274331311 (6.200229167938232,5.0) (0,0) 1e-07 -0.22666355554531728 (6.200229167938232,1.0) (0,0) 1e-07 -0.22666355554531728 
3.0 (6.458907604217529,2.968705177307129) (0.2586783766746521,-0.138303741812706) 0.5 -0.22666355554531728 (10.0,3.137581342290774) 3.0 -0.49098590409039755 (6.458907604217529,5.0) (0,0) 1e-07 -0.22666355554531728 (6.458907604217529,1.0) (0,0) 1e-07 -0.22666355554531728 
4.0 (6.830453395843506,2.8555922508239746) (0.3715457022190094,-0.11311282217502594) 0.5 -0.22666355554531728 (10.0,3.137581342290774) 3.0 -0.2955238366291765 (6.830453395843506,5.0) (0,0) 1e-07 -0.22666355554531728 (6.830453395843506,1.0) (0,0) 1e-07 -0.22666355554531728 
5.0 (7.087399005889893,2.7168517112731934) (0.25694578886032104,-0.13874052464962006) 0.5 -0.22666355554531728 (10.0,3.137581342290774) 3.0 -0.4951025241187047 (7.0,5.0) (0,0) 1e-07 -0.22666355554531728 (7.0,1.0) (0,0) 1e-07 -0.22666355554531728 
6.0 (7.3443450927734375,2.578111171722412) (0.2569459080696106,-0.13874049484729767) 0.5 -0.22666355554531728 (10.0,3.137581342290774) 3.0 -0.4951022403528694 (7.0,5.0) (0,0) 1e-07 -0.22666355554531728 (7.0,1.0) (0,0) 1e-07 -0.22666355554531728 
7.0 (7.601290702819824,2.439370632171631) (0.2569456696510315,-0.13874055445194244) 0.5 -0.22666355554531728 (10.0,3.137581342290774) 3.0 -0.4951028078847164 (7.0,5.0) (0,0) 1e-07 -0.22666355554531728 (7.0,1.0) (0,0) 1e-07 -0.22666355554531728 
8.0 (8.111268997192383,2.4251835346221924) (0.509978175163269,-0.014187078922986984) 0.5 -0.22666355554531728 (10.0,3.137581342290774) 3.0 -0.02781181928180777 (7.0,5.0) (0,0) 1e-07 -0.22666355554531728 (7.0,1.0) (0,0) 1e-07 -0.22666355554531728 
9.0 (8.801433563232422,2.492058753967285) (0.69016432762146,0.06687522679567337) 0.5 -0.22666355554531728 (10.0,3.137581342290774) 3.0 0.09659597753603098 (7.0,5.0) (0,0) 1e-07 -0.22666355554531728 (7.0,1.0) (0,0) 1e-07 -0.22666355554531728 
10.0 (9.58947467803955,2.5922558307647705) (0.7880412340164185,0.10019710659980774) 0.5 -0.22666355554531728 (10.0,3.137581342290774) 3.0 0.1264684369093406 (7.0,5.0) (0,0) 1e-07 -0.22666355554531728 (7.0,1.0) (0,0) 1e-07 -0.22666355554531728 
11.0 (10.374632835388184,2.6935229301452637) (0.7851583361625671,0.101267009973526) 0.5 -0.22666355554531728 (10.0,3.137581342290774) 3.0 0.12826842725097742 (7.0,5.0) (0,0) 1e-07 -0.22666355554531728 (7.0,1.0) (0,0) 1e-07 -0.22666355554531728 
