[[(7.0, 6.0), (0, 6.0), (0, 5.0), (7.0, 5.0)], [(7.0, 1.0), (0, 1.0), (0, 0), (7.0, 0)]]
timestamp position0 velocity0 radius0 heading0 goal pref_speed theta position1 velocity1 radius1 heading1 position2 velocity2 radius2 heading2 position3 velocity3 radius3 heading3 position4 velocity4 radius4 heading4 position5 velocity5 radius5 heading5 position6 velocity6 radius6 heading6 
0.0 (6.0,2.5720789432525635) (0.0,0.0) 0.5 -0.05487799320728931 (10.0,2.95982123031104) 3.0 0.0 (6.0,5.0) (0,0) 1e-07 -0.05487799320728931 (6.0,1.0) (0,0) 1e-07 -0.05487799320728931 
1.0 (6.140331745147705,2.4834470748901367) (0.14033173024654388,-0.08863186836242676) 0.5 -0.05487799320728931 (10.0,2.95982123031104) 3.0 -0.5633228933118835 (6.140331745147705,5.0) (0,0) 1e-07 -0.05487799320728931 (6.140331745147705,1.0) (0,0) 1e-07 -0.05487799320728931 
2.0 (6.340521812438965,2.342726945877075) (0.20019018650054932,-0.1407202184200287) 0.5 -0.05487799320728931 (10.0,2.95982123031104) 3.0 -0.6126914757370785 (6.340521812438965,5.0) (0,0) 1e-07 -0.05487799320728931 (6.340521812438965,1.0) (0,0) 1e-07 -0.05487799320728931 
3.0 (6.576382160186768,2.210345983505249) (0.23586046695709229,-0.13238102197647095) 0.5 -0.05487799320728931 (10.0,2.95982123031104) 3.0 -0.5114533746040729 (6.576382160186768,5.0) (0,0) 1e-07 -0.05487799320728931 (6.576382160186768,1.0) (0,0) 1e-07 -0.05487799320728931 
4.0 (6.7868170738220215,2.0724384784698486) (0.2104349136352539,-0.13790743052959442) 0.5 -0.05487799320728931 (10.0,2.95982123031104) 3.0 -0.5801233914187971 (6.7868170738220215,5.0) (0,0) 1e-07 -0.05487799320728931 (6.7868170738220215,1.0) (0,0) 1e-07 -0.05487799320728931 
5.0 (7.409886837005615,2.1052629947662354) (0.6230698823928833,0.03282441198825836) 0.5 -0.05487799320728931 (10.0,2.95982123031104) 3.0 0.052633094276234145 (7.0,5.0) (0,0) 1e-07 -0.05487799320728931 (7.0,1.0) (0,0) 1e-07 -0.05487799320728931 
6.0 (8.0838041305542,2.195878028869629) (0.6739171743392944,0.0906151533126831) 0.5 -0.05487799320728931 (10.0,2.95982123031104) 3.0 0.1336587198310939 (7.0,5.0) (0,0) 1e-07 -0.05487799320728931 (7.0,1.0) (0,0) 1e-07 -0.05487799320728931 
7.0 (8.773072242736816,2.292492151260376) (0.6892676949501038,0.09661401808261871) 0.5 -0.05487799320728931 (10.0,2.95982123031104) 3.0 0.1392617665251623 (7.0,5.0) (0,0) 1e-07 -0.05487799320728931 (7.0,1.0) (0,0) 1e-07 -0.05487799320728931 
8.0 (9.548237800598145,2.403054714202881) (0.7751659154891968,0.11056245863437653) 0.5 -0.05487799320728931 (10.0,2.95982123031104) 3.0 0.14167513545885474 (7.0,5.0) (0,0) 1e-07 -0.05487799320728931 (7.0,1.0) (0,0) 1e-07 -0.05487799320728931 
9.0 (10.328408241271973,2.5118842124938965) (0.7801705002784729,0.10882937908172607) 0.5 -0.05487799320728931 (10.0,2.95982123031104) 3.0 0.13859998014821545 (7.0,5.0) (0,0) 1e-07 -0.05487799320728931 (7.0,1.0) (0,0) 1e-07 -0.05487799320728931 
