[[(7.0, 6.0), (0, 6.0), (0, 5.0), (7.0, 5.0)], [(7.0, 1.0), (0, 1.0), (0, 0), (7.0, 0)]]
timestamp position0 velocity0 radius0 heading0 goal pref_speed theta position1 velocity1 radius1 heading1 position2 velocity2 radius2 heading2 position3 velocity3 radius3 heading3 position4 velocity4 radius4 heading4 position5 velocity5 radius5 heading5 position6 velocity6 radius6 heading6 
0.0 (6.0,3.263792037963867) (0.0,0.0) 0.5 -0.09034155305296915 (10.0,2.8872748765386023) 3.0 0.0 (6.0,5.0) (0,0) 1e-07 -0.09034155305296915 (6.0,1.0) (0,0) 1e-07 -0.09034155305296915 
1.0 (6.067120552062988,3.0980277061462402) (0.06712059676647186,-0.16576434671878815) 0.5 -0.09034155305296915 (10.0,2.8872748765386023) 3.0 -1.1860594202190677 (6.067120552062988,5.0) (0,0) 1e-07 -0.09034155305296915 (6.067120552062988,1.0) (0,0) 1e-07 -0.09034155305296915 
2.0 (6.279285907745361,2.960545539855957) (0.21216535568237305,-0.13748225569725037) 0.5 -0.09034155305296915 (10.0,2.8872748765386023) 3.0 -0.574964989848584 (6.279285907745361,5.0) (0,0) 1e-07 -0.09034155305296915 (6.279285907745361,1.0) (0,0) 1e-07 -0.09034155305296915 
3.0 (6.612382888793945,2.8389394283294678) (0.33309677243232727,-0.12160612642765045) 0.5 -0.09034155305296915 (10.0,2.8872748765386023) 3.0 -0.35004321467107014 (6.612382888793945,5.0) (0,0) 1e-07 -0.09034155305296915 (6.612382888793945,1.0) (0,0) 1e-07 -0.09034155305296915 
4.0 (7.395896911621094,2.811098337173462) (0.783514142036438,-0.02784111723303795) 0.5 -0.09034155305296915 (10.0,2.8872748765386023) 3.0 -0.03551870583716075 (7.0,5.0) (0,0) 1e-07 -0.09034155305296915 (7.0,1.0) (0,0) 1e-07 -0.09034155305296915 
5.0 (8.251775741577148,2.8443431854248047) (0.8558791279792786,0.03324473276734352) 0.5 -0.09034155305296915 (10.0,2.8872748765386023) 3.0 0.03882327227503829 (7.0,5.0) (0,0) 1e-07 -0.09034155305296915 (7.0,1.0) (0,0) 1e-07 -0.09034155305296915 
6.0 (9.069648742675781,2.916790008544922) (0.8178732991218567,0.072446808218956) 0.5 -0.09034155305296915 (10.0,2.8872748765386023) 3.0 0.08834891039034348 (7.0,5.0) (0,0) 1e-07 -0.09034155305296915 (7.0,1.0) (0,0) 1e-07 -0.09034155305296915 
7.0 (9.880627632141113,3.0005428791046143) (0.810978889465332,0.08375296741724014) 0.5 -0.09034155305296915 (10.0,2.8872748765386023) 3.0 0.1029090938316883 (7.0,5.0) (0,0) 1e-07 -0.09034155305296915 (7.0,1.0) (0,0) 1e-07 -0.09034155305296915 
