[[(7.0, 6.0), (0, 6.0), (0, 5.0), (7.0, 5.0)], [(7.0, 1.0), (0, 1.0), (0, 0), (7.0, 0)]]
timestamp position0 velocity0 radius0 heading0 goal pref_speed theta position1 velocity1 radius1 heading1 position2 velocity2 radius2 heading2 position3 velocity3 radius3 heading3 position4 velocity4 radius4 heading4 position5 velocity5 radius5 heading5 position6 velocity6 radius6 heading6 
0.0 (6.0,3.48177433013916) (0.0,0.0) 0.5 -0.2173700074503407 (10.0,2.531316490365363) 3.0 0.0 (6.0,5.0) (0,0) 1e-07 -0.2173700074503407 (6.0,1.0) (0,0) 1e-07 -0.2173700074503407 
1.0 (6.101365089416504,3.341273069381714) (0.10136492550373077,-0.14050117135047913) 0.5 -0.2173700074503407 (10.0,2.531316490365363) 3.0 -0.9458173138966409 (6.101365089416504,5.0) (0,0) 1e-07 -0.2173700074503407 (6.101365089416504,1.0) (0,0) 1e-07 -0.2173700074503407 
2.0 (6.349174976348877,3.1995558738708496) (0.24780966341495514,-0.1417171061038971) 0.5 -0.2173700074503407 (10.0,2.531316490365363) 3.0 -0.5194854915207802 (6.349174976348877,5.0) (0,0) 1e-07 -0.2173700074503407 (6.349174976348877,1.0) (0,0) 1e-07 -0.2173700074503407 
3.0 (6.6071858406066895,3.0610973834991455) (0.25801098346710205,-0.1384584903717041) 0.5 -0.2173700074503407 (10.0,2.531316490365363) 3.0 -0.49252660901828715 (6.6071858406066895,5.0) (0,0) 1e-07 -0.2173700074503407 (6.6071858406066895,1.0) (0,0) 1e-07 -0.2173700074503407 
4.0 (6.86674165725708,2.923006296157837) (0.2595556974411011,-0.13809098303318024) 0.5 -0.2173700074503407 (10.0,2.531316490365363) 3.0 -0.4889407660483733 (6.86674165725708,5.0) (0,0) 1e-07 -0.2173700074503407 (6.86674165725708,1.0) (0,0) 1e-07 -0.2173700074503407 
5.0 (7.429560661315918,2.8378121852874756) (0.5628187656402588,-0.08519411087036133) 0.5 -0.2173700074503407 (10.0,2.531316490365363) 3.0 -0.15022993788124722 (7.0,5.0) (0,0) 1e-07 -0.2173700074503407 (7.0,1.0) (0,0) 1e-07 -0.2173700074503407 
6.0 (7.6873369216918945,2.699291467666626) (0.25777626037597656,-0.13852067291736603) 0.5 -0.2173700074503407 (10.0,2.531316490365363) 3.0 -0.493093116736114 (7.0,5.0) (0,0) 1e-07 -0.2173700074503407 (7.0,1.0) (0,0) 1e-07 -0.2173700074503407 
7.0 (7.945113182067871,2.5607707500457764) (0.25777626037597656,-0.13852067291736603) 0.5 -0.2173700074503407 (10.0,2.531316490365363) 3.0 -0.493093116736114 (7.0,5.0) (0,0) 1e-07 -0.2173700074503407 (7.0,1.0) (0,0) 1e-07 -0.2173700074503407 
8.0 (8.640401840209961,2.489945411682129) (0.6952890157699585,-0.07082535326480865) 0.5 -0.2173700074503407 (10.0,2.531316490365363) 3.0 -0.10151447072430694 (7.0,5.0) (0,0) 1e-07 -0.2173700074503407 (7.0,1.0) (0,0) 1e-07 -0.2173700074503407 
9.0 (9.489806175231934,2.534811496734619) (0.8494044542312622,0.044865988194942474) 0.5 -0.2173700074503407 (10.0,2.531316490365363) 3.0 0.05277148265082502 (7.0,5.0) (0,0) 1e-07 -0.2173700074503407 (7.0,1.0) (0,0) 1e-07 -0.2173700074503407 
10.0 (10.313322067260742,2.5983002185821533) (0.8235161304473877,0.06348873674869537) 0.5 -0.2173700074503407 (10.0,2.531316490365363) 3.0 0.07694251188553954 (7.0,5.0) (0,0) 1e-07 -0.2173700074503407 (7.0,1.0) (0,0) 1e-07 -0.2173700074503407 
