[[(7.0, 6.0), (0, 6.0), (0, 5.0), (7.0, 5.0)], [(7.0, 1.0), (0, 1.0), (0, 0), (7.0, 0)]]
timestamp position0 velocity0 radius0 heading0 goal pref_speed theta position1 velocity1 radius1 heading1 position2 velocity2 radius2 heading2 position3 velocity3 radius3 heading3 position4 velocity4 radius4 heading4 position5 velocity5 radius5 heading5 position6 velocity6 radius6 heading6 
0.0 (6.0,3.4727280139923096) (0.0,0.0) 0.5 -0.33248219629778697 (10.0,2.969750617608325) 3.0 0.0 (6.0,5.0) (0,0) 1e-07 -0.33248219629778697 (6.0,1.0) (0,0) 1e-07 -0.33248219629778697 
1.0 (6.098954200744629,3.3311355113983154) (0.09895426034927368,-0.14159245789051056) 0.5 -0.33248219629778697 (10.0,2.969750617608325) 3.0 -0.9608313403444967 (6.098954200744629,5.0) (0,0) 1e-07 -0.33248219629778697 (6.098954200744629,1.0) (0,0) 1e-07 -0.33248219629778697 
2.0 (6.356963634490967,3.192676544189453) (0.2580094337463379,-0.13845893740653992) 0.5 -0.33248219629778697 (10.0,2.969750617608325) 3.0 -0.49253045683231805 (6.356963634490967,5.0) (0,0) 1e-07 -0.33248219629778697 (6.356963634490967,1.0) (0,0) 1e-07 -0.33248219629778697 
3.0 (6.614974021911621,3.05421781539917) (0.2580105662345886,-0.13845866918563843) 0.5 -0.33248219629778697 (10.0,2.969750617608325) 3.0 -0.4925278208789482 (6.614974021911621,5.0) (0,0) 1e-07 -0.33248219629778697 (6.614974021911621,1.0) (0,0) 1e-07 -0.33248219629778697 
4.0 (6.873950958251953,2.915984630584717) (0.25897693634033203,-0.13823330402374268) 0.5 -0.33248219629778697 (10.0,2.969750617608325) 3.0 -0.4902947799476308 (6.873950958251953,5.0) (0,0) 1e-07 -0.33248219629778697 (6.873950958251953,1.0) (0,0) 1e-07 -0.33248219629778697 
5.0 (7.384644985198975,2.82725191116333) (0.510694146156311,-0.08873267471790314) 0.5 -0.33248219629778697 (10.0,2.969750617608325) 3.0 -0.17203172993221014 (7.0,5.0) (0,0) 1e-07 -0.33248219629778697 (7.0,1.0) (0,0) 1e-07 -0.33248219629778697 
6.0 (7.642326354980469,2.688706159591675) (0.2576811909675598,-0.13854584097862244) 0.5 -0.33248219629778697 (10.0,2.969750617608325) 3.0 -0.4933227106032322 (7.0,5.0) (0,0) 1e-07 -0.33248219629778697 (7.0,1.0) (0,0) 1e-07 -0.33248219629778697 
7.0 (8.284723281860352,2.619424819946289) (0.6423971652984619,-0.06928136944770813) 0.5 -0.33248219629778697 (10.0,2.969750617608325) 3.0 -0.10743294504113891 (7.0,5.0) (0,0) 1e-07 -0.33248219629778697 (7.0,1.0) (0,0) 1e-07 -0.33248219629778697 
8.0 (9.131006240844727,2.6566367149353027) (0.8462832570075989,0.03721190616488457) 0.5 -0.33248219629778697 (10.0,2.969750617608325) 3.0 0.04394267666307761 (7.0,5.0) (0,0) 1e-07 -0.33248219629778697 (7.0,1.0) (0,0) 1e-07 -0.33248219629778697 
9.0 (9.947319030761719,2.7302937507629395) (0.8163129687309265,0.07365712523460388) 0.5 -0.33248219629778697 (10.0,2.969750617608325) 3.0 0.08998778699406293 (7.0,5.0) (0,0) 1e-07 -0.33248219629778697 (7.0,1.0) (0,0) 1e-07 -0.33248219629778697 
