[[(7.0, 6.0), (0, 6.0), (0, 5.0), (7.0, 5.0)], [(7.0, 1.0), (0, 1.0), (0, 0), (7.0, 0)]]
timestamp position0 velocity0 radius0 heading0 goal pref_speed theta position1 velocity1 radius1 heading1 position2 velocity2 radius2 heading2 position3 velocity3 radius3 heading3 position4 velocity4 radius4 heading4 position5 velocity5 radius5 heading5 position6 velocity6 radius6 heading6 
0.0 (6.0,3.0471279621124268) (0.0,0.0) 0.5 -0.3177330056863423 (10.0,3.0000298349886947) 3.0 0.0 (6.0,5.0) (0,0) 1e-07 -0.3177330056863423 (6.0,1.0) (0,0) 1e-07 -0.3177330056863423 
1.0 (6.171390533447266,2.9037976264953613) (0.17139047384262085,-0.1433304250240326) 0.5 -0.3177330056863423 (10.0,3.0000298349886947) 3.0 -0.6964747728288405 (6.171390533447266,5.0) (0,0) 1e-07 -0.3177330056863423 (6.171390533447266,1.0) (0,0) 1e-07 -0.3177330056863423 
2.0 (6.44384765625,2.779082775115967) (0.2724573016166687,-0.12471477687358856) 0.5 -0.3177330056863423 (10.0,3.0000298349886947) 3.0 -0.4292723597464539 (6.44384765625,5.0) (0,0) 1e-07 -0.3177330056863423 (6.44384765625,1.0) (0,0) 1e-07 -0.3177330056863423 
3.0 (7.208093643188477,2.7409703731536865) (0.7642462253570557,-0.03811243176460266) 0.5 -0.3177330056863423 (10.0,3.0000298349886947) 3.0 -0.04982803056902623 (7.0,5.0) (0,0) 1e-07 -0.3177330056863423 (7.0,1.0) (0,0) 1e-07 -0.3177330056863423 
4.0 (8.021994590759277,2.8264572620391846) (0.8139012455940247,0.08548688888549805) 0.5 -0.3177330056863423 (10.0,3.0000298349886947) 3.0 0.10464978297919321 (7.0,5.0) (0,0) 1e-07 -0.3177330056863423 (7.0,1.0) (0,0) 1e-07 -0.3177330056863423 
5.0 (8.816030502319336,2.920077085494995) (0.7940361499786377,0.09361986815929413) 0.5 -0.3177330056863423 (10.0,3.0000298349886947) 3.0 0.11736195920763504 (7.0,5.0) (0,0) 1e-07 -0.3177330056863423 (7.0,1.0) (0,0) 1e-07 -0.3177330056863423 
6.0 (9.464544296264648,2.9819436073303223) (0.6485133171081543,0.06186661124229431) 0.5 -0.3177330056863423 (10.0,3.0000298349886947) 3.0 0.09510977072824912 (7.0,5.0) (0,0) 1e-07 -0.3177330056863423 (7.0,1.0) (0,0) 1e-07 -0.3177330056863423 
7.0 (10.255960464477539,3.0785810947418213) (0.7914156913757324,0.09663751721382141) 0.5 -0.3177330056863423 (10.0,3.0000298349886947) 3.0 0.12150564647785338 (7.0,5.0) (0,0) 1e-07 -0.3177330056863423 (7.0,1.0) (0,0) 1e-07 -0.3177330056863423 
