[[(7.0, 6.0), (0, 6.0), (0, 5.0), (7.0, 5.0)], [(7.0, 1.0), (0, 1.0), (0, 0), (7.0, 0)]]
timestamp position0 velocity0 radius0 heading0 goal pref_speed theta position1 velocity1 radius1 heading1 position2 velocity2 radius2 heading2 position3 velocity3 radius3 heading3 position4 velocity4 radius4 heading4 position5 velocity5 radius5 heading5 position6 velocity6 radius6 heading6 
0.0 (6.0,2.538828134536743) (0.0,0.0) 0.5 -0.07455439402803749 (10.0,3.0619470060006413) 3.0 0.0 (6.0,5.0) (0,0) 1e-07 -0.07455439402803749 (6.0,1.0) (0,0) 1e-07 -0.07455439402803749 
1.0 (6.1132378578186035,2.471902370452881) (0.11323778331279755,-0.06692585349082947) 0.5 -0.07455439402803749 (10.0,3.0619470060006413) 3.0 -0.5337907776712962 (6.1132378578186035,5.0) (0,0) 1e-07 -0.07455439402803749 (6.1132378578186035,1.0) (0,0) 1e-07 -0.07455439402803749 
2.0 (6.306061744689941,2.329200267791748) (0.19282376766204834,-0.14270204305648804) 0.5 -0.07455439402803749 (10.0,3.0619470060006413) 3.0 -0.6371120652507888 (6.306061744689941,5.0) (0,0) 1e-07 -0.07455439402803749 (6.306061744689941,1.0) (0,0) 1e-07 -0.07455439402803749 
3.0 (6.695847988128662,2.2440483570098877) (0.38978639245033264,-0.08515186607837677) 0.5 -0.07455439402803749 (10.0,3.0619470060006413) 3.0 -0.21507879778742814 (6.695847988128662,5.0) (0,0) 1e-07 -0.07455439402803749 (6.695847988128662,1.0) (0,0) 1e-07 -0.07455439402803749 
4.0 (7.316504955291748,2.275019407272339) (0.6206569671630859,0.030970990657806396) 0.5 -0.07455439402803749 (10.0,3.0619470060006413) 3.0 0.0498589788918372 (7.0,5.0) (0,0) 1e-07 -0.07455439402803749 (7.0,1.0) (0,0) 1e-07 -0.07455439402803749 
5.0 (7.989462852478027,2.3642830848693848) (0.6729578375816345,0.08926355838775635) 0.5 -0.07455439402803749 (10.0,3.0619470060006413) 3.0 0.13187379749090844 (7.0,5.0) (0,0) 1e-07 -0.07455439402803749 (7.0,1.0) (0,0) 1e-07 -0.07455439402803749 
6.0 (8.666083335876465,2.4564218521118164) (0.6766201257705688,0.09213864803314209) 0.5 -0.07455439402803749 (10.0,3.0619470060006413) 3.0 0.13534237500192617 (7.0,5.0) (0,0) 1e-07 -0.07455439402803749 (7.0,1.0) (0,0) 1e-07 -0.07455439402803749 
7.0 (9.398116111755371,2.566067934036255) (0.7320325374603271,0.10964605212211609) 0.5 -0.07455439402803749 (10.0,3.0619470060006413) 3.0 0.14867774606468412 (7.0,5.0) (0,0) 1e-07 -0.07455439402803749 (7.0,1.0) (0,0) 1e-07 -0.07455439402803749 
8.0 (10.178568840026855,2.6745903491973877) (0.7804526090621948,0.10852238535881042) 0.5 -0.07455439402803749 (10.0,3.0619470060006413) 3.0 0.13816464799852646 (7.0,5.0) (0,0) 1e-07 -0.07455439402803749 (7.0,1.0) (0,0) 1e-07 -0.07455439402803749 
