[[(7.0, 6.0), (0, 6.0), (0, 5.0), (7.0, 5.0)], [(7.0, 1.0), (0, 1.0), (0, 0), (7.0, 0)]]
timestamp position0 velocity0 radius0 heading0 goal pref_speed theta position1 velocity1 radius1 heading1 position2 velocity2 radius2 heading2 position3 velocity3 radius3 heading3 position4 velocity4 radius4 heading4 position5 velocity5 radius5 heading5 position6 velocity6 radius6 heading6 
0.0 (6.0,2.521475315093994) (0.0,0.0) 0.5 -0.005410865935235487 (10.0,3.1114978526009422) 3.0 0.0 (6.0,5.0) (0,0) 1e-07 -0.005410865935235487 (6.0,1.0) (0,0) 1e-07 -0.005410865935235487 
1.0 (6.116093158721924,2.4469361305236816) (0.11609312146902084,-0.0745391920208931) 0.5 -0.005410865935235487 (10.0,3.1114978526009422) 3.0 -0.5707759306390664 (6.116093158721924,5.0) (0,0) 1e-07 -0.005410865935235487 (6.116093158721924,1.0) (0,0) 1e-07 -0.005410865935235487 
2.0 (6.315357685089111,2.306013345718384) (0.19926458597183228,-0.14092287421226501) 0.5 -0.005410865935235487 (10.0,3.1114978526009422) 3.0 -0.6155517506545914 (6.315357685089111,5.0) (0,0) 1e-07 -0.005410865935235487 (6.315357685089111,1.0) (0,0) 1e-07 -0.005410865935235487 
3.0 (7.086690902709961,2.265507698059082) (0.7713330388069153,-0.040505629032850266) 0.5 -0.005410865935235487 (10.0,3.1114978526009422) 3.0 -0.052465607422955786 (7.0,5.0) (0,0) 1e-07 -0.005410865935235487 (7.0,1.0) (0,0) 1e-07 -0.005410865935235487 
4.0 (7.870596408843994,2.37119722366333) (0.7839056253433228,0.10568952560424805) 0.5 -0.005410865935235487 (10.0,3.1114978526009422) 3.0 0.13401616674953515 (7.0,5.0) (0,0) 1e-07 -0.005410865935235487 (7.0,1.0) (0,0) 1e-07 -0.005410865935235487 
5.0 (8.651237487792969,2.479513645172119) (0.7806409001350403,0.1083163470029831) 0.5 -0.005410865935235487 (10.0,3.1114978526009422) 3.0 0.1378728047844061 (7.0,5.0) (0,0) 1e-07 -0.005410865935235487 (7.0,1.0) (0,0) 1e-07 -0.005410865935235487 
6.0 (9.431529998779297,2.588207244873047) (0.7802929878234863,0.10869371891021729) 0.5 -0.005410865935235487 (10.0,3.1114978526009422) 3.0 0.13840795613418827 (7.0,5.0) (0,0) 1e-07 -0.005410865935235487 (7.0,1.0) (0,0) 1e-07 -0.005410865935235487 
7.0 (10.21173095703125,2.697002410888672) (0.7802011966705322,0.10879513621330261) 0.5 -0.005410865935235487 (10.0,3.1114978526009422) 3.0 0.13855154422746588 (7.0,5.0) (0,0) 1e-07 -0.005410865935235487 (7.0,1.0) (0,0) 1e-07 -0.005410865935235487 
