[[(7.0, 6.0), (0, 6.0), (0, 5.0), (7.0, 5.0)], [(7.0, 1.0), (0, 1.0), (0, 0), (7.0, 0)]]
timestamp position0 velocity0 radius0 heading0 goal pref_speed theta position1 velocity1 radius1 heading1 position2 velocity2 radius2 heading2 position3 velocity3 radius3 heading3 position4 velocity4 radius4 heading4 position5 velocity5 radius5 heading5 position6 velocity6 radius6 heading6 
0.0 (6.0,2.682691812515259) (0.0,0.0) 0.5 -0.15608682834139376 (10.0,2.947428489970757) 3.0 0.0 (6.0,5.0) (0,0) 1e-07 -0.15608682834139376 (6.0,1.0) (0,0) 1e-07 -0.15608682834139376 
1.0 (6.18085241317749,2.6194000244140625) (0.18085229396820068,-0.06329187750816345) 0.5 -0.15608682834139376 (10.0,2.947428489970757) 3.0 -0.33664316795903704 (6.18085241317749,5.0) (0,0) 1e-07 -0.15608682834139376 (6.18085241317749,1.0) (0,0) 1e-07 -0.15608682834139376 
2.0 (6.406932353973389,2.485098361968994) (0.226080060005188,-0.1343017816543579) 0.5 -0.15608682834139376 (10.0,2.947428489970757) 3.0 -0.5360294893659819 (6.406932353973389,5.0) (0,0) 1e-07 -0.15608682834139376 (6.406932353973389,1.0) (0,0) 1e-07 -0.15608682834139376 
3.0 (6.96834659576416,2.419782876968384) (0.561414361000061,-0.06531548500061035) 0.5 -0.15608682834139376 (10.0,2.947428489970757) 3.0 -0.11582028061807698 (6.96834659576416,5.0) (0,0) 1e-07 -0.15608682834139376 (6.96834659576416,1.0) (0,0) 1e-07 -0.15608682834139376 
4.0 (7.620660305023193,2.4845426082611084) (0.652313768863678,0.06475964188575745) 0.5 -0.15608682834139376 (10.0,2.947428489970757) 3.0 0.09895258954069985 (7.0,5.0) (0,0) 1e-07 -0.15608682834139376 (7.0,1.0) (0,0) 1e-07 -0.15608682834139376 
5.0 (8.403045654296875,2.591097116470337) (0.7823851704597473,0.10655458271503448) 0.5 -0.15608682834139376 (10.0,2.947428489970757) 3.0 0.13535918395767024 (7.0,5.0) (0,0) 1e-07 -0.15608682834139376 (7.0,1.0) (0,0) 1e-07 -0.15608682834139376 
6.0 (9.07591724395752,2.680157423019409) (0.6728711724281311,0.0890602171421051) 0.5 -0.15608682834139376 (10.0,2.947428489970757) 3.0 0.13159360175394616 (7.0,5.0) (0,0) 1e-07 -0.15608682834139376 (7.0,1.0) (0,0) 1e-07 -0.15608682834139376 
7.0 (9.814434051513672,2.7904679775238037) (0.7385165095329285,0.11031055450439453) 0.5 -0.15608682834139376 (10.0,2.947428489970757) 3.0 0.1482715597283571 (7.0,5.0) (0,0) 1e-07 -0.15608682834139376 (7.0,1.0) (0,0) 1e-07 -0.15608682834139376 
