[[(7.0, 6.0), (0, 6.0), (0, 5.0), (7.0, 5.0)], [(7.0, 1.0), (0, 1.0), (0, 0), (7.0, 0)]]
timestamp position0 velocity0 radius0 heading0 goal pref_speed theta position1 velocity1 radius1 heading1 position2 velocity2 radius2 heading2 position3 velocity3 radius3 heading3 position4 velocity4 radius4 heading4 position5 velocity5 radius5 heading5 position6 velocity6 radius6 heading6 
0.0 (6.0,2.6000277996063232) (0.0,0.0) 0.5 -0.08925737688683433 (10.0,2.8322841411606214) 3.0 0.0 (6.0,5.0) (0,0) 1e-07 -0.08925737688683433 (6.0,1.0) (0,0) 1e-07 -0.08925737688683433 
1.0 (6.160181522369385,2.555924892425537) (0.1601817011833191,-0.04410286992788315) 0.5 -0.08925737688683433 (10.0,2.8322841411606214) 3.0 -0.2686732279319149 (6.160181522369385,5.0) (0,0) 1e-07 -0.08925737688683433 (6.160181522369385,1.0) (0,0) 1e-07 -0.08925737688683433 
2.0 (6.376621723175049,2.419574022293091) (0.2164403200149536,-0.1363508701324463) 0.5 -0.08925737688683433 (10.0,2.8322841411606214) 3.0 -0.5621651409119486 (6.376621723175049,5.0) (0,0) 1e-07 -0.08925737688683433 (6.376621723175049,1.0) (0,0) 1e-07 -0.08925737688683433 
3.0 (6.647703170776367,2.2951107025146484) (0.27108120918273926,-0.12446339428424835) 0.5 -0.08925737688683433 (10.0,2.8322841411606214) 3.0 -0.4304261686544609 (6.647703170776367,5.0) (0,0) 1e-07 -0.08925737688683433 (6.647703170776367,1.0) (0,0) 1e-07 -0.08925737688683433 
4.0 (6.846652984619141,2.158696413040161) (0.198949933052063,-0.1364143192768097) 0.5 -0.08925737688683433 (10.0,2.8322841411606214) 3.0 -0.6010447212842619 (6.846652984619141,5.0) (0,0) 1e-07 -0.08925737688683433 (6.846652984619141,1.0) (0,0) 1e-07 -0.08925737688683433 
5.0 (7.477549076080322,2.197636127471924) (0.6308962106704712,0.03893979638814926) 0.5 -0.08925737688683433 (10.0,2.8322841411606214) 3.0 0.06164320056544037 (7.0,5.0) (0,0) 1e-07 -0.08925737688683433 (7.0,1.0) (0,0) 1e-07 -0.08925737688683433 
6.0 (8.149535179138184,2.2856132984161377) (0.6719864010810852,0.08797724545001984) 0.5 -0.08925737688683433 (10.0,2.8322841411606214) 3.0 0.13018075749653754 (7.0,5.0) (0,0) 1e-07 -0.08925737688683433 (7.0,1.0) (0,0) 1e-07 -0.08925737688683433 
7.0 (8.843826293945312,2.38338041305542) (0.694290816783905,0.097767174243927) 0.5 -0.08925737688683433 (10.0,2.8322841411606214) 3.0 0.1398960505198324 (7.0,5.0) (0,0) 1e-07 -0.08925737688683433 (7.0,1.0) (0,0) 1e-07 -0.08925737688683433 
8.0 (9.621315002441406,2.4930129051208496) (0.777489185333252,0.1096324622631073) 0.5 -0.08925737688683433 (10.0,2.8322841411606214) 3.0 0.14008476432843883 (7.0,5.0) (0,0) 1e-07 -0.08925737688683433 (7.0,1.0) (0,0) 1e-07 -0.08925737688683433 
9.0 (10.401603698730469,2.601714849472046) (0.7802888751029968,0.10870195925235748) 0.5 -0.08925737688683433 (10.0,2.8322841411606214) 3.0 0.1384190359630891 (7.0,5.0) (0,0) 1e-07 -0.08925737688683433 (7.0,1.0) (0,0) 1e-07 -0.08925737688683433 
