[[(7.0, 6.0), (0, 6.0), (0, 5.0), (7.0, 5.0)], [(7.0, 1.0), (0, 1.0), (0, 0), (7.0, 0)]]
timestamp position0 velocity0 radius0 heading0 goal pref_speed theta position1 velocity1 radius1 heading1 position2 velocity2 radius2 heading2 position3 velocity3 radius3 heading3 position4 velocity4 radius4 heading4 position5 velocity5 radius5 heading5 position6 velocity6 radius6 heading6 
0.0 (6.0,3.0858733654022217) (0.0,0.0) 0.5 -0.1621987931408993 (10.0,2.8260980589807696) 3.0 0.0 (6.0,5.0) (0,0) 1e-07 -0.1621987931408993 (6.0,1.0) (0,0) 1e-07 -0.1621987931408993 
1.0 (6.1517653465271,2.925149440765381) (0.15176549553871155,-0.1607239693403244) 0.5 -0.1621987931408993 (10.0,2.8260980589807696) 3.0 -0.8140583961957414 (6.1517653465271,5.0) (0,0) 1e-07 -0.1621987931408993 (6.1517653465271,1.0) (0,0) 1e-07 -0.1621987931408993 
2.0 (6.479396343231201,2.7321157455444336) (0.327630877494812,-0.19303372502326965) 0.5 -0.1621987931408993 (10.0,2.8260980589807696) 3.0 -0.5324260013848373 (6.479396343231201,5.0) (0,0) 1e-07 -0.1621987931408993 (6.479396343231201,1.0) (0,0) 1e-07 -0.1621987931408993 
3.0 (7.20098876953125,2.6780331134796143) (0.7215924263000488,-0.05408257991075516) 0.5 -0.1621987931408993 (10.0,2.8260980589807696) 3.0 -0.0748090627155066 (7.0,5.0) (0,0) 1e-07 -0.1621987931408993 (7.0,1.0) (0,0) 1e-07 -0.1621987931408993 
4.0 (7.897573471069336,2.7299678325653076) (0.696584939956665,0.051934756338596344) 0.5 -0.1621987931408993 (10.0,2.8260980589807696) 3.0 0.0744185587125256 (7.0,5.0) (0,0) 1e-07 -0.1621987931408993 (7.0,1.0) (0,0) 1e-07 -0.1621987931408993 
5.0 (8.582205772399902,2.8127217292785645) (0.6846320629119873,0.08275395631790161) 0.5 -0.1621987931408993 (10.0,2.8260980589807696) 3.0 0.12029005599322588 (7.0,5.0) (0,0) 1e-07 -0.1621987931408993 (7.0,1.0) (0,0) 1e-07 -0.1621987931408993 
6.0 (9.365878105163574,2.917769193649292) (0.783672571182251,0.10504752397537231) 0.5 -0.1621987931408993 (10.0,2.8260980589807696) 3.0 0.13325087099223468 (7.0,5.0) (0,0) 1e-07 -0.1621987931408993 (7.0,1.0) (0,0) 1e-07 -0.1621987931408993 
7.0 (10.14965534210205,3.02327036857605) (0.7837774753570557,0.10550123453140259) 0.5 -0.1621987931408993 (10.0,2.8260980589807696) 3.0 0.13380186475167805 (7.0,5.0) (0,0) 1e-07 -0.1621987931408993 (7.0,1.0) (0,0) 1e-07 -0.1621987931408993 
