[[(7.0, 6.0), (0, 6.0), (0, 5.0), (7.0, 5.0)], [(7.0, 1.0), (0, 1.0), (0, 0), (7.0, 0)]]
timestamp position0 velocity0 radius0 heading0 goal pref_speed theta position1 velocity1 radius1 heading1 position2 velocity2 radius2 heading2 position3 velocity3 radius3 heading3 position4 velocity4 radius4 heading4 position5 velocity5 radius5 heading5 position6 velocity6 radius6 heading6 
0.0 (6.0,3.497335433959961) (0.0,0.0) 0.5 -0.3607719993272264 (10.0,3.43473652988399) 3.0 0.0 (6.0,5.0) (0,0) 1e-07 -0.3607719993272264 (6.0,1.0) (0,0) 1e-07 -0.3607719993272264 
1.0 (6.091012001037598,3.3585500717163086) (0.09101187437772751,-0.1387854367494583) 0.5 -0.3607719993272264 (10.0,3.43473652988399) 3.0 -0.9903727918656519 (6.091012001037598,5.0) (0,0) 1e-07 -0.3607719993272264 (6.091012001037598,1.0) (0,0) 1e-07 -0.3607719993272264 
2.0 (6.3091721534729,3.208976984024048) (0.21816012263298035,-0.1495731920003891) 0.5 -0.3607719993272264 (10.0,3.43473652988399) 3.0 -0.6010041600157904 (6.3091721534729,5.0) (0,0) 1e-07 -0.3607719993272264 (6.3091721534729,1.0) (0,0) 1e-07 -0.3607719993272264 
3.0 (6.5671820640563965,3.0705180168151855) (0.25800973176956177,-0.13845887780189514) 0.5 -0.3607719993272264 (10.0,3.43473652988399) 3.0 -0.4925297961994454 (6.5671820640563965,5.0) (0,0) 1e-07 -0.3607719993272264 (6.5671820640563965,1.0) (0,0) 1e-07 -0.3607719993272264 
4.0 (6.825510025024414,2.9321324825286865) (0.25832778215408325,-0.138385608792305) 0.5 -0.3607719993272264 (10.0,3.43473652988399) 3.0 -0.49179631890256065 (6.825510025024414,5.0) (0,0) 1e-07 -0.3607719993272264 (6.825510025024414,1.0) (0,0) 1e-07 -0.3607719993272264 
5.0 (7.276358127593994,2.83913254737854) (0.4508480429649353,-0.09299987554550171) 0.5 -0.3607719993272264 (10.0,3.43473652988399) 3.0 -0.2034244119332653 (7.0,5.0) (0,0) 1e-07 -0.3607719993272264 (7.0,1.0) (0,0) 1e-07 -0.3607719993272264 
6.0 (7.533684253692627,2.7004926204681396) (0.25732624530792236,-0.13863982260227203) 0.5 -0.3607719993272264 (10.0,3.43473652988399) 3.0 -0.49418095273570967 (7.0,5.0) (0,0) 1e-07 -0.3607719993272264 (7.0,1.0) (0,0) 1e-07 -0.3607719993272264 
7.0 (8.197694778442383,2.628605842590332) (0.664010226726532,-0.07188688218593597) 0.5 -0.3607719993272264 (10.0,3.43473652988399) 3.0 -0.10784169514855987 (7.0,5.0) (0,0) 1e-07 -0.3607719993272264 (7.0,1.0) (0,0) 1e-07 -0.3607719993272264 
8.0 (8.998312950134277,2.6797189712524414) (0.800618052482605,0.05111313238739967) 0.5 -0.3607719993272264 (10.0,3.43473652988399) 3.0 0.06375556863364118 (7.0,5.0) (0,0) 1e-07 -0.3607719993272264 (7.0,1.0) (0,0) 1e-07 -0.3607719993272264 
9.0 (9.788983345031738,2.777015209197998) (0.7906707525253296,0.09729631245136261) 0.5 -0.3607719993272264 (10.0,3.43473652988399) 3.0 0.12243986383626089 (7.0,5.0) (0,0) 1e-07 -0.3607719993272264 (7.0,1.0) (0,0) 1e-07 -0.3607719993272264 
10.0 (10.573980331420898,2.880542755126953) (0.7849973440170288,0.10352751612663269) 0.5 -0.3607719993272264 (10.0,3.43473652988399) 3.0 0.13112590110796896 (7.0,5.0) (0,0) 1e-07 -0.3607719993272264 (7.0,1.0) (0,0) 1e-07 -0.3607719993272264 
