[[(7.0, 6.0), (0, 6.0), (0, 5.0), (7.0, 5.0)], [(7.0, 1.0), (0, 1.0), (0, 0), (7.0, 0)]]
timestamp position0 velocity0 radius0 heading0 goal pref_speed theta position1 velocity1 radius1 heading1 position2 velocity2 radius2 heading2 position3 velocity3 radius3 heading3 position4 velocity4 radius4 heading4 position5 velocity5 radius5 heading5 position6 velocity6 radius6 heading6 
0.0 (6.0,3.015747547149658) (0.0,0.0) 0.5 -0.37220009484081623 (10.0,2.9312807474020177) 3.0 0.0 (6.0,5.0) (0,0) 1e-07 -0.37220009484081623 (6.0,1.0) (0,0) 1e-07 -0.37220009484081623 
1.0 (6.146727561950684,2.862291097640991) (0.14672763645648956,-0.15345655381679535) 0.5 -0.37220009484081623 (10.0,2.9312807474020177) 3.0 -0.8078103719001161 (6.146727561950684,5.0) (0,0) 1e-07 -0.37220009484081623 (6.146727561950684,1.0) (0,0) 1e-07 -0.37220009484081623 
2.0 (6.446920871734619,2.7045764923095703) (0.30019327998161316,-0.15771451592445374) 0.5 -0.37220009484081623 (10.0,2.9312807474020177) 3.0 -0.4837421605192216 (6.446920871734619,5.0) (0,0) 1e-07 -0.37220009484081623 (6.446920871734619,1.0) (0,0) 1e-07 -0.37220009484081623 
3.0 (6.9486823081970215,2.657400608062744) (0.5017616152763367,-0.04717593267560005) 0.5 -0.37220009484081623 (10.0,2.9312807474020177) 3.0 -0.09374502579669818 (6.9486823081970215,5.0) (0,0) 1e-07 -0.37220009484081623 (6.9486823081970215,1.0) (0,0) 1e-07 -0.37220009484081623 
4.0 (7.621685981750488,2.7333052158355713) (0.6730037927627563,0.07590451836585999) 0.5 -0.37220009484081623 (10.0,2.9312807474020177) 3.0 0.11231007698610221 (7.0,5.0) (0,0) 1e-07 -0.37220009484081623 (7.0,1.0) (0,0) 1e-07 -0.37220009484081623 
5.0 (8.291322708129883,2.818329334259033) (0.6696363687515259,0.08502408862113953) 0.5 -0.37220009484081623 (10.0,2.9312807474020177) 3.0 0.12629474166765464 (7.0,5.0) (0,0) 1e-07 -0.37220009484081623 (7.0,1.0) (0,0) 1e-07 -0.37220009484081623 
6.0 (8.961502075195312,2.9048099517822266) (0.6701793074607849,0.08648067712783813) 0.5 -0.37220009484081623 (10.0,2.9312807474020177) 3.0 0.1283319278862093 (7.0,5.0) (0,0) 1e-07 -0.37220009484081623 (7.0,1.0) (0,0) 1e-07 -0.37220009484081623 
7.0 (9.631938934326172,2.9913713932037354) (0.6704365015029907,0.08656145632266998) 0.5 -0.37220009484081623 (10.0,2.9312807474020177) 3.0 0.12840174909935234 (7.0,5.0) (0,0) 1e-07 -0.37220009484081623 (7.0,1.0) (0,0) 1e-07 -0.37220009484081623 
