[[(7.0, 6.0), (0, 6.0), (0, 5.0), (7.0, 5.0)], [(7.0, 1.0), (0, 1.0), (0, 0), (7.0, 0)]]
timestamp position0 velocity0 radius0 heading0 goal pref_speed theta position1 velocity1 radius1 heading1 position2 velocity2 radius2 heading2 position3 velocity3 radius3 heading3 position4 velocity4 radius4 heading4 position5 velocity5 radius5 heading5 position6 velocity6 radius6 heading6 
0.0 (6.0,3.2632906436920166) (0.0,0.0) 0.5 -0.38391656834652244 (10.0,3.356659838141117) 3.0 0.0 (6.0,5.0) (0,0) 1e-07 -0.38391656834652244 (6.0,1.0) (0,0) 1e-07 -0.38391656834652244 
1.0 (6.1005401611328125,3.104626417160034) (0.10054022818803787,-0.15866419672966003) 0.5 -0.38391656834652244 (10.0,3.356659838141117) 3.0 -1.005988992724628 (6.1005401611328125,5.0) (0,0) 1e-07 -0.38391656834652244 (6.1005401611328125,1.0) (0,0) 1e-07 -0.38391656834652244 
2.0 (6.359577178955078,2.970252513885498) (0.25903692841529846,-0.13437393307685852) 0.5 -0.38391656834652244 (10.0,3.356659838141117) 3.0 -0.4785303642170502 (6.359577178955078,5.0) (0,0) 1e-07 -0.38391656834652244 (6.359577178955078,1.0) (0,0) 1e-07 -0.38391656834652244 
3.0 (6.867616653442383,2.9495272636413574) (0.5080395340919495,-0.020725134760141373) 0.5 -0.38391656834652244 (10.0,3.356659838141117) 3.0 -0.04077172752675829 (6.867616653442383,5.0) (0,0) 1e-07 -0.38391656834652244 (6.867616653442383,1.0) (0,0) 1e-07 -0.38391656834652244 
4.0 (7.617928981781006,2.9851038455963135) (0.7503125071525574,0.03557654470205307) 0.5 -0.38391656834652244 (10.0,3.356659838141117) 3.0 0.04738014987555497 (7.0,5.0) (0,0) 1e-07 -0.38391656834652244 (7.0,1.0) (0,0) 1e-07 -0.38391656834652244 
5.0 (8.46373462677002,3.0113704204559326) (0.8458059430122375,0.026266509667038918) 0.5 -0.38391656834652244 (10.0,3.356659838141117) 3.0 0.031045029703796353 (7.0,5.0) (0,0) 1e-07 -0.38391656834652244 (7.0,1.0) (0,0) 1e-07 -0.38391656834652244 
6.0 (9.297906875610352,3.0652642250061035) (0.8341718912124634,0.0538938045501709) 0.5 -0.38391656834652244 (10.0,3.356659838141117) 3.0 0.06451788375262822 (7.0,5.0) (0,0) 1e-07 -0.38391656834652244 (7.0,1.0) (0,0) 1e-07 -0.38391656834652244 
7.0 (10.107731819152832,3.1445202827453613) (0.8098247051239014,0.07925611734390259) 0.5 -0.38391656834652244 (10.0,3.356659838141117) 3.0 0.0975575550470328 (7.0,5.0) (0,0) 1e-07 -0.38391656834652244 (7.0,1.0) (0,0) 1e-07 -0.38391656834652244 
