[[(7.0, 6.0), (0, 6.0), (0, 5.0), (7.0, 5.0)], [(7.0, 1.0), (0, 1.0), (0, 0), (7.0, 0)]]
timestamp position0 velocity0 radius0 heading0 goal pref_speed theta position1 velocity1 radius1 heading1 position2 velocity2 radius2 heading2 position3 velocity3 radius3 heading3 position4 velocity4 radius4 heading4 position5 velocity5 radius5 heading5 position6 velocity6 radius6 heading6 
0.0 (6.0,2.8174448013305664) (0.0,0.0) 0.5 -0.29463555689437904 (10.0,3.2573612272864456) 3.0 0.0 (6.0,5.0) (0,0) 1e-07 -0.29463555689437904 (6.0,1.0) (0,0) 1e-07 -0.29463555689437904 
1.0 (6.177703857421875,2.671130895614624) (0.177703857421875,-0.14631396532058716) 0.5 -0.29463555689437904 (10.0,3.2573612272864456) 3.0 -0.6888224831729357 (6.177703857421875,5.0) (0,0) 1e-07 -0.29463555689437904 (6.177703857421875,1.0) (0,0) 1e-07 -0.29463555689437904 
2.0 (6.411405563354492,2.5380263328552246) (0.2337017059326172,-0.13310444355010986) 0.5 -0.29463555689437904 (10.0,3.2573612272864456) 3.0 -0.5177276414033296 (6.411405563354492,5.0) (0,0) 1e-07 -0.29463555689437904 (6.411405563354492,1.0) (0,0) 1e-07 -0.29463555689437904 
3.0 (6.99977970123291,2.538783311843872) (0.5883743166923523,0.0007570348680019379) 0.5 -0.29463555689437904 (10.0,3.2573612272864456) 3.0 0.0012866544795934107 (6.99977970123291,5.0) (0,0) 1e-07 -0.29463555689437904 (6.99977970123291,1.0) (0,0) 1e-07 -0.29463555689437904 
4.0 (7.782097339630127,2.6450819969177246) (0.7823178172111511,0.10629859566688538) 0.5 -0.29463555689437904 (10.0,3.2573612272864456) 3.0 0.13504942533729433 (7.0,5.0) (0,0) 1e-07 -0.29463555689437904 (7.0,1.0) (0,0) 1e-07 -0.29463555689437904 
5.0 (8.564236640930176,2.7516329288482666) (0.7821393609046936,0.10655100643634796) 0.5 -0.29463555689437904 (10.0,3.2573612272864456) 3.0 0.135396717356489 (7.0,5.0) (0,0) 1e-07 -0.29463555689437904 (7.0,1.0) (0,0) 1e-07 -0.29463555689437904 
6.0 (9.344535827636719,2.8603200912475586) (0.7802987694740295,0.10868722200393677) 0.5 -0.29463555689437904 (10.0,3.2573612272864456) 3.0 0.1383987759400884 (7.0,5.0) (0,0) 1e-07 -0.29463555689437904 (7.0,1.0) (0,0) 1e-07 -0.29463555689437904 
7.0 (10.124917984008789,2.9689319133758545) (0.7803823351860046,0.10861189663410187) 0.5 -0.29463555689437904 (10.0,3.2573612272864456) 3.0 0.13828945602445653 (7.0,5.0) (0,0) 1e-07 -0.29463555689437904 (7.0,1.0) (0,0) 1e-07 -0.29463555689437904 
