[[(7.0, 6.0), (0, 6.0), (0, 5.0), (7.0, 5.0)], [(7.0, 1.0), (0, 1.0), (0, 0), (7.0, 0)]]
timestamp position0 velocity0 radius0 heading0 goal pref_speed theta position1 velocity1 radius1 heading1 position2 velocity2 radius2 heading2 position3 velocity3 radius3 heading3 position4 velocity4 radius4 heading4 position5 velocity5 radius5 heading5 position6 velocity6 radius6 heading6 
0.0 (6.0,2.774773359298706) (0.0,0.0) 0.5 -0.3687451695885594 (10.0,3.3178846745980275) 3.0 0.0 (6.0,5.0) (0,0) 1e-07 -0.3687451695885594 (6.0,1.0) (0,0) 1e-07 -0.3687451695885594 
1.0 (6.213192939758301,2.6670796871185303) (0.21319274604320526,-0.10769371688365936) 0.5 -0.3687451695885594 (10.0,3.3178846745980275) 3.0 -0.4677568784387542 (6.213192939758301,5.0) (0,0) 1e-07 -0.3687451695885594 (6.213192939758301,1.0) (0,0) 1e-07 -0.3687451695885594 
2.0 (6.617124080657959,2.5666725635528564) (0.40393102169036865,-0.1004072055220604) 0.5 -0.3687451695885594 (10.0,3.3178846745980275) 3.0 -0.24363715841132227 (6.617124080657959,5.0) (0,0) 1e-07 -0.3687451695885594 (6.617124080657959,1.0) (0,0) 1e-07 -0.3687451695885594 
3.0 (7.282413482666016,2.597965717315674) (0.6652892231941223,0.03129307180643082) 0.5 -0.3687451695885594 (10.0,3.3178846745980275) 3.0 0.04700215046493522 (7.0,5.0) (0,0) 1e-07 -0.3687451695885594 (7.0,1.0) (0,0) 1e-07 -0.3687451695885594 
4.0 (8.059659957885742,2.700449228286743) (0.7772464752197266,0.10248361527919769) 0.5 -0.3687451695885594 (10.0,3.3178846745980275) 3.0 0.13109846445882906 (7.0,5.0) (0,0) 1e-07 -0.3687451695885594 (7.0,1.0) (0,0) 1e-07 -0.3687451695885594 
5.0 (8.798251152038574,2.8134543895721436) (0.7385914921760559,0.11300505697727203) 0.5 -0.3687451695885594 (10.0,3.3178846745980275) 3.0 0.15182337296270484 (7.0,5.0) (0,0) 1e-07 -0.3687451695885594 (7.0,1.0) (0,0) 1e-07 -0.3687451695885594 
6.0 (9.578520774841309,2.922173023223877) (0.7802695035934448,0.10871872305870056) 0.5 -0.3687451695885594 (10.0,3.3178846745980275) 3.0 0.1384435042555811 (7.0,5.0) (0,0) 1e-07 -0.3687451695885594 (7.0,1.0) (0,0) 1e-07 -0.3687451695885594 
7.0 (10.358774185180664,3.030911922454834) (0.780253529548645,0.10873880982398987) 0.5 -0.3687451695885594 (10.0,3.3178846745980275) 3.0 0.13847155602350392 (7.0,5.0) (0,0) 1e-07 -0.3687451695885594 (7.0,1.0) (0,0) 1e-07 -0.3687451695885594 
