[[(7.0, 6.0), (0, 6.0), (0, 5.0), (7.0, 5.0)], [(7.0, 1.0), (0, 1.0), (0, 0), (7.0, 0)]]
timestamp position0 velocity0 radius0 heading0 goal pref_speed theta position1 velocity1 radius1 heading1 position2 velocity2 radius2 heading2 position3 velocity3 radius3 heading3 position4 velocity4 radius4 heading4 position5 velocity5 radius5 heading5 position6 velocity6 radius6 heading6 
0.0 (6.0,3.396043539047241) (0.0,0.0) 0.5 -0.28629995886536913 (10.0,2.634922366274534) 3.0 0.0 (6.0,5.0) (0,0) 1e-07 -0.28629995886536913 (6.0,1.0) (0,0) 1e-07 -0.28629995886536913 
1.0 (6.130448341369629,3.248596668243408) (0.13044816255569458,-0.14744696021080017) 0.5 -0.28629995886536913 (10.0,2.634922366274534) 3.0 -0.846491871045038 (6.130448341369629,5.0) (0,0) 1e-07 -0.28629995886536913 (6.130448341369629,1.0) (0,0) 1e-07 -0.28629995886536913 
2.0 (6.388458728790283,3.110138177871704) (0.2580104470252991,-0.13845857977867126) 0.5 -0.28629995886536913 (10.0,2.634922366274534) 3.0 -0.49252774434096835 (6.388458728790283,5.0) (0,0) 1e-07 -0.28629995886536913 (6.388458728790283,1.0) (0,0) 1e-07 -0.28629995886536913 
3.0 (6.646538257598877,2.9716970920562744) (0.2580797076225281,-0.13844110071659088) 0.5 -0.28629995886536913 (10.0,2.634922366274534) 3.0 -0.49236332940701527 (6.646538257598877,5.0) (0,0) 1e-07 -0.28629995886536913 (6.646538257598877,1.0) (0,0) 1e-07 -0.28629995886536913 
4.0 (6.9686455726623535,2.848120927810669) (0.32210737466812134,-0.12357605993747711) 0.5 -0.28629995886536913 (10.0,2.634922366274534) 3.0 -0.3663314070664038 (6.9686455726623535,5.0) (0,0) 1e-07 -0.28629995886536913 (6.9686455726623535,1.0) (0,0) 1e-07 -0.28629995886536913 
5.0 (7.670901775360107,2.7874815464019775) (0.7022562026977539,-0.06063927337527275) 0.5 -0.28629995886536913 (10.0,2.634922366274534) 3.0 -0.08613556024697738 (7.0,5.0) (0,0) 1e-07 -0.28629995886536913 (7.0,1.0) (0,0) 1e-07 -0.28629995886536913 
6.0 (7.920131683349609,2.647411584854126) (0.24923014640808105,-0.14006993174552917) 0.5 -0.28629995886536913 (10.0,2.634922366274534) 3.0 -0.5120174531291343 (7.0,5.0) (0,0) 1e-07 -0.28629995886536913 (7.0,1.0) (0,0) 1e-07 -0.28629995886536913 
7.0 (8.650153160095215,2.6094393730163574) (0.7300217747688293,-0.03797220066189766) 0.5 -0.28629995886536913 (10.0,2.634922366274534) 3.0 -0.05196832736613668 (7.0,5.0) (0,0) 1e-07 -0.28629995886536913 (7.0,1.0) (0,0) 1e-07 -0.28629995886536913 
8.0 (9.495694160461426,2.6499857902526855) (0.84554123878479,0.04054650664329529) 0.5 -0.28629995886536913 (10.0,2.634922366274534) 3.0 0.04791661059165423 (7.0,5.0) (0,0) 1e-07 -0.28629995886536913 (7.0,1.0) (0,0) 1e-07 -0.28629995886536913 
9.0 (10.315649032592773,2.7203595638275146) (0.8199548721313477,0.07037381827831268) 0.5 -0.28629995886536913 (10.0,2.634922366274534) 3.0 0.0856166418045737 (7.0,5.0) (0,0) 1e-07 -0.28629995886536913 (7.0,1.0) (0,0) 1e-07 -0.28629995886536913 
