[[(7.0, 6.0), (0, 6.0), (0, 5.0), (7.0, 5.0)], [(7.0, 1.0), (0, 1.0), (0, 0), (7.0, 0)]]
timestamp position0 velocity0 radius0 heading0 goal pref_speed theta position1 velocity1 radius1 heading1 position2 velocity2 radius2 heading2 position3 velocity3 radius3 heading3 position4 velocity4 radius4 heading4 position5 velocity5 radius5 heading5 position6 velocity6 radius6 heading6 
0.0 (6.0,2.6277294158935547) (0.0,0.0) 0.5 -0.12660230717542276 (10.0,3.187284985333573) 3.0 0.0 (6.0,5.0) (0,0) 1e-07 -0.12660230717542276 (6.0,1.0) (0,0) 1e-07 -0.12660230717542276 
1.0 (6.134581565856934,2.5206639766693115) (0.13458150625228882,-0.10706538707017899) 0.5 -0.12660230717542276 (10.0,3.187284985333573) 3.0 -0.6720173984022318 (6.134581565856934,5.0) (0,0) 1e-07 -0.12660230717542276 (6.134581565856934,1.0) (0,0) 1e-07 -0.12660230717542276 
2.0 (6.340089797973633,2.3814194202423096) (0.20550835132598877,-0.13924458622932434) 0.5 -0.12660230717542276 (10.0,3.187284985333573) 3.0 -0.5955074338955533 (6.340089797973633,5.0) (0,0) 1e-07 -0.12660230717542276 (6.340089797973633,1.0) (0,0) 1e-07 -0.12660230717542276 
3.0 (6.843969821929932,2.3367819786071777) (0.5038800835609436,-0.04463743045926094) 0.5 -0.12660230717542276 (10.0,3.187284985333573) 3.0 -0.08835675626192717 (6.843969821929932,5.0) (0,0) 1e-07 -0.12660230717542276 (6.843969821929932,1.0) (0,0) 1e-07 -0.12660230717542276 
4.0 (7.5803542137146,2.445155620574951) (0.7363842725753784,0.10837361216545105) 0.5 -0.12660230717542276 (10.0,3.187284985333573) 3.0 0.14612099761460803 (7.0,5.0) (0,0) 1e-07 -0.12660230717542276 (7.0,1.0) (0,0) 1e-07 -0.12660230717542276 
5.0 (8.360915184020996,2.553535223007202) (0.7805608510971069,0.10837957262992859) 0.5 -0.12660230717542276 (10.0,3.187284985333573) 3.0 0.1379662346314015 (7.0,5.0) (0,0) 1e-07 -0.12660230717542276 (7.0,1.0) (0,0) 1e-07 -0.12660230717542276 
6.0 (9.1411771774292,2.662259340286255) (0.7802622318267822,0.10872416198253632) 0.5 -0.12660230717542276 (10.0,3.187284985333573) 3.0 0.1384516159511134 (7.0,5.0) (0,0) 1e-07 -0.12660230717542276 (7.0,1.0) (0,0) 1e-07 -0.12660230717542276 
7.0 (9.921371459960938,2.7710623741149902) (0.7801938056945801,0.10880297422409058) 0.5 -0.12660230717542276 (10.0,3.187284985333573) 3.0 0.13856269462501544 (7.0,5.0) (0,0) 1e-07 -0.12660230717542276 (7.0,1.0) (0,0) 1e-07 -0.12660230717542276 
