[[(7.0, 6.0), (0, 6.0), (0, 5.0), (7.0, 5.0)], [(7.0, 1.0), (0, 1.0), (0, 0), (7.0, 0)]]
timestamp position0 velocity0 radius0 heading0 goal pref_speed theta position1 velocity1 radius1 heading1 position2 velocity2 radius2 heading2 position3 velocity3 radius3 heading3 position4 velocity4 radius4 heading4 position5 velocity5 radius5 heading5 position6 velocity6 radius6 heading6 
0.0 (6.0,3.0452423095703125) (0.0,0.0) 0.5 -0.05992324613764399 (10.0,3.0638310071113386) 3.0 0.0 (6.0,5.0) (0,0) 1e-07 -0.05992324613764399 (6.0,1.0) (0,0) 1e-07 -0.05992324613764399 
1.0 (6.190932273864746,2.886080503463745) (0.1909322440624237,-0.15916170179843903) 0.5 -0.05992324613764399 (10.0,3.0638310071113386) 3.0 -0.6948974346194026 (6.190932273864746,5.0) (0,0) 1e-07 -0.05992324613764399 (6.190932273864746,1.0) (0,0) 1e-07 -0.05992324613764399 
2.0 (6.608703136444092,2.6761796474456787) (0.41777098178863525,-0.2099008858203888) 0.5 -0.05992324613764399 (10.0,3.0638310071113386) 3.0 -0.4655901229306791 (6.608703136444092,5.0) (0,0) 1e-07 -0.05992324613764399 (6.608703136444092,1.0) (0,0) 1e-07 -0.05992324613764399 
3.0 (7.337745189666748,2.6488239765167236) (0.7290420532226562,-0.027355585247278214) 0.5 -0.05992324613764399 (10.0,3.0638310071113386) 3.0 -0.03750504863187227 (7.0,5.0) (0,0) 1e-07 -0.05992324613764399 (7.0,1.0) (0,0) 1e-07 -0.05992324613764399 
4.0 (8.21528434753418,2.7099239826202393) (0.8775389790534973,0.06109990179538727) 0.5 -0.05992324613764399 (10.0,3.0638310071113386) 3.0 0.06951423843960232 (7.0,5.0) (0,0) 1e-07 -0.05992324613764399 (7.0,1.0) (0,0) 1e-07 -0.05992324613764399 
5.0 (8.875032424926758,2.7845120429992676) (0.659748375415802,0.07458795607089996) 0.5 -0.05992324613764399 (10.0,3.0638310071113386) 3.0 0.11257714703221251 (7.0,5.0) (0,0) 1e-07 -0.05992324613764399 (7.0,1.0) (0,0) 1e-07 -0.05992324613764399 
6.0 (9.534786224365234,2.8591039180755615) (0.6597539782524109,0.07459183037281036) 0.5 -0.05992324613764399 (10.0,3.0638310071113386) 3.0 0.11258199727995367 (7.0,5.0) (0,0) 1e-07 -0.05992324613764399 (7.0,1.0) (0,0) 1e-07 -0.05992324613764399 
7.0 (10.195674896240234,2.934115409851074) (0.660888671875,0.07501156628131866) 0.5 -0.05992324613764399 (10.0,3.0638310071113386) 3.0 0.11301740307204981 (7.0,5.0) (0,0) 1e-07 -0.05992324613764399 (7.0,1.0) (0,0) 1e-07 -0.05992324613764399 
