[[(7.0, 6.0), (0, 6.0), (0, 5.0), (7.0, 5.0)], [(7.0, 1.0), (0, 1.0), (0, 0), (7.0, 0)]]
timestamp position0 velocity0 radius0 heading0 goal pref_speed theta position1 velocity1 radius1 heading1 position2 velocity2 radius2 heading2 position3 velocity3 radius3 heading3 position4 velocity4 radius4 heading4 position5 velocity5 radius5 heading5 position6 velocity6 radius6 heading6 
0.0 (6.0,3.1005020141601562) (0.0,0.0) 0.5 -0.12383518720549064 (10.0,3.237333066624947) 3.0 0.0 (6.0,5.0) (0,0) 1e-07 -0.12383518720549064 (6.0,1.0) (0,0) 1e-07 -0.12383518720549064 
1.0 (6.165766716003418,2.935741662979126) (0.16576674580574036,-0.1647602915763855) 0.5 -0.12383518720549064 (10.0,3.237333066624947) 3.0 -0.7823531746221749 (6.165766716003418,5.0) (0,0) 1e-07 -0.12383518720549064 (6.165766716003418,1.0) (0,0) 1e-07 -0.12383518720549064 
2.0 (6.53568172454834,2.754361391067505) (0.3699147701263428,-0.18138031661510468) 0.5 -0.12383518720549064 (10.0,3.237333066624947) 3.0 -0.45588174216454563 (6.53568172454834,5.0) (0,0) 1e-07 -0.12383518720549064 (6.53568172454834,1.0) (0,0) 1e-07 -0.12383518720549064 
3.0 (7.32825231552124,2.7292230129241943) (0.7925705313682556,-0.025138340890407562) 0.5 -0.12383518720549064 (10.0,3.237333066624947) 3.0 -0.03170685165336027 (7.0,5.0) (0,0) 1e-07 -0.12383518720549064 (7.0,1.0) (0,0) 1e-07 -0.12383518720549064 
4.0 (7.978390693664551,2.789243698120117) (0.6501386165618896,0.06002058833837509) 0.5 -0.12383518720549064 (10.0,3.237333066624947) 3.0 0.09205873419706218 (7.0,5.0) (0,0) 1e-07 -0.12383518720549064 (7.0,1.0) (0,0) 1e-07 -0.12383518720549064 
5.0 (8.770723342895508,2.8847694396972656) (0.7923324108123779,0.09552571177482605) 0.5 -0.12383518720549064 (10.0,3.237333066624947) 3.0 0.11998357260906675 (7.0,5.0) (0,0) 1e-07 -0.12383518720549064 (7.0,1.0) (0,0) 1e-07 -0.12383518720549064 
6.0 (9.422916412353516,2.9508018493652344) (0.6521929502487183,0.06603249162435532) 0.5 -0.12383518720549064 (10.0,3.237333066624947) 3.0 0.1009030193366268 (7.0,5.0) (0,0) 1e-07 -0.12383518720549064 (7.0,1.0) (0,0) 1e-07 -0.12383518720549064 
7.0 (10.2116117477417,3.0504541397094727) (0.788695752620697,0.0996522605419159) 0.5 -0.12383518720549064 (10.0,3.237333066624947) 3.0 0.12568469285278538 (7.0,5.0) (0,0) 1e-07 -0.12383518720549064 (7.0,1.0) (0,0) 1e-07 -0.12383518720549064 
