[[(7.0, 6.0), (0, 6.0), (0, 5.0), (7.0, 5.0)], [(7.0, 1.0), (0, 1.0), (0, 0), (7.0, 0)]]
timestamp position0 velocity0 radius0 heading0 goal pref_speed theta position1 velocity1 radius1 heading1 position2 velocity2 radius2 heading2 position3 velocity3 radius3 heading3 position4 velocity4 radius4 heading4 position5 velocity5 radius5 heading5 position6 velocity6 radius6 heading6 
0.0 (6.0,2.790315866470337) (0.0,0.0) 0.5 -0.05793223799081221 (10.0,3.2794447923602768) 3.0 0.0 (6.0,5.0) (0,0) 1e-07 -0.05793223799081221 (6.0,1.0) (0,0) 1e-07 -0.05793223799081221 
1.0 (6.162682056427002,2.681798219680786) (0.16268225014209747,-0.10851754248142242) 0.5 -0.05793223799081221 (10.0,3.2794447923602768) 3.0 -0.5882694196051734 (6.162682056427002,5.0) (0,0) 1e-07 -0.05793223799081221 (6.162682056427002,1.0) (0,0) 1e-07 -0.05793223799081221 
2.0 (6.406675338745117,2.5512282848358154) (0.24399340152740479,-0.13057003915309906) 0.5 -0.05793223799081221 (10.0,3.2794447923602768) 3.0 -0.49136096638779775 (6.406675338745117,5.0) (0,0) 1e-07 -0.05793223799081221 (6.406675338745117,1.0) (0,0) 1e-07 -0.05793223799081221 
3.0 (7.075203895568848,2.56042742729187) (0.66852867603302,0.009199067950248718) 0.5 -0.05793223799081221 (10.0,3.2794447923602768) 3.0 0.013759301216498446 (7.0,5.0) (0,0) 1e-07 -0.05793223799081221 (7.0,1.0) (0,0) 1e-07 -0.05793223799081221 
4.0 (7.860221862792969,2.665177583694458) (0.7850178480148315,0.10475018620491028) 0.5 -0.05793223799081221 (10.0,3.2794447923602768) 3.0 0.13265308595465053 (7.0,5.0) (0,0) 1e-07 -0.05793223799081221 (7.0,1.0) (0,0) 1e-07 -0.05793223799081221 
5.0 (8.582331657409668,2.771432638168335) (0.7221097946166992,0.10625506937503815) 0.5 -0.05793223799081221 (10.0,3.2794447923602768) 3.0 0.1460969120570352 (7.0,5.0) (0,0) 1e-07 -0.05793223799081221 (7.0,1.0) (0,0) 1e-07 -0.05793223799081221 
6.0 (9.362709045410156,2.8800368309020996) (0.7803769111633301,0.10860408842563629) 0.5 -0.05793223799081221 (10.0,3.2794447923602768) 3.0 0.13828058943215418 (7.0,5.0) (0,0) 1e-07 -0.05793223799081221 (7.0,1.0) (0,0) 1e-07 -0.05793223799081221 
7.0 (10.143537521362305,2.988287925720215) (0.7808288335800171,0.10825100541114807) 0.5 -0.05793223799081221 (10.0,3.2794447923602768) 3.0 0.13775793633519587 (7.0,5.0) (0,0) 1e-07 -0.05793223799081221 (7.0,1.0) (0,0) 1e-07 -0.05793223799081221 
