[[(7.0, 6.0), (0, 6.0), (0, 5.0), (7.0, 5.0)], [(7.0, 1.0), (0, 1.0), (0, 0), (7.0, 0)]]
timestamp position0 velocity0 radius0 heading0 goal pref_speed theta position1 velocity1 radius1 heading1 position2 velocity2 radius2 heading2 position3 velocity3 radius3 heading3 position4 velocity4 radius4 heading4 position5 velocity5 radius5 heading5 position6 velocity6 radius6 heading6 
0.0 (6.0,2.5422987937927246) (0.0,0.0) 0.5 -0.15840295261311432 (10.0,2.5120088902351876) 3.0 0.0 (6.0,5.0) (0,0) 1e-07 -0.15840295261311432 (6.0,1.0) (0,0) 1e-07 -0.15840295261311432 
1.0 (6.157256603240967,2.461839199066162) (0.15725672245025635,-0.08045963943004608) 0.5 -0.15840295261311432 (10.0,2.5120088902351876) 3.0 -0.47292026980462304 (6.157256603240967,5.0) (0,0) 1e-07 -0.15840295261311432 (6.157256603240967,1.0) (0,0) 1e-07 -0.15840295261311432 
2.0 (6.390510082244873,2.3293049335479736) (0.23325347900390625,-0.13253425061702728) 0.5 -0.15840295261311432 (10.0,2.5120088902351876) 3.0 -0.516707664224254 (6.390510082244873,5.0) (0,0) 1e-07 -0.15840295261311432 (6.390510082244873,1.0) (0,0) 1e-07 -0.15840295261311432 
3.0 (7.097766399383545,2.280076265335083) (0.7072563171386719,-0.049228619784116745) 0.5 -0.15840295261311432 (10.0,2.5120088902351876) 3.0 -0.06949297857401358 (7.0,5.0) (0,0) 1e-07 -0.15840295261311432 (7.0,1.0) (0,0) 1e-07 -0.15840295261311432 
4.0 (7.929873466491699,2.3645401000976562) (0.8321072459220886,0.08446375280618668) 0.5 -0.15840295261311432 (10.0,2.5120088902351876) 3.0 0.10115936915003491 (7.0,5.0) (0,0) 1e-07 -0.15840295261311432 (7.0,1.0) (0,0) 1e-07 -0.15840295261311432 
5.0 (8.713622093200684,2.4705986976623535) (0.7837488651275635,0.10605865716934204) 0.5 -0.15840295261311432 (10.0,2.5120088902351876) 3.0 0.13450519315784193 (7.0,5.0) (0,0) 1e-07 -0.15840295261311432 (7.0,1.0) (0,0) 1e-07 -0.15840295261311432 
6.0 (9.494503021240234,2.5787017345428467) (0.7808810472488403,0.10810299217700958) 0.5 -0.15840295261311432 (10.0,2.5120088902351876) 3.0 0.1375628638803918 (7.0,5.0) (0,0) 1e-07 -0.15840295261311432 (7.0,1.0) (0,0) 1e-07 -0.15840295261311432 
7.0 (10.275023460388184,2.687152862548828) (0.7805200815200806,0.10845106840133667) 0.5 -0.15840295261311432 (10.0,2.5120088902351876) 3.0 0.13806321635638974 (7.0,5.0) (0,0) 1e-07 -0.15840295261311432 (7.0,1.0) (0,0) 1e-07 -0.15840295261311432 
