[[(7.0, 6.0), (0, 6.0), (0, 5.0), (7.0, 5.0)], [(7.0, 1.0), (0, 1.0), (0, 0), (7.0, 0)]]
timestamp position0 velocity0 radius0 heading0 goal pref_speed theta position1 velocity1 radius1 heading1 position2 velocity2 radius2 heading2 position3 velocity3 radius3 heading3 position4 velocity4 radius4 heading4 position5 velocity5 radius5 heading5 position6 velocity6 radius6 heading6 
0.0 (6.0,2.5633718967437744) (0.0,0.0) 0.5 -0.08412565631670132 (10.0,2.616017951820016) 3.0 0.0 (6.0,5.0) (0,0) 1e-07 -0.08412565631670132 (6.0,1.0) (0,0) 1e-07 -0.08412565631670132 
1.0 (6.167010307312012,2.471870183944702) (0.16701053082942963,-0.09150174260139465) 0.5 -0.08412565631670132 (10.0,2.616017951820016) 3.0 -0.5012141745759372 (6.167010307312012,5.0) (0,0) 1e-07 -0.08412565631670132 (6.167010307312012,1.0) (0,0) 1e-07 -0.08412565631670132 
2.0 (6.668822288513184,2.3068628311157227) (0.5018121004104614,-0.1650073528289795) 0.5 -0.08412565631670132 (10.0,2.616017951820016) 3.0 -0.3176857632791683 (6.668822288513184,5.0) (0,0) 1e-07 -0.08412565631670132 (6.668822288513184,1.0) (0,0) 1e-07 -0.08412565631670132 
3.0 (6.918524265289307,2.1911120414733887) (0.24970197677612305,-0.11575090885162354) 0.5 -0.08412565631670132 (10.0,2.616017951820016) 3.0 -0.43406993275578337 (6.918524265289307,5.0) (0,0) 1e-07 -0.08412565631670132 (6.918524265289307,1.0) (0,0) 1e-07 -0.08412565631670132 
4.0 (7.654245853424072,2.2306535243988037) (0.7357214093208313,0.03954140469431877) 0.5 -0.08412565631670132 (10.0,2.616017951820016) 3.0 0.05369341957240655 (7.0,5.0) (0,0) 1e-07 -0.08412565631670132 (7.0,1.0) (0,0) 1e-07 -0.08412565631670132 
5.0 (8.441534996032715,2.333643674850464) (0.7872887253761292,0.10299021005630493) 0.5 -0.08412565631670132 (10.0,2.616017951820016) 3.0 0.13007766886308839 (7.0,5.0) (0,0) 1e-07 -0.08412565631670132 (7.0,1.0) (0,0) 1e-07 -0.08412565631670132 
6.0 (9.209924697875977,2.445201873779297) (0.7683897614479065,0.11155813932418823) 0.5 -0.08412565631670132 (10.0,2.616017951820016) 3.0 0.14417693420671193 (7.0,5.0) (0,0) 1e-07 -0.08412565631670132 (7.0,1.0) (0,0) 1e-07 -0.08412565631670132 
7.0 (9.991639137268066,2.552349090576172) (0.7817143797874451,0.10714732110500336) 0.5 -0.08412565631670132 (10.0,2.616017951820016) 3.0 0.13621826788110902 (7.0,5.0) (0,0) 1e-07 -0.08412565631670132 (7.0,1.0) (0,0) 1e-07 -0.08412565631670132 
