[[(7.0, 6.0), (0, 6.0), (0, 5.0), (7.0, 5.0)], [(7.0, 1.0), (0, 1.0), (0, 0), (7.0, 0)]]
timestamp position0 velocity0 radius0 heading0 goal pref_speed theta position1 velocity1 radius1 heading1 position2 velocity2 radius2 heading2 position3 velocity3 radius3 heading3 position4 velocity4 radius4 heading4 position5 velocity5 radius5 heading5 position6 velocity6 radius6 heading6 
0.0 (6.0,2.864084482192993) (0.0,0.0) 0.5 -0.3575571845123463 (10.0,3.330874674557323) 3.0 0.0 (6.0,5.0) (0,0) 1e-07 -0.3575571845123463 (6.0,1.0) (0,0) 1e-07 -0.3575571845123463 
1.0 (6.1743903160095215,2.7317347526550293) (0.17439039051532745,-0.1323496401309967) 0.5 -0.3575571845123463 (10.0,3.330874674557323) 3.0 -0.6491901843990123 (6.1743903160095215,5.0) (0,0) 1e-07 -0.3575571845123463 (6.1743903160095215,1.0) (0,0) 1e-07 -0.3575571845123463 
2.0 (6.403695106506348,2.6022675037384033) (0.22930479049682617,-0.12946724891662598) 0.5 -0.3575571845123463 (10.0,3.330874674557323) 3.0 -0.5139891149664834 (6.403695106506348,5.0) (0,0) 1e-07 -0.3575571845123463 (6.403695106506348,1.0) (0,0) 1e-07 -0.3575571845123463 
3.0 (6.989293575286865,2.6101484298706055) (0.5855985283851624,0.007880931720137596) 0.5 -0.3575571845123463 (10.0,3.330874674557323) 3.0 0.013457096635392877 (6.989293575286865,5.0) (0,0) 1e-07 -0.3575571845123463 (6.989293575286865,1.0) (0,0) 1e-07 -0.3575571845123463 
4.0 (7.771344184875488,2.716888666152954) (0.782050371170044,0.10674022138118744) 0.5 -0.3575571845123463 (10.0,3.330874674557323) 3.0 0.13564946672898193 (7.0,5.0) (0,0) 1e-07 -0.3575571845123463 (7.0,1.0) (0,0) 1e-07 -0.3575571845123463 
5.0 (8.459797859191895,2.812973976135254) (0.6884533762931824,0.09608524292707443) 0.5 -0.3575571845123463 (10.0,3.330874674557323) 3.0 0.13867105548726943 (7.0,5.0) (0,0) 1e-07 -0.3575571845123463 (7.0,1.0) (0,0) 1e-07 -0.3575571845123463 
6.0 (9.13464641571045,2.9048712253570557) (0.6748483180999756,0.09189721941947937) 0.5 -0.3575571845123463 (10.0,3.330874674557323) 3.0 0.13534215247058318 (7.0,5.0) (0,0) 1e-07 -0.3575571845123463 (7.0,1.0) (0,0) 1e-07 -0.3575571845123463 
7.0 (9.810959815979004,2.9972312450408936) (0.6763132810592651,0.09236007928848267) 0.5 -0.3575571845123463 (10.0,3.330874674557323) 3.0 0.13572446158093593 (7.0,5.0) (0,0) 1e-07 -0.3575571845123463 (7.0,1.0) (0,0) 1e-07 -0.3575571845123463 
