[[(7.0, 6.0), (0, 6.0), (0, 5.0), (7.0, 5.0)], [(7.0, 1.0), (0, 1.0), (0, 0), (7.0, 0)]]
timestamp position0 velocity0 radius0 heading0 goal pref_speed theta position1 velocity1 radius1 heading1 position2 velocity2 radius2 heading2 position3 velocity3 radius3 heading3 position4 velocity4 radius4 heading4 position5 velocity5 radius5 heading5 position6 velocity6 radius6 heading6 
0.0 (6.0,2.77327036857605) (0.0,0.0) 0.5 -0.06283258985952789 (10.0,3.0547402659685865) 3.0 0.0 (6.0,5.0) (0,0) 1e-07 -0.06283258985952789 (6.0,1.0) (0,0) 1e-07 -0.06283258985952789 
1.0 (6.142236232757568,2.6847426891326904) (0.14223603904247284,-0.0885276347398758) 0.5 -0.06283258985952789 (10.0,3.0547402659685865) 3.0 -0.5567270823490466 (6.142236232757568,5.0) (0,0) 1e-07 -0.06283258985952789 (6.142236232757568,1.0) (0,0) 1e-07 -0.06283258985952789 
2.0 (6.390803337097168,2.555633544921875) (0.24856704473495483,-0.12910908460617065) 0.5 -0.06283258985952789 (10.0,3.0547402659685865) 3.0 -0.47905753429413334 (6.390803337097168,5.0) (0,0) 1e-07 -0.06283258985952789 (6.390803337097168,1.0) (0,0) 1e-07 -0.06283258985952789 
3.0 (6.982645034790039,2.5075058937072754) (0.591841459274292,-0.04812761768698692) 0.5 -0.06283258985952789 (10.0,3.0547402659685865) 3.0 -0.08113989239679094 (6.982645034790039,5.0) (0,0) 1e-07 -0.06283258985952789 (6.982645034790039,1.0) (0,0) 1e-07 -0.06283258985952789 
4.0 (7.7866387367248535,2.602243423461914) (0.8039935231208801,0.09473741054534912) 0.5 -0.06283258985952789 (10.0,3.0547402659685865) 3.0 0.11729268524050664 (7.0,5.0) (0,0) 1e-07 -0.06283258985952789 (7.0,1.0) (0,0) 1e-07 -0.06283258985952789 
5.0 (8.568007469177246,2.7099804878234863) (0.781369149684906,0.10773718357086182) 0.5 -0.06283258985952789 (10.0,3.0547402659685865) 3.0 0.1370186106863843 (7.0,5.0) (0,0) 1e-07 -0.06283258985952789 (7.0,1.0) (0,0) 1e-07 -0.06283258985952789 
6.0 (9.352134704589844,2.8158786296844482) (0.7841268181800842,0.1058981716632843) 0.5 -0.06283258985952789 (10.0,3.0547402659685865) 3.0 0.13424014331153222 (7.0,5.0) (0,0) 1e-07 -0.06283258985952789 (7.0,1.0) (0,0) 1e-07 -0.06283258985952789 
7.0 (10.133816719055176,2.923497200012207) (0.7816818952560425,0.10761852562427521) 0.5 -0.06283258985952789 (10.0,3.0547402659685865) 3.0 0.13681550218735658 (7.0,5.0) (0,0) 1e-07 -0.06283258985952789 (7.0,1.0) (0,0) 1e-07 -0.06283258985952789 
