[[(7.0, 6.0), (0, 6.0), (0, 5.0), (7.0, 5.0)], [(7.0, 1.0), (0, 1.0), (0, 0), (7.0, 0)]]
timestamp position0 velocity0 radius0 heading0 goal pref_speed theta position1 velocity1 radius1 heading1 position2 velocity2 radius2 heading2 position3 velocity3 radius3 heading3 position4 velocity4 radius4 heading4 position5 velocity5 radius5 heading5 position6 velocity6 radius6 heading6 
0.0 (6.0,2.577198028564453) (0.0,0.0) 0.5 -0.09836865556357544 (10.0,3.3765706295585742) 3.0 0.0 (6.0,5.0) (0,0) 1e-07 -0.09836865556357544 (6.0,1.0) (0,0) 1e-07 -0.09836865556357544 
1.0 (6.201964855194092,2.4956326484680176) (0.20196504890918732,-0.08156542479991913) 0.5 -0.09836865556357544 (10.0,3.3765706295585742) 3.0 -0.3838287622057941 (6.201964855194092,5.0) (0,0) 1e-07 -0.09836865556357544 (6.201964855194092,1.0) (0,0) 1e-07 -0.09836865556357544 
2.0 (6.638943195343018,2.3813486099243164) (0.4369783103466034,-0.11428392678499222) 0.5 -0.09836865556357544 (10.0,3.3765706295585742) 3.0 -0.255802763770146 (6.638943195343018,5.0) (0,0) 1e-07 -0.09836865556357544 (6.638943195343018,1.0) (0,0) 1e-07 -0.09836865556357544 
3.0 (7.259156227111816,2.41176438331604) (0.6202130317687988,0.030415672808885574) 0.5 -0.09836865556357544 (10.0,3.3765706295585742) 3.0 0.0490014289570927 (7.0,5.0) (0,0) 1e-07 -0.09836865556357544 (7.0,1.0) (0,0) 1e-07 -0.09836865556357544 
4.0 (8.041190147399902,2.5185773372650146) (0.7820340991020203,0.10681284964084625) 0.5 -0.09836865556357544 (10.0,3.3765706295585742) 3.0 0.13574342605527315 (7.0,5.0) (0,0) 1e-07 -0.09836865556357544 (7.0,1.0) (0,0) 1e-07 -0.09836865556357544 
5.0 (8.82168960571289,2.627039909362793) (0.7804995775222778,0.10846267640590668) 0.5 -0.09836865556357544 (10.0,3.3765706295585742) 3.0 0.13808138820100777 (7.0,5.0) (0,0) 1e-07 -0.09836865556357544 (7.0,1.0) (0,0) 1e-07 -0.09836865556357544 
6.0 (9.506780624389648,2.722177028656006) (0.685091495513916,0.09513713419437408) 0.5 -0.09836865556357544 (10.0,3.3765706295585742) 3.0 0.1379853129293118 (7.0,5.0) (0,0) 1e-07 -0.09836865556357544 (7.0,1.0) (0,0) 1e-07 -0.09836865556357544 
7.0 (10.281647682189941,2.8326430320739746) (0.7748672366142273,0.1104658991098404) 0.5 -0.09836865556357544 (10.0,3.3765706295585742) 3.0 0.14160688707447203 (7.0,5.0) (0,0) 1e-07 -0.09836865556357544 (7.0,1.0) (0,0) 1e-07 -0.09836865556357544 
