[[(7.0, 6.0), (0, 6.0), (0, 5.0), (7.0, 5.0)], [(7.0, 1.0), (0, 1.0), (0, 0), (7.0, 0)]]
timestamp position0 velocity0 radius0 heading0 goal pref_speed theta position1 velocity1 radius1 heading1 position2 velocity2 radius2 heading2 position3 velocity3 radius3 heading3 position4 velocity4 radius4 heading4 position5 velocity5 radius5 heading5 position6 velocity6 radius6 heading6 
0.0 (6.0,2.982179641723633) (0.0,0.0) 0.5 -0.18755614989397648 (10.0,2.7472281928556583) 3.0 0.0 (6.0,5.0) (0,0) 1e-07 -0.18755614989397648 (6.0,1.0) (0,0) 1e-07 -0.18755614989397648 
1.0 (6.179272651672363,2.8281967639923096) (0.17927280068397522,-0.15398277342319489) 0.5 -0.18755614989397648 (10.0,2.7472281928556583) 3.0 -0.7096555555122596 (6.179272651672363,5.0) (0,0) 1e-07 -0.18755614989397648 (6.179272651672363,1.0) (0,0) 1e-07 -0.18755614989397648 
2.0 (6.579833507537842,2.5900769233703613) (0.4005608558654785,-0.23811981081962585) 0.5 -0.18755614989397648 (10.0,2.7472281928556583) 3.0 -0.5363404482876145 (6.579833507537842,5.0) (0,0) 1e-07 -0.18755614989397648 (6.579833507537842,1.0) (0,0) 1e-07 -0.18755614989397648 
3.0 (7.329120635986328,2.5362985134124756) (0.7492868900299072,-0.053778357803821564) 0.5 -0.18755614989397648 (10.0,2.7472281928556583) 3.0 -0.07164985755229301 (7.0,5.0) (0,0) 1e-07 -0.18755614989397648 (7.0,1.0) (0,0) 1e-07 -0.18755614989397648 
4.0 (8.138553619384766,2.6254405975341797) (0.809433102607727,0.08914200961589813) 0.5 -0.18755614989397648 (10.0,2.7472281928556583) 3.0 0.10968692349661946 (7.0,5.0) (0,0) 1e-07 -0.18755614989397648 (7.0,1.0) (0,0) 1e-07 -0.18755614989397648 
5.0 (8.79345703125,2.6945433616638184) (0.6549036502838135,0.06910277903079987) 0.5 -0.18755614989397648 (10.0,2.7472281928556583) 3.0 0.10512695122677503 (7.0,5.0) (0,0) 1e-07 -0.18755614989397648 (7.0,1.0) (0,0) 1e-07 -0.18755614989397648 
6.0 (9.448392868041992,2.7636616230010986) (0.6549359560012817,0.06911817193031311) 0.5 -0.18755614989397648 (10.0,2.7472281928556583) 3.0 0.10514504788317577 (7.0,5.0) (0,0) 1e-07 -0.18755614989397648 (7.0,1.0) (0,0) 1e-07 -0.18755614989397648 
7.0 (10.103482246398926,2.832836627960205) (0.6550891399383545,0.06917490065097809) 0.5 -0.18755614989397648 (10.0,2.7472281928556583) 3.0 0.10520628462046812 (7.0,5.0) (0,0) 1e-07 -0.18755614989397648 (7.0,1.0) (0,0) 1e-07 -0.18755614989397648 
