[[(7.0, 6.0), (0, 6.0), (0, 5.0), (7.0, 5.0)], [(7.0, 1.0), (0, 1.0), (0, 0), (7.0, 0)]]
timestamp position0 velocity0 radius0 heading0 goal pref_speed theta position1 velocity1 radius1 heading1 position2 velocity2 radius2 heading2 position3 velocity3 radius3 heading3 position4 velocity4 radius4 heading4 position5 velocity5 radius5 heading5 position6 velocity6 radius6 heading6 
0.0 (6.0,3.0577969551086426) (0.0,0.0) 0.5 -0.052385995170477595 (10.0,3.3482503668567922) 3.0 0.0 (6.0,5.0) (0,0) 1e-07 -0.052385995170477595 (6.0,1.0) (0,0) 1e-07 -0.052385995170477595 
1.0 (6.193140983581543,2.900198221206665) (0.19314104318618774,-0.15759879350662231) 0.5 -0.052385995170477595 (10.0,3.3482503668567922) 3.0 -0.6844078242389314 (6.193140983581543,5.0) (0,0) 1e-07 -0.052385995170477595 (6.193140983581543,1.0) (0,0) 1e-07 -0.052385995170477595 
2.0 (6.5770440101623535,2.6896791458129883) (0.3839029371738434,-0.2105189859867096) 0.5 -0.052385995170477595 (10.0,3.3482503668567922) 3.0 -0.5015871698537885 (6.5770440101623535,5.0) (0,0) 1e-07 -0.052385995170477595 (6.5770440101623535,1.0) (0,0) 1e-07 -0.052385995170477595 
3.0 (6.987022876739502,2.5915236473083496) (0.4099787473678589,-0.09815558791160583) 0.5 -0.052385995170477595 (10.0,3.3482503668567922) 3.0 -0.23499298184755057 (6.987022876739502,5.0) (0,0) 1e-07 -0.052385995170477595 (6.987022876739502,1.0) (0,0) 1e-07 -0.052385995170477595 
4.0 (7.775908470153809,2.685621738433838) (0.7888857126235962,0.09409797191619873) 0.5 -0.052385995170477595 (10.0,3.3482503668567922) 3.0 0.11871869169543968 (7.0,5.0) (0,0) 1e-07 -0.052385995170477595 (7.0,1.0) (0,0) 1e-07 -0.052385995170477595 
5.0 (8.464116096496582,2.778503894805908) (0.6882078051567078,0.0928821861743927) 0.5 -0.052385995170477595 (10.0,3.3482503668567922) 3.0 0.1341518137374017 (7.0,5.0) (0,0) 1e-07 -0.052385995170477595 (7.0,1.0) (0,0) 1e-07 -0.052385995170477595 
6.0 (9.13603687286377,2.867018461227417) (0.6719204783439636,0.08851452171802521) 0.5 -0.052385995170477595 (10.0,3.3482503668567922) 3.0 0.13097944033934686 (7.0,5.0) (0,0) 1e-07 -0.052385995170477595 (7.0,1.0) (0,0) 1e-07 -0.052385995170477595 
7.0 (9.808127403259277,2.9555864334106445) (0.6720905303955078,0.08856794238090515) 0.5 -0.052385995170477595 (10.0,3.3482503668567922) 3.0 0.1310248059417243 (7.0,5.0) (0,0) 1e-07 -0.052385995170477595 (7.0,1.0) (0,0) 1e-07 -0.052385995170477595 
