[[(7.0, 6.0), (0, 6.0), (0, 5.0), (7.0, 5.0)], [(7.0, 1.0), (0, 1.0), (0, 0), (7.0, 0)]]
timestamp position0 velocity0 radius0 heading0 goal pref_speed theta position1 velocity1 radius1 heading1 position2 velocity2 radius2 heading2 position3 velocity3 radius3 heading3 position4 velocity4 radius4 heading4 position5 velocity5 radius5 heading5 position6 velocity6 radius6 heading6 
0.0 (6.0,2.956352710723877) (0.0,0.0) 0.5 -0.3481222637829681 (10.0,2.5559473033154996) 3.0 0.0 (6.0,5.0) (0,0) 1e-07 -0.3481222637829681 (6.0,1.0) (0,0) 1e-07 -0.3481222637829681 
1.0 (6.178493976593018,2.787822723388672) (0.17849397659301758,-0.16853003203868866) 0.5 -0.3481222637829681 (10.0,2.5559473033154996) 3.0 -0.7566934987833517 (6.178493976593018,5.0) (0,0) 1e-07 -0.3481222637829681 (6.178493976593018,1.0) (0,0) 1e-07 -0.3481222637829681 
2.0 (6.4365034103393555,2.6493637561798096) (0.25800925493240356,-0.1384589821100235) 0.5 -0.3481222637829681 (10.0,2.5559473033154996) 3.0 -0.4925308801170459 (6.4365034103393555,5.0) (0,0) 1e-07 -0.3481222637829681 (6.4365034103393555,1.0) (0,0) 1e-07 -0.3481222637829681 
3.0 (6.917051315307617,2.5483367443084717) (0.48054808378219604,-0.10102702677249908) 0.5 -0.3481222637829681 (10.0,2.5559473033154996) 3.0 -0.20721526568379883 (6.917051315307617,5.0) (0,0) 1e-07 -0.3481222637829681 (6.917051315307617,1.0) (0,0) 1e-07 -0.3481222637829681 
4.0 (7.523190021514893,2.56839919090271) (0.6061388850212097,0.020062550902366638) 0.5 -0.3481222637829681 (10.0,2.5559473033154996) 3.0 0.033086854797702354 (7.0,5.0) (0,0) 1e-07 -0.3481222637829681 (7.0,1.0) (0,0) 1e-07 -0.3481222637829681 
5.0 (8.325448036193848,2.659820079803467) (0.8022577166557312,0.09142077714204788) 0.5 -0.3481222637829681 (10.0,2.5559473033154996) 3.0 0.11346492809996357 (7.0,5.0) (0,0) 1e-07 -0.3481222637829681 (7.0,1.0) (0,0) 1e-07 -0.3481222637829681 
6.0 (8.978927612304688,2.7272884845733643) (0.6534799933433533,0.06746843457221985) 0.5 -0.3481222637829681 (10.0,2.5559473033154996) 3.0 0.10288031828399044 (7.0,5.0) (0,0) 1e-07 -0.3481222637829681 (7.0,1.0) (0,0) 1e-07 -0.3481222637829681 
7.0 (9.632411003112793,2.7947583198547363) (0.6534836292266846,0.0674697756767273) 0.5 -0.3481222637829681 (10.0,2.5559473033154996) 3.0 0.1028817804976476 (7.0,5.0) (0,0) 1e-07 -0.3481222637829681 (7.0,1.0) (0,0) 1e-07 -0.3481222637829681 
