[[(7.0, 6.0), (0, 6.0), (0, 5.0), (7.0, 5.0)], [(7.0, 1.0), (0, 1.0), (0, 0), (7.0, 0)]]
timestamp position0 velocity0 radius0 heading0 goal pref_speed theta position1 velocity1 radius1 heading1 position2 velocity2 radius2 heading2 position3 velocity3 radius3 heading3 position4 velocity4 radius4 heading4 position5 velocity5 radius5 heading5 position6 velocity6 radius6 heading6 
0.0 (6.0,2.9469282627105713) (0.0,0.0) 0.5 -0.3187147582692031 (10.0,2.5689851397475123) 3.0 0.0 (6.0,5.0) (0,0) 1e-07 -0.3187147582692031 (6.0,1.0) (0,0) 1e-07 -0.3187147582692031 
1.0 (6.15537166595459,2.7680015563964844) (0.15537184476852417,-0.17892666161060333) 0.5 -0.3187147582692031 (10.0,2.5689851397475123) 3.0 -0.8557423361940938 (6.15537166595459,5.0) (0,0) 1e-07 -0.3187147582692031 (6.15537166595459,1.0) (0,0) 1e-07 -0.3187147582692031 
2.0 (6.4133806228637695,2.629542589187622) (0.2580089569091797,-0.13845907151699066) 0.5 -0.3187147582692031 (10.0,2.5689851397475123) 3.0 -0.4925316304333125 (6.4133806228637695,5.0) (0,0) 1e-07 -0.3187147582692031 (6.4133806228637695,1.0) (0,0) 1e-07 -0.3187147582692031 
3.0 (6.878171920776367,2.5246381759643555) (0.46479135751724243,-0.10490447282791138) 0.5 -0.3187147582692031 (10.0,2.5689851397475123) 3.0 -0.22198278954399372 (6.878171920776367,5.0) (0,0) 1e-07 -0.3187147582692031 (6.878171920776367,1.0) (0,0) 1e-07 -0.3187147582692031 
4.0 (7.454523086547852,2.5340282917022705) (0.5763511061668396,0.009390044957399368) 0.5 -0.3187147582692031 (10.0,2.5689851397475123) 3.0 0.016290789014139863 (7.0,5.0) (0,0) 1e-07 -0.3187147582692031 (7.0,1.0) (0,0) 1e-07 -0.3187147582692031 
5.0 (8.260988235473633,2.623187303543091) (0.8064649701118469,0.08915907889604568) 0.5 -0.3187147582692031 (10.0,2.5689851397475123) 3.0 0.11010827998553353 (7.0,5.0) (0,0) 1e-07 -0.3187147582692031 (7.0,1.0) (0,0) 1e-07 -0.3187147582692031 
6.0 (8.912483215332031,2.6884307861328125) (0.6514949798583984,0.06524354219436646) 0.5 -0.3187147582692031 (10.0,2.5689851397475123) 3.0 0.09981157261982068 (7.0,5.0) (0,0) 1e-07 -0.3187147582692031 (7.0,1.0) (0,0) 1e-07 -0.3187147582692031 
7.0 (9.564069747924805,2.753709077835083) (0.651586651802063,0.06527828425168991) 0.5 -0.3187147582692031 (10.0,2.5689851397475123) 3.0 0.09985041276807469 (7.0,5.0) (0,0) 1e-07 -0.3187147582692031 (7.0,1.0) (0,0) 1e-07 -0.3187147582692031 
