[[(7.0, 6.0), (0, 6.0), (0, 5.0), (7.0, 5.0)], [(7.0, 1.0), (0, 1.0), (0, 0), (7.0, 0)]]
timestamp position0 velocity0 radius0 heading0 goal pref_speed theta position1 velocity1 radius1 heading1 position2 velocity2 radius2 heading2 position3 velocity3 radius3 heading3 position4 velocity4 radius4 heading4 position5 velocity5 radius5 heading5 position6 velocity6 radius6 heading6 
0.0 (6.0,3.400966167449951) (0.0,0.0) 0.5 -0.2665393758403751 (10.0,2.886016827479869) 3.0 0.0 (6.0,5.0) (0,0) 1e-07 -0.2665393758403751 (6.0,1.0) (0,0) 1e-07 -0.2665393758403751 
1.0 (6.0396318435668945,3.242784023284912) (0.03963205963373184,-0.1581822633743286) 0.5 -0.2665393758403751 (10.0,2.886016827479869) 3.0 -1.3253030962379622 (6.0396318435668945,5.0) (0,0) 1e-07 -0.2665393758403751 (6.0396318435668945,1.0) (0,0) 1e-07 -0.2665393758403751 
2.0 (6.2556962966918945,3.0863170623779297) (0.21606454253196716,-0.15646705031394958) 0.5 -0.2665393758403751 (10.0,2.886016827479869) 3.0 -0.626762695209313 (6.2556962966918945,5.0) (0,0) 1e-07 -0.2665393758403751 (6.2556962966918945,1.0) (0,0) 1e-07 -0.2665393758403751 
3.0 (6.515446186065674,2.9482672214508057) (0.2597499489784241,-0.13804976642131805) 0.5 -0.2665393758403751 (10.0,2.886016827479869) 3.0 -0.48850689596131475 (6.515446186065674,5.0) (0,0) 1e-07 -0.2665393758403751 (6.515446186065674,1.0) (0,0) 1e-07 -0.2665393758403751 
4.0 (6.995995998382568,2.856612205505371) (0.48054996132850647,-0.09165489673614502) 0.5 -0.2665393758403751 (10.0,2.886016827479869) 3.0 -0.18846561936998343 (6.995995998382568,5.0) (0,0) 1e-07 -0.2665393758403751 (6.995995998382568,1.0) (0,0) 1e-07 -0.2665393758403751 
5.0 (7.6934990882873535,2.7920925617218018) (0.6975029706954956,-0.06451968848705292) 0.5 -0.2665393758403751 (10.0,2.886016827479869) 3.0 -0.09223847190444873 (7.0,5.0) (0,0) 1e-07 -0.2665393758403751 (7.0,1.0) (0,0) 1e-07 -0.2665393758403751 
6.0 (7.938543319702148,2.653538227081299) (0.24504417181015015,-0.1385544240474701) 0.5 -0.2665393758403751 (10.0,2.886016827479869) 3.0 -0.5146096409021645 (7.0,5.0) (0,0) 1e-07 -0.2665393758403751 (7.0,1.0) (0,0) 1e-07 -0.2665393758403751 
7.0 (8.183588027954102,2.514983654022217) (0.24504470825195312,-0.13855460286140442) 0.5 -0.2665393758403751 (10.0,2.886016827479869) 3.0 -0.5146092559011266 (7.0,5.0) (0,0) 1e-07 -0.2665393758403751 (7.0,1.0) (0,0) 1e-07 -0.2665393758403751 
8.0 (8.864026069641113,2.3989241123199463) (0.6804383397102356,-0.11605964601039886) 0.5 -0.2665393758403751 (10.0,2.886016827479869) 3.0 -0.16894020793112885 (7.0,5.0) (0,0) 1e-07 -0.2665393758403751 (7.0,1.0) (0,0) 1e-07 -0.2665393758403751 
9.0 (9.684831619262695,2.4683570861816406) (0.8208052515983582,0.06943308562040329) 0.5 -0.2665393758403751 (10.0,2.886016827479869) 3.0 0.08439051602369863 (7.0,5.0) (0,0) 1e-07 -0.2665393758403751 (7.0,1.0) (0,0) 1e-07 -0.2665393758403751 
10.0 (10.482817649841309,2.5578956604003906) (0.797985851764679,0.08953848481178284) 0.5 -0.2665393758403751 (10.0,2.886016827479869) 3.0 0.11173823671772157 (7.0,5.0) (0,0) 1e-07 -0.2665393758403751 (7.0,1.0) (0,0) 1e-07 -0.2665393758403751 
