[[(7.0, 6.0), (0, 6.0), (0, 5.0), (7.0, 5.0)], [(7.0, 1.0), (0, 1.0), (0, 0), (7.0, 0)]]
timestamp position0 velocity0 radius0 heading0 goal pref_speed theta position1 velocity1 radius1 heading1 position2 velocity2 radius2 heading2 position3 velocity3 radius3 heading3 position4 velocity4 radius4 heading4 position5 velocity5 radius5 heading5 position6 velocity6 radius6 heading6 
0.0 (6.0,3.271873712539673) (0.0,0.0) 0.5 -0.24699469289304793 (10.0,2.8714202956036274) 3.0 0.0 (6.0,5.0) (0,0) 1e-07 -0.24699469289304793 (6.0,1.0) (0,0) 1e-07 -0.24699469289304793 
1.0 (6.101558685302734,3.1050992012023926) (0.10155880451202393,-0.1667744517326355) 0.5 -0.24699469289304793 (10.0,2.8714202956036274) 3.0 -1.023815350205519 (6.101558685302734,5.0) (0,0) 1e-07 -0.24699469289304793 (6.101558685302734,1.0) (0,0) 1e-07 -0.24699469289304793 
2.0 (6.345210552215576,2.959700107574463) (0.24365165829658508,-0.1453990638256073) 0.5 -0.24699469289304793 (10.0,2.8714202956036274) 3.0 -0.5380261761574874 (6.345210552215576,5.0) (0,0) 1e-07 -0.24699469289304793 (6.345210552215576,1.0) (0,0) 1e-07 -0.24699469289304793 
3.0 (6.757086753845215,2.855652332305908) (0.4118764400482178,-0.1040477454662323) 0.5 -0.24699469289304793 (10.0,2.8714202956036274) 3.0 -0.2474419239272828 (6.757086753845215,5.0) (0,0) 1e-07 -0.24699469289304793 (6.757086753845215,1.0) (0,0) 1e-07 -0.24699469289304793 
4.0 (7.459617614746094,2.800544500350952) (0.702531099319458,-0.05510779842734337) 0.5 -0.24699469289304793 (10.0,2.8714202956036274) 3.0 -0.0782814963469603 (7.0,5.0) (0,0) 1e-07 -0.24699469289304793 (7.0,1.0) (0,0) 1e-07 -0.24699469289304793 
5.0 (8.186366081237793,2.735294818878174) (0.7267488837242126,-0.06524968147277832) 0.5 -0.24699469289304793 (10.0,2.8714202956036274) 3.0 -0.08954289509813083 (7.0,5.0) (0,0) 1e-07 -0.24699469289304793 (7.0,1.0) (0,0) 1e-07 -0.24699469289304793 
6.0 (8.386486053466797,2.5946710109710693) (0.2001204490661621,-0.14062383770942688) 0.5 -0.24699469289304793 (10.0,2.8714202956036274) 3.0 -0.6125330649798061 (7.0,5.0) (0,0) 1e-07 -0.24699469289304793 (7.0,1.0) (0,0) 1e-07 -0.24699469289304793 
7.0 (8.586612701416016,2.4540488719940186) (0.2001270055770874,-0.140622079372406) 0.5 -0.24699469289304793 (10.0,2.8714202956036274) 3.0 -0.6125117712841158 (7.0,5.0) (0,0) 1e-07 -0.24699469289304793 (7.0,1.0) (0,0) 1e-07 -0.24699469289304793 
8.0 (9.22249984741211,2.290372133255005) (0.635887622833252,-0.16367672383785248) 0.5 -0.24699469289304793 (10.0,2.8714202956036274) 3.0 -0.25193004470476527 (7.0,5.0) (0,0) 1e-07 -0.24699469289304793 (7.0,1.0) (0,0) 1e-07 -0.24699469289304793 
9.0 (10.027237892150879,2.374030590057373) (0.8047381639480591,0.08365854620933533) 0.5 -0.24699469289304793 (10.0,2.8714202956036274) 3.0 0.10358538818097408 (7.0,5.0) (0,0) 1e-07 -0.24699469289304793 (7.0,1.0) (0,0) 1e-07 -0.24699469289304793 
