[[(7.0, 6.0), (0, 6.0), (0, 5.0), (7.0, 5.0)], [(7.0, 1.0), (0, 1.0), (0, 0), (7.0, 0)]]
timestamp position0 velocity0 radius0 heading0 goal pref_speed theta position1 velocity1 radius1 heading1 position2 velocity2 radius2 heading2 position3 velocity3 radius3 heading3 position4 velocity4 radius4 heading4 position5 velocity5 radius5 heading5 position6 velocity6 radius6 heading6 
0.0 (6.0,2.864798069000244) (0.0,0.0) 0.5 -0.10482693722290387 (10.0,2.9176259540310956) 3.0 0.0 (6.0,5.0) (0,0) 1e-07 -0.10482693722290387 (6.0,1.0) (0,0) 1e-07 -0.10482693722290387 
1.0 (6.148277759552002,2.7381999492645264) (0.14827772974967957,-0.12659816443920135) 0.5 -0.10482693722290387 (10.0,2.9176259540310956) 3.0 -0.7066907177344044 (6.148277759552002,5.0) (0,0) 1e-07 -0.10482693722290387 (6.148277759552002,1.0) (0,0) 1e-07 -0.10482693722290387 
2.0 (6.415133476257324,2.6097989082336426) (0.26685547828674316,-0.12840093672275543) 0.5 -0.10482693722290387 (10.0,2.9176259540310956) 3.0 -0.44846462799353665 (6.415133476257324,5.0) (0,0) 1e-07 -0.10482693722290387 (6.415133476257324,1.0) (0,0) 1e-07 -0.10482693722290387 
3.0 (6.894020080566406,2.5319557189941406) (0.47888657450675964,-0.07784326374530792) 0.5 -0.10482693722290387 (10.0,2.9176259540310956) 3.0 -0.1611411285675153 (6.894020080566406,5.0) (0,0) 1e-07 -0.10482693722290387 (6.894020080566406,1.0) (0,0) 1e-07 -0.10482693722290387 
4.0 (7.6624956130981445,2.617243766784668) (0.7684755921363831,0.08528804033994675) 0.5 -0.10482693722290387 (10.0,2.9176259540310956) 3.0 0.11053107385581526 (7.0,5.0) (0,0) 1e-07 -0.10482693722290387 (7.0,1.0) (0,0) 1e-07 -0.10482693722290387 
5.0 (8.52027702331543,2.6930580139160156) (0.8577815294265747,0.07581418752670288) 0.5 -0.10482693722290387 (10.0,2.9176259540310956) 3.0 0.08815495740932092 (7.0,5.0) (0,0) 1e-07 -0.10482693722290387 (7.0,1.0) (0,0) 1e-07 -0.10482693722290387 
6.0 (9.301105499267578,2.801257371902466) (0.7808283567428589,0.1081993579864502) 0.5 -0.10482693722290387 (10.0,2.9176259540310956) 3.0 0.13769312173533185 (7.0,5.0) (0,0) 1e-07 -0.10482693722290387 (7.0,1.0) (0,0) 1e-07 -0.10482693722290387 
7.0 (10.084208488464355,2.9078357219696045) (0.7831029891967773,0.10657842457294464) 0.5 -0.10482693722290387 (10.0,2.9176259540310956) 3.0 0.13526650891308878 (7.0,5.0) (0,0) 1e-07 -0.10482693722290387 (7.0,1.0) (0,0) 1e-07 -0.10482693722290387 
