[[(7.0, 6.0), (0, 6.0), (0, 5.0), (7.0, 5.0)], [(7.0, 1.0), (0, 1.0), (0, 0), (7.0, 0)]]
timestamp position0 velocity0 radius0 heading0 goal pref_speed theta position1 velocity1 radius1 heading1 position2 velocity2 radius2 heading2 position3 velocity3 radius3 heading3 position4 velocity4 radius4 heading4 position5 velocity5 radius5 heading5 position6 velocity6 radius6 heading6 
0.0 (6.0,2.8040809631347656) (0.0,0.0) 0.5 -0.07619142124897965 (10.0,2.8827796447842626) 3.0 0.0 (6.0,5.0) (0,0) 1e-07 -0.07619142124897965 (6.0,1.0) (0,0) 1e-07 -0.07619142124897965 
1.0 (6.206143856048584,2.700925350189209) (0.2061438262462616,-0.10315561294555664) 0.5 -0.07619142124897965 (10.0,2.8827796447842626) 3.0 -0.46397237731225927 (6.206143856048584,5.0) (0,0) 1e-07 -0.07619142124897965 (6.206143856048584,1.0) (0,0) 1e-07 -0.07619142124897965 
2.0 (6.582808494567871,2.5784366130828857) (0.37666481733322144,-0.12248869240283966) 0.5 -0.07619142124897965 (10.0,2.8827796447842626) 3.0 -0.3144062841147912 (6.582808494567871,5.0) (0,0) 1e-07 -0.07619142124897965 (6.582808494567871,1.0) (0,0) 1e-07 -0.07619142124897965 
3.0 (7.2877092361450195,2.571518659591675) (0.704900860786438,-0.00691787526011467) 0.5 -0.07619142124897965 (10.0,2.8827796447842626) 3.0 -0.009813654035229697 (7.0,5.0) (0,0) 1e-07 -0.07619142124897965 (7.0,1.0) (0,0) 1e-07 -0.07619142124897965 
4.0 (8.096524238586426,2.663074254989624) (0.8088154196739197,0.09155549108982086) 0.5 -0.07619142124897965 (10.0,2.8827796447842626) 3.0 0.1127172125540417 (7.0,5.0) (0,0) 1e-07 -0.07619142124897965 (7.0,1.0) (0,0) 1e-07 -0.07619142124897965 
5.0 (8.76051139831543,2.7424614429473877) (0.6639872789382935,0.07938715815544128) 0.5 -0.07619142124897965 (10.0,2.8827796447842626) 3.0 0.1189963954215785 (7.0,5.0) (0,0) 1e-07 -0.07619142124897965 (7.0,1.0) (0,0) 1e-07 -0.07619142124897965 
6.0 (9.424508094787598,2.8218560218811035) (0.6639969348907471,0.07939453423023224) 0.5 -0.07619142124897965 (10.0,2.8827796447842626) 3.0 0.11900563327519674 (7.0,5.0) (0,0) 1e-07 -0.07619142124897965 (7.0,1.0) (0,0) 1e-07 -0.07619142124897965 
7.0 (10.089699745178223,2.9016923904418945) (0.6651914119720459,0.07983645796775818) 0.5 -0.07619142124897965 (10.0,2.8827796447842626) 3.0 0.11944891578580084 (7.0,5.0) (0,0) 1e-07 -0.07619142124897965 (7.0,1.0) (0,0) 1e-07 -0.07619142124897965 
