[[(7.0, 6.0), (0, 6.0), (0, 5.0), (7.0, 5.0)], [(7.0, 1.0), (0, 1.0), (0, 0), (7.0, 0)]]
timestamp position0 velocity0 radius0 heading0 goal pref_speed theta position1 velocity1 radius1 heading1 position2 velocity2 radius2 heading2 position3 velocity3 radius3 heading3 position4 velocity4 radius4 heading4 position5 velocity5 radius5 heading5 position6 velocity6 radius6 heading6 
0.0 (6.0,3.211395740509033) (0.0,0.0) 0.5 -0.1986542624449868 (10.0,2.535019023214474) 3.0 0.0 (6.0,5.0) (0,0) 1e-07 -0.1986542624449868 (6.0,1.0) (0,0) 1e-07 -0.1986542624449868 
1.0 (6.151626110076904,3.0516231060028076) (0.15162615478038788,-0.15977263450622559) 0.5 -0.1986542624449868 (10.0,2.535019023214474) 3.0 -0.8115531206479207 (6.151626110076904,5.0) (0,0) 1e-07 -0.1986542624449868 (6.151626110076904,1.0) (0,0) 1e-07 -0.1986542624449868 
2.0 (6.434459686279297,2.9199204444885254) (0.282833456993103,-0.13170267641544342) 0.5 -0.1986542624449868 (10.0,2.535019023214474) 3.0 -0.4357956915673265 (6.434459686279297,5.0) (0,0) 1e-07 -0.1986542624449868 (6.434459686279297,1.0) (0,0) 1e-07 -0.1986542624449868 
3.0 (7.003427505493164,2.8351922035217285) (0.5689678192138672,-0.08472824096679688) 0.5 -0.1986542624449868 (10.0,2.535019023214474) 3.0 -0.1478293390153082 (7.0,5.0) (0,0) 1e-07 -0.1986542624449868 (7.0,1.0) (0,0) 1e-07 -0.1986542624449868 
4.0 (7.751114845275879,2.8116419315338135) (0.7476875185966492,-0.023550361394882202) 0.5 -0.1986542624449868 (10.0,2.535019023214474) 3.0 -0.03148718862826444 (7.0,5.0) (0,0) 1e-07 -0.1986542624449868 (7.0,1.0) (0,0) 1e-07 -0.1986542624449868 
5.0 (8.483513832092285,2.7587156295776367) (0.7323987483978271,-0.05292636528611183) 0.5 -0.1986542624449868 (10.0,2.535019023214474) 3.0 -0.07213901344672544 (7.0,5.0) (0,0) 1e-07 -0.1986542624449868 (7.0,1.0) (0,0) 1e-07 -0.1986542624449868 
6.0 (8.688764572143555,2.6194427013397217) (0.20525044202804565,-0.13927283883094788) 0.5 -0.1986542624449868 (10.0,2.535019023214474) 3.0 -0.596184973719139 (7.0,5.0) (0,0) 1e-07 -0.1986542624449868 (7.0,1.0) (0,0) 1e-07 -0.1986542624449868 
7.0 (8.894017219543457,2.480170488357544) (0.20525282621383667,-0.13927218317985535) 0.5 -0.1986542624449868 (10.0,2.535019023214474) 3.0 -0.5961773894119109 (7.0,5.0) (0,0) 1e-07 -0.1986542624449868 (7.0,1.0) (0,0) 1e-07 -0.1986542624449868 
8.0 (9.526152610778809,2.3232765197753906) (0.632135808467865,-0.1568940281867981) 0.5 -0.1986542624449868 (10.0,2.535019023214474) 3.0 -0.24328073057663677 (7.0,5.0) (0,0) 1e-07 -0.1986542624449868 (7.0,1.0) (0,0) 1e-07 -0.1986542624449868 
9.0 (10.343940734863281,2.3959829807281494) (0.8177878856658936,0.07270652055740356) 0.5 -0.1986542624449868 (10.0,2.535019023214474) 3.0 0.0886731873474129 (7.0,5.0) (0,0) 1e-07 -0.1986542624449868 (7.0,1.0) (0,0) 1e-07 -0.1986542624449868 
