[[(7.0, 6.0), (0, 6.0), (0, 5.0), (7.0, 5.0)], [(7.0, 1.0), (0, 1.0), (0, 0), (7.0, 0)]]
timestamp position0 velocity0 radius0 heading0 goal pref_speed theta position1 velocity1 radius1 heading1 position2 velocity2 radius2 heading2 position3 velocity3 radius3 heading3 position4 velocity4 radius4 heading4 position5 velocity5 radius5 heading5 position6 velocity6 radius6 heading6 
0.0 (6.0,2.5626769065856934) (0.0,0.0) 0.5 -0.36134058402466973 (10.0,3.186259121436757) 3.0 0.0 (6.0,5.0) (0,0) 1e-07 -0.36134058402466973 (6.0,1.0) (0,0) 1e-07 -0.36134058402466973 
1.0 (6.180736541748047,2.539777994155884) (0.18073636293411255,-0.022898972034454346) 0.5 -0.36134058402466973 (10.0,3.186259121436757) 3.0 -0.12602671838903307 (6.180736541748047,5.0) (0,0) 1e-07 -0.36134058402466973 (6.180736541748047,1.0) (0,0) 1e-07 -0.36134058402466973 
2.0 (6.600076198577881,2.438044548034668) (0.41933971643447876,-0.10173340886831284) 0.5 -0.36134058402466973 (10.0,3.186259121436757) 3.0 -0.23800551167406353 (6.600076198577881,5.0) (0,0) 1e-07 -0.36134058402466973 (6.600076198577881,1.0) (0,0) 1e-07 -0.36134058402466973 
3.0 (7.29021692276001,2.4737021923065186) (0.6901407837867737,0.035657718777656555) 0.5 -0.36134058402466973 (10.0,3.186259121436757) 3.0 0.05162140940088685 (7.0,5.0) (0,0) 1e-07 -0.36134058402466973 (7.0,1.0) (0,0) 1e-07 -0.36134058402466973 
4.0 (8.071600914001465,2.58115816116333) (0.781384289264679,0.10745590925216675) 0.5 -0.36134058402466973 (10.0,3.186259121436757) 3.0 0.1366627182192111 (7.0,5.0) (0,0) 1e-07 -0.36134058402466973 (7.0,1.0) (0,0) 1e-07 -0.36134058402466973 
5.0 (8.852031707763672,2.689689874649048) (0.7804310321807861,0.10853166878223419) 0.5 -0.36134058402466973 (10.0,3.186259121436757) 3.0 0.13818008904816326 (7.0,5.0) (0,0) 1e-07 -0.36134058402466973 (7.0,1.0) (0,0) 1e-07 -0.36134058402466973 
6.0 (9.632295608520508,2.7984142303466797) (0.7802640199661255,0.108724445104599) 0.5 -0.36134058402466973 (10.0,3.186259121436757) 3.0 0.13845165864230788 (7.0,5.0) (0,0) 1e-07 -0.36134058402466973 (7.0,1.0) (0,0) 1e-07 -0.36134058402466973 
7.0 (10.412567138671875,2.907135009765625) (0.7802714705467224,0.10872071981430054) 0.5 -0.36134058402466973 (10.0,3.186259121436757) 3.0 0.13844567001753197 (7.0,5.0) (0,0) 1e-07 -0.36134058402466973 (7.0,1.0) (0,0) 1e-07 -0.36134058402466973 
