[[(7.0, 6.0), (0, 6.0), (0, 5.0), (7.0, 5.0)], [(7.0, 1.0), (0, 1.0), (0, 0), (7.0, 0)]]
timestamp position0 velocity0 radius0 heading0 goal pref_speed theta position1 velocity1 radius1 heading1 position2 velocity2 radius2 heading2 position3 velocity3 radius3 heading3 position4 velocity4 radius4 heading4 position5 velocity5 radius5 heading5 position6 velocity6 radius6 heading6 
0.0 (6.0,3.0682694911956787) (0.0,0.0) 0.5 -0.12976151811644415 (10.0,2.9048572471789873) 3.0 0.0 (6.0,5.0) (0,0) 1e-07 -0.12976151811644415 (6.0,1.0) (0,0) 1e-07 -0.12976151811644415 
1.0 (6.1340532302856445,2.8841240406036377) (0.13405334949493408,-0.18414534628391266) 0.5 -0.12976151811644415 (10.0,2.9048572471789873) 3.0 -0.9415403688808369 (6.1340532302856445,5.0) (0,0) 1e-07 -0.12976151811644415 (6.1340532302856445,1.0) (0,0) 1e-07 -0.12976151811644415 
2.0 (6.500410079956055,2.615295886993408) (0.36635661125183105,-0.26882827281951904) 0.5 -0.12976151811644415 (10.0,2.9048572471789873) 3.0 -0.633044768777602 (6.500410079956055,5.0) (0,0) 1e-07 -0.12976151811644415 (6.500410079956055,1.0) (0,0) 1e-07 -0.12976151811644415 
3.0 (7.232790946960449,2.574836492538452) (0.7323811054229736,-0.040459390729665756) 0.5 -0.12976151811644415 (10.0,2.9048572471789873) 3.0 -0.055187533993584635 (7.0,5.0) (0,0) 1e-07 -0.12976151811644415 (7.0,1.0) (0,0) 1e-07 -0.12976151811644415 
4.0 (8.041255950927734,2.6637802124023438) (0.8084653615951538,0.08894379436969757) 0.5 -0.12976151811644415 (10.0,2.9048572471789873) 3.0 0.10957493112087621 (7.0,5.0) (0,0) 1e-07 -0.12976151811644415 (7.0,1.0) (0,0) 1e-07 -0.12976151811644415 
5.0 (8.694190979003906,2.73065447807312) (0.6529354453086853,0.06687437742948532) 0.5 -0.12976151811644415 (10.0,2.9048572471789873) 3.0 0.10206521863935593 (7.0,5.0) (0,0) 1e-07 -0.12976151811644415 (7.0,1.0) (0,0) 1e-07 -0.12976151811644415 
6.0 (9.347139358520508,2.797536849975586) (0.6529488563537598,0.06688246130943298) 0.5 -0.12976151811644415 (10.0,2.9048572471789873) 3.0 0.1020753888660495 (7.0,5.0) (0,0) 1e-07 -0.12976151811644415 (7.0,1.0) (0,0) 1e-07 -0.12976151811644415 
7.0 (10.0092134475708,2.8677945137023926) (0.6620739698410034,0.0702577531337738) 0.5 -0.12976151811644415 (10.0,2.9048572471789873) 3.0 0.10572202002886581 (7.0,5.0) (0,0) 1e-07 -0.12976151811644415 (7.0,1.0) (0,0) 1e-07 -0.12976151811644415 
