[[(7.0, 6.0), (0, 6.0), (0, 5.0), (7.0, 5.0)], [(7.0, 1.0), (0, 1.0), (0, 0), (7.0, 0)]]
timestamp position0 velocity0 radius0 heading0 goal pref_speed theta position1 velocity1 radius1 heading1 position2 velocity2 radius2 heading2 position3 velocity3 radius3 heading3 position4 velocity4 radius4 heading4 position5 velocity5 radius5 heading5 position6 velocity6 radius6 heading6 
0.0 (6.0,3.0042073726654053) (0.0,0.0) 0.5 -0.39252535430208135 (10.0,3.448889722224927) 3.0 0.0 (6.0,5.0) (0,0) 1e-07 -0.39252535430208135 (6.0,1.0) (0,0) 1e-07 -0.39252535430208135 
1.0 (6.153381824493408,2.8541178703308105) (0.15338164567947388,-0.15008948743343353) 0.5 -0.39252535430208135 (10.0,3.448889722224927) 3.0 -0.7745502482304683 (6.153381824493408,5.0) (0,0) 1e-07 -0.39252535430208135 (6.153381824493408,1.0) (0,0) 1e-07 -0.39252535430208135 
2.0 (6.469307899475098,2.6886508464813232) (0.3159262239933014,-0.1654670685529709) 0.5 -0.39252535430208135 (10.0,3.448889722224927) 3.0 -0.4824683461387363 (6.469307899475098,5.0) (0,0) 1e-07 -0.39252535430208135 (6.469307899475098,1.0) (0,0) 1e-07 -0.39252535430208135 
3.0 (7.142205715179443,2.7122175693511963) (0.6728976964950562,0.023566780611872673) 0.5 -0.39252535430208135 (10.0,3.448889722224927) 3.0 0.03500851936401628 (7.0,5.0) (0,0) 1e-07 -0.39252535430208135 (7.0,1.0) (0,0) 1e-07 -0.39252535430208135 
4.0 (7.813087463378906,2.7992324829101562) (0.6708816289901733,0.08701498806476593) 0.5 -0.39252535430208135 (10.0,3.448889722224927) 3.0 0.1289823837349932 (7.0,5.0) (0,0) 1e-07 -0.39252535430208135 (7.0,1.0) (0,0) 1e-07 -0.39252535430208135 
5.0 (8.594891548156738,2.90626859664917) (0.7818039655685425,0.10703600943088531) 0.5 -0.39252535430208135 (10.0,3.448889722224927) 3.0 0.13606309549830486 (7.0,5.0) (0,0) 1e-07 -0.39252535430208135 (7.0,1.0) (0,0) 1e-07 -0.39252535430208135 
6.0 (9.375897407531738,3.014179229736328) (0.7810059189796448,0.10791066288948059) 0.5 -0.39252535430208135 (10.0,3.448889722224927) 3.0 0.1372995087024738 (7.0,5.0) (0,0) 1e-07 -0.39252535430208135 (7.0,1.0) (0,0) 1e-07 -0.39252535430208135 
7.0 (10.156462669372559,3.1225759983062744) (0.7805652618408203,0.10839667916297913) 0.5 -0.39252535430208135 (10.0,3.448889722224927) 3.0 0.1379869658754534 (7.0,5.0) (0,0) 1e-07 -0.39252535430208135 (7.0,1.0) (0,0) 1e-07 -0.39252535430208135 
