[[(7.0, 6.0), (0, 6.0), (0, 5.0), (7.0, 5.0)], [(7.0, 1.0), (0, 1.0), (0, 0), (7.0, 0)]]
timestamp position0 velocity0 radius0 heading0 goal pref_speed theta position1 velocity1 radius1 heading1 position2 velocity2 radius2 heading2 position3 velocity3 radius3 heading3 position4 velocity4 radius4 heading4 position5 velocity5 radius5 heading5 position6 velocity6 radius6 heading6 
0.0 (6.0,3.1747264862060547) (0.0,0.0) 0.5 -0.3455228106110078 (10.0,3.1416159028902975) 3.0 0.0 (6.0,5.0) (0,0) 1e-07 -0.3455228106110078 (6.0,1.0) (0,0) 1e-07 -0.3455228106110078 
1.0 (6.10744571685791,3.00876522064209) (0.107445627450943,-0.16596120595932007) 0.5 -0.3455228106110078 (10.0,3.1416159028902975) 3.0 -0.9962410993193115 (6.10744571685791,5.0) (0,0) 1e-07 -0.3455228106110078 (6.10744571685791,1.0) (0,0) 1e-07 -0.3455228106110078 
2.0 (6.319491386413574,2.8708159923553467) (0.21204549074172974,-0.13794922828674316) 0.5 -0.3455228106110078 (10.0,3.1416159028902975) 3.0 -0.5767718210060051 (6.319491386413574,5.0) (0,0) 1e-07 -0.3455228106110078 (6.319491386413574,1.0) (0,0) 1e-07 -0.3455228106110078 
3.0 (6.883289813995361,2.8166892528533936) (0.5637985467910767,-0.05412662401795387) 0.5 -0.3455228106110078 (10.0,3.1416159028902975) 3.0 -0.09571015895550461 (6.883289813995361,5.0) (0,0) 1e-07 -0.3455228106110078 (6.883289813995361,1.0) (0,0) 1e-07 -0.3455228106110078 
4.0 (7.686602592468262,2.8915956020355225) (0.8033125996589661,0.0749063566327095) 0.5 -0.3455228106110078 (10.0,3.1416159028902975) 3.0 0.09297797570580302 (7.0,5.0) (0,0) 1e-07 -0.3455228106110078 (7.0,1.0) (0,0) 1e-07 -0.3455228106110078 
5.0 (8.50487232208252,2.96355938911438) (0.8182694315910339,0.07196371257305145) 0.5 -0.3455228106110078 (10.0,3.1416159028902975) 3.0 0.08772053641224176 (7.0,5.0) (0,0) 1e-07 -0.3455228106110078 (7.0,1.0) (0,0) 1e-07 -0.3455228106110078 
6.0 (9.31598949432373,3.0416927337646484) (0.8111173510551453,0.078133225440979) 0.5 -0.3455228106110078 (10.0,3.1416159028902975) 3.0 0.09603159672181598 (7.0,5.0) (0,0) 1e-07 -0.3455228106110078 (7.0,1.0) (0,0) 1e-07 -0.3455228106110078 
7.0 (10.114633560180664,3.1306815147399902) (0.7986443638801575,0.08898879587650299) 0.5 -0.3455228106110078 (10.0,3.1416159028902975) 3.0 0.11096708301324942 (7.0,5.0) (0,0) 1e-07 -0.3455228106110078 (7.0,1.0) (0,0) 1e-07 -0.3455228106110078 
