[[(7.0, 6.0), (0, 6.0), (0, 5.0), (7.0, 5.0)], [(7.0, 1.0), (0, 1.0), (0, 0), (7.0, 0)]]
timestamp position0 velocity0 radius0 heading0 goal pref_speed theta position1 velocity1 radius1 heading1 position2 velocity2 radius2 heading2 position3 velocity3 radius3 heading3 position4 velocity4 radius4 heading4 position5 velocity5 radius5 heading5 position6 velocity6 radius6 heading6 
0.0 (6.0,2.7785022258758545) (0.0,0.0) 0.5 -0.11199121600908646 (10.0,3.2911660472163904) 3.0 0.0 (6.0,5.0) (0,0) 1e-07 -0.11199121600908646 (6.0,1.0) (0,0) 1e-07 -0.11199121600908646 
1.0 (6.153685569763184,2.664138078689575) (0.1536855399608612,-0.11436422914266586) 0.5 -0.11199121600908646 (10.0,3.2911660472163904) 3.0 -0.6397429594890156 (6.153685569763184,5.0) (0,0) 1e-07 -0.11199121600908646 (6.153685569763184,1.0) (0,0) 1e-07 -0.11199121600908646 
2.0 (6.386791706085205,2.530816078186035) (0.23310619592666626,-0.13332197070121765) 0.5 -0.11199121600908646 (10.0,3.2911660472163904) 3.0 -0.5195290238048487 (6.386791706085205,5.0) (0,0) 1e-07 -0.11199121600908646 (6.386791706085205,1.0) (0,0) 1e-07 -0.11199121600908646 
3.0 (7.019903182983398,2.5344247817993164) (0.6331117153167725,0.003608718514442444) 0.5 -0.11199121600908646 (10.0,3.2911660472163904) 3.0 0.005699909424946857 (7.0,5.0) (0,0) 1e-07 -0.11199121600908646 (7.0,1.0) (0,0) 1e-07 -0.11199121600908646 
4.0 (7.803357124328613,2.6401729583740234) (0.7834538817405701,0.10574807226657867) 0.5 -0.11199121600908646 (10.0,3.2911660472163904) 3.0 0.13416591099514527 (7.0,5.0) (0,0) 1e-07 -0.11199121600908646 (7.0,1.0) (0,0) 1e-07 -0.11199121600908646 
5.0 (8.591681480407715,2.743471145629883) (0.7883242964744568,0.10329809784889221) 0.5 -0.11199121600908646 (10.0,3.2911660472163904) 3.0 0.1302926977461498 (7.0,5.0) (0,0) 1e-07 -0.11199121600908646 (7.0,1.0) (0,0) 1e-07 -0.11199121600908646 
6.0 (9.266538619995117,2.8353400230407715) (0.6748566627502441,0.09186884760856628) 0.5 -0.11199121600908646 (10.0,3.2911660472163904) 3.0 0.13529922322583615 (7.0,5.0) (0,0) 1e-07 -0.11199121600908646 (7.0,1.0) (0,0) 1e-07 -0.11199121600908646 
7.0 (10.048079490661621,2.9428720474243164) (0.7815408110618591,0.10753193497657776) 0.5 -0.11199121600908646 (10.0,3.2911660472163904) 3.0 0.13673115838172292 (7.0,5.0) (0,0) 1e-07 -0.11199121600908646 (7.0,1.0) (0,0) 1e-07 -0.11199121600908646 
