[[(7.0, 6.0), (0, 6.0), (0, 5.0), (7.0, 5.0)], [(7.0, 1.0), (0, 1.0), (0, 0), (7.0, 0)]]
timestamp position0 velocity0 radius0 heading0 goal pref_speed theta position1 velocity1 radius1 heading1 position2 velocity2 radius2 heading2 position3 velocity3 radius3 heading3 position4 velocity4 radius4 heading4 position5 velocity5 radius5 heading5 position6 velocity6 radius6 heading6 
0.0 (6.0,2.7875120639801025) (0.0,0.0) 0.5 -0.2365492694187103 (10.0,3.32854569687083) 3.0 0.0 (6.0,5.0) (0,0) 1e-07 -0.2365492694187103 (6.0,1.0) (0,0) 1e-07 -0.2365492694187103 
1.0 (6.178752899169922,2.666931629180908) (0.17875277996063232,-0.12058047950267792) 0.5 -0.2365492694187103 (10.0,3.32854569687083) 3.0 -0.5934511905272903 (6.178752899169922,5.0) (0,0) 1e-07 -0.2365492694187103 (6.178752899169922,1.0) (0,0) 1e-07 -0.2365492694187103 
2.0 (6.466962814331055,2.5531699657440186) (0.2882099747657776,-0.11376175284385681) 0.5 -0.2365492694187103 (10.0,3.32854569687083) 3.0 -0.3759449160359911 (6.466962814331055,5.0) (0,0) 1e-07 -0.2365492694187103 (6.466962814331055,1.0) (0,0) 1e-07 -0.2365492694187103 
3.0 (7.109443187713623,2.5739691257476807) (0.6424804329872131,0.02079927735030651) 0.5 -0.2365492694187103 (10.0,3.32854569687083) 3.0 0.03236209962195121 (7.0,5.0) (0,0) 1e-07 -0.2365492694187103 (7.0,1.0) (0,0) 1e-07 -0.2365492694187103 
4.0 (7.891268730163574,2.680945873260498) (0.7818257212638855,0.10697667300701141) 0.5 -0.2365492694187103 (10.0,3.32854569687083) 3.0 0.13598485672682128 (7.0,5.0) (0,0) 1e-07 -0.2365492694187103 (7.0,1.0) (0,0) 1e-07 -0.2365492694187103 
5.0 (8.673164367675781,2.787858247756958) (0.7818955183029175,0.10691240429878235) 0.5 -0.2365492694187103 (10.0,3.32854569687083) 3.0 0.13589218034328326 (7.0,5.0) (0,0) 1e-07 -0.2365492694187103 (7.0,1.0) (0,0) 1e-07 -0.2365492694187103 
6.0 (9.348258972167969,2.879969835281372) (0.6750943064689636,0.09211163967847824) 0.5 -0.2365492694187103 (10.0,3.32854569687083) 3.0 0.13560526037296244 (7.0,5.0) (0,0) 1e-07 -0.2365492694187103 (7.0,1.0) (0,0) 1e-07 -0.2365492694187103 
7.0 (10.12903118133545,2.988182544708252) (0.7807720303535461,0.10821272432804108) 0.5 -0.2365492694187103 (10.0,3.32854569687083) 3.0 0.13771972686683315 (7.0,5.0) (0,0) 1e-07 -0.2365492694187103 (7.0,1.0) (0,0) 1e-07 -0.2365492694187103 
