[[(7.0, 6.0), (0, 6.0), (0, 5.0), (7.0, 5.0)], [(7.0, 1.0), (0, 1.0), (0, 0), (7.0, 0)]]
timestamp position0 velocity0 radius0 heading0 goal pref_speed theta position1 velocity1 radius1 heading1 position2 velocity2 radius2 heading2 position3 velocity3 radius3 heading3 position4 velocity4 radius4 heading4 position5 velocity5 radius5 heading5 position6 velocity6 radius6 heading6 
0.0 (6.0,3.1473305225372314) (0.0,0.0) 0.5 -0.049958466979798444 (10.0,3.3441690656641065) 3.0 0.0 (6.0,5.0) (0,0) 1e-07 -0.049958466979798444 (6.0,1.0) (0,0) 1e-07 -0.049958466979798444 
1.0 (6.102504730224609,2.95936918258667) (0.10250487923622131,-0.18796132504940033) 0.5 -0.049958466979798444 (10.0,3.3441690656641065) 3.0 -1.0715294822451282 (6.102504730224609,5.0) (0,0) 1e-07 -0.049958466979798444 (6.102504730224609,1.0) (0,0) 1e-07 -0.049958466979798444 
2.0 (6.406117916107178,2.731393337249756) (0.30361318588256836,-0.2279757559299469) 0.5 -0.049958466979798444 (10.0,3.3441690656641065) 3.0 -0.6440613053579844 (6.406117916107178,5.0) (0,0) 1e-07 -0.049958466979798444 (6.406117916107178,1.0) (0,0) 1e-07 -0.049958466979798444 
3.0 (6.641324520111084,2.5964012145996094) (0.2352064847946167,-0.13499203324317932) 0.5 -0.049958466979798444 (10.0,3.3441690656641065) 3.0 -0.5210296960133765 (6.641324520111084,5.0) (0,0) 1e-07 -0.049958466979798444 (6.641324520111084,1.0) (0,0) 1e-07 -0.049958466979798444 
4.0 (6.958942413330078,2.4762346744537354) (0.31761813163757324,-0.12016654014587402) 0.5 -0.049958466979798444 (10.0,3.3441690656641065) 3.0 -0.3616926291842961 (6.958942413330078,5.0) (0,0) 1e-07 -0.049958466979798444 (6.958942413330078,1.0) (0,0) 1e-07 -0.049958466979798444 
5.0 (7.723863124847412,2.565993547439575) (0.764920711517334,0.08975878357887268) 0.5 -0.049958466979798444 (10.0,3.3441690656641065) 3.0 0.11680971920520071 (7.0,5.0) (0,0) 1e-07 -0.049958466979798444 (7.0,1.0) (0,0) 1e-07 -0.049958466979798444 
6.0 (8.370865821838379,2.6261157989501953) (0.6470023393630981,0.06012233346700668) 0.5 -0.049958466979798444 (10.0,3.3441690656641065) 3.0 0.09265835644590699 (7.0,5.0) (0,0) 1e-07 -0.049958466979798444 (7.0,1.0) (0,0) 1e-07 -0.049958466979798444 
7.0 (9.01785659790039,2.686234474182129) (0.6469910144805908,0.0601186603307724) 0.5 -0.049958466979798444 (10.0,3.3441690656641065) 3.0 0.0926543404052391 (7.0,5.0) (0,0) 1e-07 -0.049958466979798444 (7.0,1.0) (0,0) 1e-07 -0.049958466979798444 
8.0 (9.80567455291748,2.7866668701171875) (0.7878177165985107,0.10043230652809143) 0.5 -0.049958466979798444 (10.0,3.3441690656641065) 3.0 0.12679771950882446 (7.0,5.0) (0,0) 1e-07 -0.049958466979798444 (7.0,1.0) (0,0) 1e-07 -0.049958466979798444 
9.0 (10.589587211608887,2.891385793685913) (0.7839125394821167,0.10471899807453156) 0.5 -0.049958466979798444 (10.0,3.3441690656641065) 3.0 0.1327988468780492 (7.0,5.0) (0,0) 1e-07 -0.049958466979798444 (7.0,1.0) (0,0) 1e-07 -0.049958466979798444 
