[[(7.0, 6.0), (0, 6.0), (0, 5.0), (7.0, 5.0)], [(7.0, 1.0), (0, 1.0), (0, 0), (7.0, 0)]]
timestamp position0 velocity0 radius0 heading0 goal pref_speed theta position1 velocity1 radius1 heading1 position2 velocity2 radius2 heading2 position3 velocity3 radius3 heading3 position4 velocity4 radius4 heading4 position5 velocity5 radius5 heading5 position6 velocity6 radius6 heading6 
0.0 (6.0,2.5343236923217773) (0.0,0.0) 0.5 -0.16029562206100934 (10.0,3.1323875074777066) 3.0 0.0 (6.0,5.0) (0,0) 1e-07 -0.16029562206100934 (6.0,1.0) (0,0) 1e-07 -0.16029562206100934 
1.0 (6.0957112312316895,2.470548629760742) (0.09571107476949692,-0.06377506256103516) 0.5 -0.16029562206100934 (10.0,3.1323875074777066) 3.0 -0.5877687821166988 (6.0957112312316895,5.0) (0,0) 1e-07 -0.16029562206100934 (6.0957112312316895,1.0) (0,0) 1e-07 -0.16029562206100934 
2.0 (6.282596588134766,2.3262829780578613) (0.18688535690307617,-0.14426563680171967) 0.5 -0.16029562206100934 (10.0,3.1323875074777066) 3.0 -0.6574000219176851 (6.282596588134766,5.0) (0,0) 1e-07 -0.16029562206100934 (6.282596588134766,1.0) (0,0) 1e-07 -0.16029562206100934 
3.0 (6.786890983581543,2.273472547531128) (0.5042945146560669,-0.052810344845056534) 0.5 -0.16029562206100934 (10.0,3.1323875074777066) 3.0 -0.1043409254413965 (6.786890983581543,5.0) (0,0) 1e-07 -0.16029562206100934 (6.786890983581543,1.0) (0,0) 1e-07 -0.16029562206100934 
4.0 (7.461278438568115,2.3625876903533936) (0.674387514591217,0.08911503851413727) 0.5 -0.16029562206100934 (10.0,3.1323875074777066) 3.0 0.13138100617723072 (7.0,5.0) (0,0) 1e-07 -0.16029562206100934 (7.0,1.0) (0,0) 1e-07 -0.16029562206100934 
5.0 (8.242239952087402,2.4705936908721924) (0.7809618711471558,0.10800610482692719) 0.5 -0.16029562206100934 (10.0,3.1323875074777066) 3.0 0.13742707484650168 (7.0,5.0) (0,0) 1e-07 -0.16029562206100934 (7.0,1.0) (0,0) 1e-07 -0.16029562206100934 
6.0 (9.022577285766602,2.5792384147644043) (0.7803372740745544,0.10864479839801788) 0.5 -0.16029562206100934 (10.0,3.1323875074777066) 3.0 0.13833870219396435 (7.0,5.0) (0,0) 1e-07 -0.16029562206100934 (7.0,1.0) (0,0) 1e-07 -0.16029562206100934 
7.0 (9.802787780761719,2.688023328781128) (0.7802103757858276,0.1087850034236908) 0.5 -0.16029562206100934 (10.0,3.1323875074777066) 3.0 0.13853719539724899 (7.0,5.0) (0,0) 1e-07 -0.16029562206100934 (7.0,1.0) (0,0) 1e-07 -0.16029562206100934 
