[[(7.0, 6.0), (0, 6.0), (0, 5.0), (7.0, 5.0)], [(7.0, 1.0), (0, 1.0), (0, 0), (7.0, 0)]]
timestamp position0 velocity0 radius0 heading0 goal pref_speed theta position1 velocity1 radius1 heading1 position2 velocity2 radius2 heading2 position3 velocity3 radius3 heading3 position4 velocity4 radius4 heading4 position5 velocity5 radius5 heading5 position6 velocity6 radius6 heading6 
0.0 (6.0,2.955752372741699) (0.0,0.0) 0.5 -0.10355157407587068 (10.0,2.580509814910541) 3.0 0.0 (6.0,5.0) (0,0) 1e-07 -0.10355157407587068 (6.0,1.0) (0,0) 1e-07 -0.10355157407587068 
1.0 (6.186119556427002,2.7877960205078125) (0.18611972033977509,-0.16795647144317627) 0.5 -0.10355157407587068 (10.0,2.580509814910541) 3.0 -0.7341455161248505 (6.186119556427002,5.0) (0,0) 1e-07 -0.10355157407587068 (6.186119556427002,1.0) (0,0) 1e-07 -0.10355157407587068 
2.0 (6.44412899017334,2.64933705329895) (0.25800925493240356,-0.1384589970111847) 0.5 -0.10355157407587068 (10.0,2.580509814910541) 3.0 -0.49253092495787176 (6.44412899017334,5.0) (0,0) 1e-07 -0.10355157407587068 (6.44412899017334,1.0) (0,0) 1e-07 -0.10355157407587068 
3.0 (7.050583362579346,2.5740673542022705) (0.6064543724060059,-0.0752696543931961) 0.5 -0.10355157407587068 (10.0,2.580509814910541) 3.0 -0.12348281688342819 (7.0,5.0) (0,0) 1e-07 -0.10355157407587068 (7.0,1.0) (0,0) 1e-07 -0.10355157407587068 
4.0 (7.926967620849609,2.6224632263183594) (0.8763840794563293,0.04839593172073364) 0.5 -0.10355157407587068 (10.0,2.580509814910541) 3.0 0.055166254376482204 (7.0,5.0) (0,0) 1e-07 -0.10355157407587068 (7.0,1.0) (0,0) 1e-07 -0.10355157407587068 
5.0 (8.806293487548828,2.684891939163208) (0.8793262839317322,0.062428735196590424) 0.5 -0.10355157407587068 (10.0,2.580509814910541) 3.0 0.07087717364599988 (7.0,5.0) (0,0) 1e-07 -0.10355157407587068 (7.0,1.0) (0,0) 1e-07 -0.10355157407587068 
6.0 (9.472696304321289,2.7665727138519287) (0.6664028167724609,0.08168071508407593) 0.5 -0.10355157407587068 (10.0,2.580509814910541) 3.0 0.12196125670309399 (7.0,5.0) (0,0) 1e-07 -0.10355157407587068 (7.0,1.0) (0,0) 1e-07 -0.10355157407587068 
7.0 (10.145635604858398,2.850468397140503) (0.6729391813278198,0.08389559388160706) 0.5 -0.10355157407587068 (10.0,2.580509814910541) 3.0 0.12403044772792658 (7.0,5.0) (0,0) 1e-07 -0.10355157407587068 (7.0,1.0) (0,0) 1e-07 -0.10355157407587068 
