[[(7.0, 6.0), (0, 6.0), (0, 5.0), (7.0, 5.0)], [(7.0, 1.0), (0, 1.0), (0, 0), (7.0, 0)]]
timestamp position0 velocity0 radius0 heading0 goal pref_speed theta position1 velocity1 radius1 heading1 position2 velocity2 radius2 heading2 position3 velocity3 radius3 heading3 position4 velocity4 radius4 heading4 position5 velocity5 radius5 heading5 position6 velocity6 radius6 heading6 
0.0 (6.0,3.234464645385742) (0.0,0.0) 0.5 -0.2590484616794042 (10.0,2.7267743155259163) 3.0 0.0 (6.0,5.0) (0,0) 1e-07 -0.2590484616794042 (6.0,1.0) (0,0) 1e-07 -0.2590484616794042 
1.0 (6.1253838539123535,3.0696747303009033) (0.12538376450538635,-0.16478991508483887) 0.5 -0.2590484616794042 (10.0,2.7267743155259163) 3.0 -0.9203744003098152 (6.1253838539123535,5.0) (0,0) 1e-07 -0.2590484616794042 (6.1253838539123535,1.0) (0,0) 1e-07 -0.2590484616794042 
2.0 (6.389023303985596,2.930051326751709) (0.2636392414569855,-0.13962340354919434) 0.5 -0.2590484616794042 (10.0,2.7267743155259163) 3.0 -0.4870464289001294 (6.389023303985596,5.0) (0,0) 1e-07 -0.2590484616794042 (6.389023303985596,1.0) (0,0) 1e-07 -0.2590484616794042 
3.0 (6.9273681640625,2.842287063598633) (0.5383447408676147,-0.0877642035484314) 0.5 -0.2590484616794042 (10.0,2.7267743155259163) 3.0 -0.1616043544845687 (6.9273681640625,5.0) (0,0) 1e-07 -0.2590484616794042 (6.9273681640625,1.0) (0,0) 1e-07 -0.2590484616794042 
4.0 (7.6649675369262695,2.8105010986328125) (0.7375993728637695,-0.031786058098077774) 0.5 -0.2590484616794042 (10.0,2.7267743155259163) 3.0 -0.043067286483300715 (7.0,5.0) (0,0) 1e-07 -0.2590484616794042 (7.0,1.0) (0,0) 1e-07 -0.2590484616794042 
5.0 (7.896256923675537,2.676926612854004) (0.2312895655632019,-0.13357454538345337) 0.5 -0.2590484616794042 (10.0,2.7267743155259163) 3.0 -0.5237266981355901 (7.0,5.0) (0,0) 1e-07 -0.2590484616794042 (7.0,1.0) (0,0) 1e-07 -0.2590484616794042 
6.0 (8.127548217773438,2.543351411819458) (0.23129147291183472,-0.1335752308368683) 0.5 -0.2590484616794042 (10.0,2.7267743155259163) 3.0 -0.5237253491265873 (7.0,5.0) (0,0) 1e-07 -0.2590484616794042 (7.0,1.0) (0,0) 1e-07 -0.2590484616794042 
7.0 (8.843555450439453,2.4776134490966797) (0.71600741147995,-0.06573784351348877) 0.5 -0.2590484616794042 (10.0,2.7267743155259163) 3.0 -0.0915550051754548 (7.0,5.0) (0,0) 1e-07 -0.2590484616794042 (7.0,1.0) (0,0) 1e-07 -0.2590484616794042 
8.0 (9.659431457519531,2.552333116531372) (0.815876305103302,0.0747196227312088) 0.5 -0.2590484616794042 (10.0,2.7267743155259163) 3.0 0.09132728740637085 (7.0,5.0) (0,0) 1e-07 -0.2590484616794042 (7.0,1.0) (0,0) 1e-07 -0.2590484616794042 
