[[(7.0, 6.0), (0, 6.0), (0, 5.0), (7.0, 5.0)], [(7.0, 1.0), (0, 1.0), (0, 0), (7.0, 0)]]
timestamp position0 velocity0 radius0 heading0 goal pref_speed theta position1 velocity1 radius1 heading1 position2 velocity2 radius2 heading2 position3 velocity3 radius3 heading3 position4 velocity4 radius4 heading4 position5 velocity5 radius5 heading5 position6 velocity6 radius6 heading6 
0.0 (6.0,2.8366527557373047) (0.0,0.0) 0.5 -0.24800418284664344 (10.0,3.4943897814635516) 3.0 0.0 (6.0,5.0) (0,0) 1e-07 -0.24800418284664344 (6.0,1.0) (0,0) 1e-07 -0.24800418284664344 
1.0 (6.20115852355957,2.756880521774292) (0.20115870237350464,-0.07977226376533508) 0.5 -0.24800418284664344 (10.0,3.4943897814635516) 3.0 -0.37754064899677453 (6.20115852355957,5.0) (0,0) 1e-07 -0.24800418284664344 (6.20115852355957,1.0) (0,0) 1e-07 -0.24800418284664344 
2.0 (6.459165573120117,2.6184208393096924) (0.25800687074661255,-0.13845962285995483) 0.5 -0.24800418284664344 (10.0,3.4943897814635516) 3.0 -0.49253665847400546 (6.459165573120117,5.0) (0,0) 1e-07 -0.24800418284664344 (6.459165573120117,1.0) (0,0) 1e-07 -0.24800418284664344 
3.0 (6.675808906555176,2.4827325344085693) (0.21664345264434814,-0.13568836450576782) 0.5 -0.24800418284664344 (10.0,3.4943897814635516) 3.0 -0.5595487522978546 (6.675808906555176,5.0) (0,0) 1e-07 -0.24800418284664344 (6.675808906555176,1.0) (0,0) 1e-07 -0.24800418284664344 
4.0 (7.206496238708496,2.476811408996582) (0.5306870937347412,-0.0059210918843746185) 0.5 -0.24800418284664344 (10.0,3.4943897814635516) 3.0 -0.011156944028843343 (7.0,5.0) (0,0) 1e-07 -0.24800418284664344 (7.0,1.0) (0,0) 1e-07 -0.24800418284664344 
5.0 (7.993191242218018,2.578484296798706) (0.7866948246955872,0.10167287290096283) 0.5 -0.24800418284664344 (10.0,3.4943897814635516) 3.0 0.12852810441960894 (7.0,5.0) (0,0) 1e-07 -0.24800418284664344 (7.0,1.0) (0,0) 1e-07 -0.24800418284664344 
6.0 (8.657061576843262,2.657478094100952) (0.6638702750205994,0.07899370789527893) 0.5 -0.24800418284664344 (10.0,3.4943897814635516) 3.0 0.11843282389682906 (7.0,5.0) (0,0) 1e-07 -0.24800418284664344 (7.0,1.0) (0,0) 1e-07 -0.24800418284664344 
7.0 (9.320860862731934,2.736445665359497) (0.6637994050979614,0.07896752655506134) 0.5 -0.24800418284664344 (10.0,3.4943897814635516) 3.0 0.11840645927429479 (7.0,5.0) (0,0) 1e-07 -0.24800418284664344 (7.0,1.0) (0,0) 1e-07 -0.24800418284664344 
8.0 (10.10422134399414,2.841771364212036) (0.7833601236343384,0.10532575845718384) 0.5 -0.24800418284664344 (10.0,3.4943897814635516) 3.0 0.1336522818596641 (7.0,5.0) (0,0) 1e-07 -0.24800418284664344 (7.0,1.0) (0,0) 1e-07 -0.24800418284664344 
