[[(7.0, 6.0), (0, 6.0), (0, 5.0), (7.0, 5.0)], [(7.0, 1.0), (0, 1.0), (0, 0), (7.0, 0)]]
timestamp position0 velocity0 radius0 heading0 goal pref_speed theta position1 velocity1 radius1 heading1 position2 velocity2 radius2 heading2 position3 velocity3 radius3 heading3 position4 velocity4 radius4 heading4 position5 velocity5 radius5 heading5 position6 velocity6 radius6 heading6 
0.0 (6.0,3.2339680194854736) (0.0,0.0) 0.5 -0.245978339814886 (10.0,3.1784196597807655) 3.0 0.0 (6.0,5.0) (0,0) 1e-07 -0.245978339814886 (6.0,1.0) (0,0) 1e-07 -0.245978339814886 
1.0 (6.093809604644775,3.05856990814209) (0.09380975365638733,-0.1753980815410614) 0.5 -0.245978339814886 (10.0,3.1784196597807655) 3.0 -1.0796674168771678 (6.093809604644775,5.0) (0,0) 1e-07 -0.245978339814886 (6.093809604644775,1.0) (0,0) 1e-07 -0.245978339814886 
2.0 (6.363799571990967,2.9208953380584717) (0.26999008655548096,-0.1376745104789734) 0.5 -0.245978339814886 (10.0,3.1784196597807655) 3.0 -0.4715555049028155 (6.363799571990967,5.0) (0,0) 1e-07 -0.245978339814886 (6.363799571990967,1.0) (0,0) 1e-07 -0.245978339814886 
3.0 (6.87989616394043,2.8320353031158447) (0.5160963535308838,-0.08885994553565979) 0.5 -0.245978339814886 (10.0,3.1784196597807655) 3.0 -0.17050528963700007 (6.87989616394043,5.0) (0,0) 1e-07 -0.245978339814886 (6.87989616394043,1.0) (0,0) 1e-07 -0.245978339814886 
4.0 (7.12442684173584,2.693666934967041) (0.24453043937683105,-0.1383684277534485) 0.5 -0.245978339814886 (10.0,3.1784196597807655) 3.0 -0.5149333460826685 (7.0,5.0) (0,0) 1e-07 -0.245978339814886 (7.0,1.0) (0,0) 1e-07 -0.245978339814886 
5.0 (7.368967056274414,2.555294990539551) (0.24454033374786377,-0.13837198913097382) 0.5 -0.245978339814886 (10.0,3.1784196597807655) 3.0 -0.5149270352272042 (7.0,5.0) (0,0) 1e-07 -0.245978339814886 (7.0,1.0) (0,0) 1e-07 -0.245978339814886 
6.0 (7.613499164581299,2.4169259071350098) (0.24453216791152954,-0.13836902379989624) 0.5 -0.245978339814886 (10.0,3.1784196597807655) 3.0 -0.5149321626345089 (7.0,5.0) (0,0) 1e-07 -0.245978339814886 (7.0,1.0) (0,0) 1e-07 -0.245978339814886 
7.0 (8.174894332885742,2.4219725131988525) (0.5613952875137329,0.0050465501844882965) 0.5 -0.245978339814886 (10.0,3.1784196597807655) 3.0 0.008989057033938095 (7.0,5.0) (0,0) 1e-07 -0.245978339814886 (7.0,1.0) (0,0) 1e-07 -0.245978339814886 
8.0 (8.864242553710938,2.494023561477661) (0.6893483400344849,0.07205109298229218) 0.5 -0.245978339814886 (10.0,3.1784196597807655) 3.0 0.10414244871069578 (7.0,5.0) (0,0) 1e-07 -0.245978339814886 (7.0,1.0) (0,0) 1e-07 -0.245978339814886 
9.0 (9.650618553161621,2.5960419178009033) (0.7863759994506836,0.10201840102672577) 0.5 -0.245978339814886 (10.0,3.1784196597807655) 3.0 0.12901178644976685 (7.0,5.0) (0,0) 1e-07 -0.245978339814886 (7.0,1.0) (0,0) 1e-07 -0.245978339814886 
10.0 (10.43468952178955,2.6989057064056396) (0.784070611000061,0.10286389291286469) 0.5 -0.245978339814886 (10.0,3.1784196597807655) 3.0 0.13044714193383772 (7.0,5.0) (0,0) 1e-07 -0.245978339814886 (7.0,1.0) (0,0) 1e-07 -0.245978339814886 
