[[(7.0, 6.0), (0, 6.0), (0, 5.0), (7.0, 5.0)], [(7.0, 1.0), (0, 1.0), (0, 0), (7.0, 0)]]
timestamp position0 velocity0 radius0 heading0 goal pref_speed theta position1 velocity1 radius1 heading1 position2 velocity2 radius2 heading2 position3 velocity3 radius3 heading3 position4 velocity4 radius4 heading4 position5 velocity5 radius5 heading5 position6 velocity6 radius6 heading6 
0.0 (6.0,3.1590607166290283) (0.0,0.0) 0.5 -0.27494573896142116 (10.0,2.6722480371632247) 3.0 0.0 (6.0,5.0) (0,0) 1e-07 -0.27494573896142116 (6.0,1.0) (0,0) 1e-07 -0.27494573896142116 
1.0 (6.1305952072143555,2.9867537021636963) (0.13059525191783905,-0.17230704426765442) 0.5 -0.27494573896142116 (10.0,2.6722480371632247) 3.0 -0.9222445629850547 (6.1305952072143555,5.0) (0,0) 1e-07 -0.27494573896142116 (6.1305952072143555,1.0) (0,0) 1e-07 -0.27494573896142116 
2.0 (6.444326400756836,2.7960779666900635) (0.31373098492622375,-0.19067570567131042) 0.5 -0.27494573896142116 (10.0,2.6722480371632247) 3.0 -0.5461118178246511 (6.444326400756836,5.0) (0,0) 1e-07 -0.27494573896142116 (6.444326400756836,1.0) (0,0) 1e-07 -0.27494573896142116 
3.0 (6.695064544677734,2.655694007873535) (0.2507382035255432,-0.14038385450839996) 0.5 -0.27494573896142116 (10.0,2.6722480371632247) 3.0 -0.5103986325825633 (6.695064544677734,5.0) (0,0) 1e-07 -0.27494573896142116 (6.695064544677734,1.0) (0,0) 1e-07 -0.27494573896142116 
4.0 (6.945838451385498,2.515319585800171) (0.25077372789382935,-0.14037445187568665) 0.5 -0.27494573896142116 (10.0,2.6722480371632247) 3.0 -0.5103096980380651 (6.945838451385498,5.0) (0,0) 1e-07 -0.27494573896142116 (6.945838451385498,1.0) (0,0) 1e-07 -0.27494573896142116 
5.0 (7.138794422149658,2.3728036880493164) (0.19295614957809448,-0.14251592755317688) 0.5 -0.27494573896142116 (10.0,2.6722480371632247) 3.0 -0.6361601190407633 (7.0,5.0) (0,0) 1e-07 -0.27494573896142116 (7.0,1.0) (0,0) 1e-07 -0.27494573896142116 
6.0 (7.6428704261779785,2.357299327850342) (0.5040758848190308,-0.0155043825507164) 0.5 -0.27494573896142116 (10.0,2.6722480371632247) 3.0 -0.030748338593385823 (7.0,5.0) (0,0) 1e-07 -0.27494573896142116 (7.0,1.0) (0,0) 1e-07 -0.27494573896142116 
7.0 (8.154559135437012,2.344548463821411) (0.5116888880729675,-0.012750960886478424) 0.5 -0.27494573896142116 (10.0,2.6722480371632247) 3.0 -0.024914206318551253 (7.0,5.0) (0,0) 1e-07 -0.27494573896142116 (7.0,1.0) (0,0) 1e-07 -0.27494573896142116 
8.0 (8.77758502960205,2.3756918907165527) (0.6230261325836182,0.031143438071012497) 0.5 -0.27494573896142116 (10.0,2.6722480371632247) 3.0 0.04994579762956427 (7.0,5.0) (0,0) 1e-07 -0.27494573896142116 (7.0,1.0) (0,0) 1e-07 -0.27494573896142116 
9.0 (9.558831214904785,2.4702372550964355) (0.7812460064888,0.09454543888568878) 0.5 -0.27494573896142116 (10.0,2.6722480371632247) 3.0 0.1204331228593486 (7.0,5.0) (0,0) 1e-07 -0.27494573896142116 (7.0,1.0) (0,0) 1e-07 -0.27494573896142116 
