[[(7.0, 6.0), (0, 6.0), (0, 5.0), (7.0, 5.0)], [(7.0, 1.0), (0, 1.0), (0, 0), (7.0, 0)]]
timestamp position0 velocity0 radius0 heading0 goal pref_speed theta position1 velocity1 radius1 heading1 position2 velocity2 radius2 heading2 position3 velocity3 radius3 heading3 position4 velocity4 radius4 heading4 position5 velocity5 radius5 heading5 position6 velocity6 radius6 heading6 
0.0 (6.0,2.5000956058502197) (0.0,0.0) 0.5 -0.3901111803988654 (10.0,2.7877629872098924) 3.0 0.0 (6.0,5.0) (0,0) 1e-07 -0.3901111803988654 (6.0,1.0) (0,0) 1e-07 -0.3901111803988654 
1.0 (6.142467498779297,2.3837804794311523) (0.14246754348278046,-0.11631514877080917) 0.5 -0.3901111803988654 (10.0,2.7877629872098924) 3.0 -0.6846808209479777 (6.142467498779297,5.0) (0,0) 1e-07 -0.3901111803988654 (6.142467498779297,1.0) (0,0) 1e-07 -0.3901111803988654 
2.0 (6.326298236846924,2.2385215759277344) (0.1838306188583374,-0.14525896310806274) 0.5 -0.3901111803988654 (10.0,2.7877629872098924) 3.0 -0.6687233329458995 (6.326298236846924,5.0) (0,0) 1e-07 -0.3901111803988654 (6.326298236846924,1.0) (0,0) 1e-07 -0.3901111803988654 
3.0 (6.7492570877075195,2.1850426197052) (0.4229588508605957,-0.053478945046663284) 0.5 -0.3901111803988654 (10.0,2.7877629872098924) 3.0 -0.12577265353751427 (6.7492570877075195,5.0) (0,0) 1e-07 -0.3901111803988654 (6.7492570877075195,1.0) (0,0) 1e-07 -0.3901111803988654 
4.0 (7.399538516998291,2.2489120960235596) (0.6502813100814819,0.0638694018125534) 0.5 -0.3901111803988654 (10.0,2.7877629872098924) 3.0 0.09790409635112941 (7.0,5.0) (0,0) 1e-07 -0.3901111803988654 (7.0,1.0) (0,0) 1e-07 -0.3901111803988654 
5.0 (8.180828094482422,2.3565263748168945) (0.7812893986701965,0.10761426389217377) 0.5 -0.3901111803988654 (10.0,2.7877629872098924) 3.0 0.13687802591921366 (7.0,5.0) (0,0) 1e-07 -0.3901111803988654 (7.0,1.0) (0,0) 1e-07 -0.3901111803988654 
6.0 (8.937393188476562,2.472517728805542) (0.756565511226654,0.11599145829677582) 0.5 -0.3901111803988654 (10.0,2.7877629872098924) 3.0 0.1521286280958066 (7.0,5.0) (0,0) 1e-07 -0.3901111803988654 (7.0,1.0) (0,0) 1e-07 -0.3901111803988654 
7.0 (9.718012809753418,2.5808534622192383) (0.7806195616722107,0.1083357185125351) 0.5 -0.3901111803988654 (10.0,2.7877629872098924) 3.0 0.13790087271121504 (7.0,5.0) (0,0) 1e-07 -0.3901111803988654 (7.0,1.0) (0,0) 1e-07 -0.3901111803988654 
