[[(7.0, 6.0), (0, 6.0), (0, 5.0), (7.0, 5.0)], [(7.0, 1.0), (0, 1.0), (0, 0), (7.0, 0)]]
timestamp position0 velocity0 radius0 heading0 goal pref_speed theta position1 velocity1 radius1 heading1 position2 velocity2 radius2 heading2 position3 velocity3 radius3 heading3 position4 velocity4 radius4 heading4 position5 velocity5 radius5 heading5 position6 velocity6 radius6 heading6 
0.0 (6.0,2.8145194053649902) (0.0,0.0) 0.5 -0.0813766149154802 (10.0,3.3400907640807294) 3.0 0.0 (6.0,5.0) (0,0) 1e-07 -0.0813766149154802 (6.0,1.0) (0,0) 1e-07 -0.0813766149154802 
1.0 (6.168074131011963,2.6872167587280273) (0.16807396709918976,-0.12730255722999573) 0.5 -0.0813766149154802 (10.0,3.3400907640807294) 3.0 -0.6482329183567009 (6.168074131011963,5.0) (0,0) 1e-07 -0.0813766149154802 (6.168074131011963,1.0) (0,0) 1e-07 -0.0813766149154802 
2.0 (6.420544147491455,2.5586318969726562) (0.25247007608413696,-0.12858478724956512) 0.5 -0.0813766149154802 (10.0,3.3400907640807294) 3.0 -0.47106548938045056 (6.420544147491455,5.0) (0,0) 1e-07 -0.0813766149154802 (6.420544147491455,1.0) (0,0) 1e-07 -0.0813766149154802 
3.0 (7.088372230529785,2.5737147331237793) (0.6678280234336853,0.01508287899196148) 0.5 -0.0813766149154802 (10.0,3.3400907640807294) 3.0 0.02258113578691647 (7.0,5.0) (0,0) 1e-07 -0.0813766149154802 (7.0,1.0) (0,0) 1e-07 -0.0813766149154802 
4.0 (7.871020317077637,2.680065631866455) (0.7826483249664307,0.1063508540391922) 0.5 -0.0813766149154802 (10.0,3.3400907640807294) 3.0 0.13505864645149918 (7.0,5.0) (0,0) 1e-07 -0.0813766149154802 (7.0,1.0) (0,0) 1e-07 -0.0813766149154802 
5.0 (8.607500076293945,2.7917065620422363) (0.736479640007019,0.11164097487926483) 0.5 -0.0813766149154802 (10.0,3.3400907640807294) 3.0 0.15044197617904442 (7.0,5.0) (0,0) 1e-07 -0.0813766149154802 (7.0,1.0) (0,0) 1e-07 -0.0813766149154802 
6.0 (9.282490730285645,2.883744716644287) (0.6749903559684753,0.0920381024479866) 0.5 -0.0813766149154802 (10.0,3.3400907640807294) 3.0 0.13551893341502633 (7.0,5.0) (0,0) 1e-07 -0.0813766149154802 (7.0,1.0) (0,0) 1e-07 -0.0813766149154802 
7.0 (10.064034461975098,2.9913036823272705) (0.7815435528755188,0.10755890607833862) 0.5 -0.0813766149154802 (10.0,3.3400907640807294) 3.0 0.13676455337821633 (7.0,5.0) (0,0) 1e-07 -0.0813766149154802 (7.0,1.0) (0,0) 1e-07 -0.0813766149154802 
