[[(7.0, 6.0), (0, 6.0), (0, 5.0), (7.0, 5.0)], [(7.0, 1.0), (0, 1.0), (0, 0), (7.0, 0)]]
timestamp position0 velocity0 radius0 heading0 goal pref_speed theta position1 velocity1 radius1 heading1 position2 velocity2 radius2 heading2 position3 velocity3 radius3 heading3 position4 velocity4 radius4 heading4 position5 velocity5 radius5 heading5 position6 velocity6 radius6 heading6 
0.0 (6.0,3.2946693897247314) (0.0,0.0) 0.5 -0.13439527820285557 (10.0,2.612001550941148) 3.0 0.0 (6.0,5.0) (0,0) 1e-07 -0.13439527820285557 (6.0,1.0) (0,0) 1e-07 -0.13439527820285557 
1.0 (6.048599720001221,3.1144375801086426) (0.04859982803463936,-0.18023188412189484) 0.5 -0.13439527820285557 (10.0,2.612001550941148) 3.0 -1.3074091855314605 (6.048599720001221,5.0) (0,0) 1e-07 -0.13439527820285557 (6.048599720001221,1.0) (0,0) 1e-07 -0.13439527820285557 
2.0 (6.2632317543029785,2.950148582458496) (0.21463195979595184,-0.16428892314434052) 0.5 -0.13439527820285557 (10.0,2.612001550941148) 3.0 -0.6533127416080471 (6.2632317543029785,5.0) (0,0) 1e-07 -0.13439527820285557 (6.2632317543029785,1.0) (0,0) 1e-07 -0.13439527820285557 
3.0 (6.8469390869140625,2.8672542572021484) (0.583707332611084,-0.08289441466331482) 0.5 -0.13439527820285557 (10.0,2.612001550941148) 3.0 -0.14107034395204607 (6.8469390869140625,5.0) (0,0) 1e-07 -0.13439527820285557 (6.8469390869140625,1.0) (0,0) 1e-07 -0.13439527820285557 
4.0 (7.584356307983398,2.8353195190429688) (0.7374173402786255,-0.031934674829244614) 0.5 -0.13439527820285557 (10.0,2.612001550941148) 3.0 -0.04327906585374883 (7.0,5.0) (0,0) 1e-07 -0.13439527820285557 (7.0,1.0) (0,0) 1e-07 -0.13439527820285557 
5.0 (8.334104537963867,2.7952940464019775) (0.7497480511665344,-0.0400254912674427) 0.5 -0.13439527820285557 (10.0,2.612001550941148) 3.0 -0.05333462630626683 (7.0,5.0) (0,0) 1e-07 -0.13439527820285557 (7.0,1.0) (0,0) 1e-07 -0.13439527820285557 
6.0 (8.530118942260742,2.6535887718200684) (0.1960141658782959,-0.1417052298784256) 0.5 -0.13439527820285557 (10.0,2.612001550941148) 3.0 -0.6259524114729479 (7.0,5.0) (0,0) 1e-07 -0.13439527820285557 (7.0,1.0) (0,0) 1e-07 -0.13439527820285557 
7.0 (8.726140022277832,2.511885404586792) (0.1960207223892212,-0.14170345664024353) 0.5 -0.13439527820285557 (10.0,2.612001550941148) 3.0 -0.6259305891291506 (7.0,5.0) (0,0) 1e-07 -0.13439527820285557 (7.0,1.0) (0,0) 1e-07 -0.13439527820285557 
8.0 (9.391772270202637,2.3599085807800293) (0.6656326651573181,-0.15197686851024628) 0.5 -0.13439527820285557 (10.0,2.612001550941148) 3.0 -0.22447166556749865 (7.0,5.0) (0,0) 1e-07 -0.13439527820285557 (7.0,1.0) (0,0) 1e-07 -0.13439527820285557 
9.0 (10.203657150268555,2.4362306594848633) (0.8118852376937866,0.0763220340013504) 0.5 -0.13439527820285557 (10.0,2.612001550941148) 3.0 0.09373048409668537 (7.0,5.0) (0,0) 1e-07 -0.13439527820285557 (7.0,1.0) (0,0) 1e-07 -0.13439527820285557 
