[[(7.0, 6.0), (0, 6.0), (0, 5.0), (7.0, 5.0)], [(7.0, 1.0), (0, 1.0), (0, 0), (7.0, 0)]]
timestamp position0 velocity0 radius0 heading0 goal pref_speed theta position1 velocity1 radius1 heading1 position2 velocity2 radius2 heading2 position3 velocity3 radius3 heading3 position4 velocity4 radius4 heading4 position5 velocity5 radius5 heading5 position6 velocity6 radius6 heading6 
0.0 (6.0,2.772669553756714) (0.0,0.0) 0.5 -0.16817268370771962 (10.0,3.247639279106827) 3.0 0.0 (6.0,5.0) (0,0) 1e-07 -0.16817268370771962 (6.0,1.0) (0,0) 1e-07 -0.16817268370771962 
1.0 (6.1384196281433105,2.6839003562927246) (0.13841946423053741,-0.08876923471689224) 0.5 -0.16817268370771962 (10.0,3.247639279106827) 3.0 -0.570239154910556 (6.1384196281433105,5.0) (0,0) 1e-07 -0.16817268370771962 (6.1384196281433105,1.0) (0,0) 1e-07 -0.16817268370771962 
2.0 (6.354425430297852,2.546274423599243) (0.21600604057312012,-0.13762596249580383) 0.5 -0.16817268370771962 (10.0,3.247639279106827) 3.0 -0.5672811959203419 (6.354425430297852,5.0) (0,0) 1e-07 -0.16817268370771962 (6.354425430297852,1.0) (0,0) 1e-07 -0.16817268370771962 
3.0 (6.998744964599609,2.550217628479004) (0.644319474697113,0.003943290561437607) 0.5 -0.16817268370771962 (10.0,3.247639279106827) 3.0 0.006120009536916312 (6.998744964599609,5.0) (0,0) 1e-07 -0.16817268370771962 (6.998744964599609,1.0) (0,0) 1e-07 -0.16817268370771962 
4.0 (7.7820634841918945,2.655974864959717) (0.7833186984062195,0.10575711727142334) 0.5 -0.16817268370771962 (10.0,3.247639279106827) 3.0 0.13420012844542456 (7.0,5.0) (0,0) 1e-07 -0.16817268370771962 (7.0,1.0) (0,0) 1e-07 -0.16817268370771962 
5.0 (8.569687843322754,2.7597618103027344) (0.787624716758728,0.10378706455230713) 0.5 -0.16817268370771962 (10.0,3.247639279106827) 3.0 0.13101738362550544 (7.0,5.0) (0,0) 1e-07 -0.16817268370771962 (7.0,1.0) (0,0) 1e-07 -0.16817268370771962 
6.0 (9.244467735290527,2.851562738418579) (0.6747797131538391,0.09180103987455368) 0.5 -0.16817268370771962 (10.0,3.247639279106827) 3.0 0.13521580337744818 (7.0,5.0) (0,0) 1e-07 -0.16817268370771962 (7.0,1.0) (0,0) 1e-07 -0.16817268370771962 
7.0 (10.025760650634766,2.9593310356140137) (0.7812931537628174,0.10776820778846741) 0.5 -0.16817268370771962 (10.0,3.247639279106827) 3.0 0.1370707398070849 (7.0,5.0) (0,0) 1e-07 -0.16817268370771962 (7.0,1.0) (0,0) 1e-07 -0.16817268370771962 
