[[(7.0, 6.0), (0, 6.0), (0, 5.0), (7.0, 5.0)], [(7.0, 1.0), (0, 1.0), (0, 0), (7.0, 0)]]
timestamp position0 velocity0 radius0 heading0 goal pref_speed theta position1 velocity1 radius1 heading1 position2 velocity2 radius2 heading2 position3 velocity3 radius3 heading3 position4 velocity4 radius4 heading4 position5 velocity5 radius5 heading5 position6 velocity6 radius6 heading6 
0.0 (6.0,3.3976128101348877) (0.0,0.0) 0.5 -0.06683772187286224 (10.0,3.4356546393407315) 3.0 0.0 (6.0,5.0) (0,0) 1e-07 -0.06683772187286224 (6.0,1.0) (0,0) 1e-07 -0.06683772187286224 
1.0 (6.0968523025512695,3.2468056678771973) (0.09685251116752625,-0.15080702304840088) 0.5 -0.06683772187286224 (10.0,3.4356546393407315) 3.0 -0.9999040578053222 (6.0968523025512695,5.0) (0,0) 1e-07 -0.06683772187286224 (6.0968523025512695,1.0) (0,0) 1e-07 -0.06683772187286224 
2.0 (6.327511787414551,3.0979769229888916) (0.23065941035747528,-0.14882877469062805) 0.5 -0.06683772187286224 (10.0,3.4356546393407315) 3.0 -0.5730158918176215 (6.327511787414551,5.0) (0,0) 1e-07 -0.06683772187286224 (6.327511787414551,1.0) (0,0) 1e-07 -0.06683772187286224 
3.0 (6.5857462882995605,2.959568500518799) (0.258234441280365,-0.13840839266777039) 0.5 -0.06683772187286224 (10.0,3.4356546393407315) 3.0 -0.49201530463532217 (6.5857462882995605,5.0) (0,0) 1e-07 -0.06683772187286224 (6.5857462882995605,1.0) (0,0) 1e-07 -0.06683772187286224 
4.0 (6.95104455947876,2.845371961593628) (0.36529847979545593,-0.1141965240240097) 0.5 -0.06683772187286224 (10.0,3.4356546393407315) 3.0 -0.3029864908760796 (6.95104455947876,5.0) (0,0) 1e-07 -0.06683772187286224 (6.95104455947876,1.0) (0,0) 1e-07 -0.06683772187286224 
5.0 (7.618441581726074,2.7704453468322754) (0.6673972010612488,-0.07492664456367493) 0.5 -0.06683772187286224 (10.0,3.4356546393407315) 3.0 -0.11179881376386115 (7.0,5.0) (0,0) 1e-07 -0.06683772187286224 (7.0,1.0) (0,0) 1e-07 -0.06683772187286224 
6.0 (7.861453056335449,2.63262677192688) (0.24301159381866455,-0.13781853020191193) 0.5 -0.06683772187286224 (10.0,3.4356546393407315) 3.0 -0.5158976755129837 (7.0,5.0) (0,0) 1e-07 -0.06683772187286224 (7.0,1.0) (0,0) 1e-07 -0.06683772187286224 
7.0 (8.10446548461914,2.4948079586029053) (0.2430121898651123,-0.13781873881816864) 0.5 -0.06683772187286224 (10.0,3.4356546393407315) 3.0 -0.5158972725587523 (7.0,5.0) (0,0) 1e-07 -0.06683772187286224 (7.0,1.0) (0,0) 1e-07 -0.06683772187286224 
8.0 (8.82406997680664,2.4225778579711914) (0.7196047306060791,-0.07223016023635864) 0.5 -0.06683772187286224 (10.0,3.4356546393407315) 3.0 -0.100039699365232 (7.0,5.0) (0,0) 1e-07 -0.06683772187286224 (7.0,1.0) (0,0) 1e-07 -0.06683772187286224 
9.0 (9.625570297241211,2.5089995861053467) (0.8015000820159912,0.0864216685295105) 0.5 -0.06683772187286224 (10.0,3.4356546393407315) 3.0 0.10740992885937801 (7.0,5.0) (0,0) 1e-07 -0.06683772187286224 (7.0,1.0) (0,0) 1e-07 -0.06683772187286224 
10.0 (10.411840438842773,2.61112904548645) (0.786270260810852,0.10212954878807068) 0.5 -0.06683772187286224 (10.0,3.4356546393407315) 3.0 0.12916796205301517 (7.0,5.0) (0,0) 1e-07 -0.06683772187286224 (7.0,1.0) (0,0) 1e-07 -0.06683772187286224 
