[[(7.0, 6.0), (0, 6.0), (0, 5.0), (7.0, 5.0)], [(7.0, 1.0), (0, 1.0), (0, 0), (7.0, 0)]]
timestamp position0 velocity0 radius0 heading0 goal pref_speed theta position1 velocity1 radius1 heading1 position2 velocity2 radius2 heading2 position3 velocity3 radius3 heading3 position4 velocity4 radius4 heading4 position5 velocity5 radius5 heading5 position6 velocity6 radius6 heading6 
0.0 (6.0,2.5420398712158203) (0.0,0.0) 0.5 -0.011648840409385353 (10.0,3.445359066695746) 3.0 0.0 (6.0,5.0) (0,0) 1e-07 -0.011648840409385353 (6.0,1.0) (0,0) 1e-07 -0.011648840409385353 
1.0 (6.208744525909424,2.483888626098633) (0.20874463021755219,-0.05815116688609123) 0.5 -0.011648840409385353 (10.0,3.445359066695746) 3.0 -0.27168739738259295 (6.208744525909424,5.0) (0,0) 1e-07 -0.011648840409385353 (6.208744525909424,1.0) (0,0) 1e-07 -0.011648840409385353 
2.0 (6.6965837478637695,2.3647353649139404) (0.4878392815589905,-0.11915323138237) 0.5 -0.011648840409385353 (10.0,3.445359066695746) 3.0 -0.23955669265563825 (6.6965837478637695,5.0) (0,0) 1e-07 -0.011648840409385353 (6.6965837478637695,1.0) (0,0) 1e-07 -0.011648840409385353 
3.0 (7.333165645599365,2.4115912914276123) (0.6365818381309509,0.04685601592063904) 0.5 -0.011648840409385353 (10.0,3.445359066695746) 3.0 0.07347314741002606 (7.0,5.0) (0,0) 1e-07 -0.011648840409385353 (7.0,1.0) (0,0) 1e-07 -0.011648840409385353 
4.0 (8.11486530303955,2.51874041557312) (0.7816993594169617,0.10714918375015259) 0.5 -0.011648840409385353 (10.0,3.445359066695746) 3.0 0.1362231919302491 (7.0,5.0) (0,0) 1e-07 -0.011648840409385353 (7.0,1.0) (0,0) 1e-07 -0.011648840409385353 
5.0 (8.895329475402832,2.6272435188293457) (0.7804639339447021,0.10850299894809723) 0.5 -0.011648840409385353 (10.0,3.445359066695746) 3.0 0.13813830005448205 (7.0,5.0) (0,0) 1e-07 -0.011648840409385353 (7.0,1.0) (0,0) 1e-07 -0.011648840409385353 
6.0 (9.570261001586914,2.7192258834838867) (0.6749314069747925,0.09198224544525146) 0.5 -0.011648840409385353 (10.0,3.445359066695746) 3.0 0.13544937579199406 (7.0,5.0) (0,0) 1e-07 -0.011648840409385353 (7.0,1.0) (0,0) 1e-07 -0.011648840409385353 
7.0 (10.35058307647705,2.8278887271881104) (0.7803217768669128,0.10866275429725647) 0.5 -0.011648840409385353 (10.0,3.445359066695746) 3.0 0.13836398791576088 (7.0,5.0) (0,0) 1e-07 -0.011648840409385353 (7.0,1.0) (0,0) 1e-07 -0.011648840409385353 
