[[(7.0, 6.0), (0, 6.0), (0, 5.0), (7.0, 5.0)], [(7.0, 1.0), (0, 1.0), (0, 0), (7.0, 0)]]
timestamp position0 velocity0 radius0 heading0 goal pref_speed theta position1 velocity1 radius1 heading1 position2 velocity2 radius2 heading2 position3 velocity3 radius3 heading3 position4 velocity4 radius4 heading4 position5 velocity5 radius5 heading5 position6 velocity6 radius6 heading6 
0.0 (6.0,3.319568157196045) (0.0,0.0) 0.5 -0.2052758045007616 (10.0,2.8080373735604627) 3.0 0.0 (6.0,5.0) (0,0) 1e-07 -0.2052758045007616 (6.0,1.0) (0,0) 1e-07 -0.2052758045007616 
1.0 (6.0441741943359375,3.1439478397369385) (0.04417429119348526,-0.17562024295330048) 0.5 -0.2052758045007616 (10.0,2.8080373735604627) 3.0 -1.3243753366300797 (6.0441741943359375,5.0) (0,0) 1e-07 -0.2052758045007616 (6.0441741943359375,1.0) (0,0) 1e-07 -0.2052758045007616 
2.0 (6.265148639678955,2.9892525672912598) (0.22097447514533997,-0.15469536185264587) 0.5 -0.2052758045007616 (10.0,2.8080373735604627) 3.0 -0.6107661429761725 (6.265148639678955,5.0) (0,0) 1e-07 -0.2052758045007616 (6.265148639678955,1.0) (0,0) 1e-07 -0.2052758045007616 
3.0 (6.638078689575195,2.877091884613037) (0.37293004989624023,-0.1121605634689331) 0.5 -0.2052758045007616 (10.0,2.8080373735604627) 3.0 -0.2921492773555611 (6.638078689575195,5.0) (0,0) 1e-07 -0.2052758045007616 (6.638078689575195,1.0) (0,0) 1e-07 -0.2052758045007616 
4.0 (7.336272239685059,2.817410945892334) (0.6981934309005737,-0.059681039303541183) 0.5 -0.2052758045007616 (10.0,2.8080373735604627) 3.0 -0.0852719511139353 (7.0,5.0) (0,0) 1e-07 -0.2052758045007616 (7.0,1.0) (0,0) 1e-07 -0.2052758045007616 
5.0 (8.05066204071045,2.754253387451172) (0.7143898010253906,-0.06315755844116211) 0.5 -0.2052758045007616 (10.0,2.8080373735604627) 3.0 -0.08817844386440185 (7.0,5.0) (0,0) 1e-07 -0.2052758045007616 (7.0,1.0) (0,0) 1e-07 -0.2052758045007616 
6.0 (8.26937484741211,2.618525743484497) (0.21871238946914673,-0.13572755455970764) 0.5 -0.2052758045007616 (10.0,2.8080373735604627) 3.0 -0.5554113373169686 (7.0,5.0) (0,0) 1e-07 -0.2052758045007616 (7.0,1.0) (0,0) 1e-07 -0.2052758045007616 
7.0 (9.012152671813965,2.5576257705688477) (0.7427777051925659,-0.06089988350868225) 0.5 -0.2052758045007616 (10.0,2.8080373735604627) 3.0 -0.0818063995025537 (7.0,5.0) (0,0) 1e-07 -0.2052758045007616 (7.0,1.0) (0,0) 1e-07 -0.2052758045007616 
8.0 (9.829971313476562,2.63008189201355) (0.8178185820579529,0.07245621085166931) 0.5 -0.2052758045007616 (10.0,2.8080373735604627) 3.0 0.08836619843709168 (7.0,5.0) (0,0) 1e-07 -0.2052758045007616 (7.0,1.0) (0,0) 1e-07 -0.2052758045007616 
