[[(7.0, 6.0), (0, 6.0), (0, 5.0), (7.0, 5.0)], [(7.0, 1.0), (0, 1.0), (0, 0), (7.0, 0)]]
timestamp position0 velocity0 radius0 heading0 goal pref_speed theta position1 velocity1 radius1 heading1 position2 velocity2 radius2 heading2 position3 velocity3 radius3 heading3 position4 velocity4 radius4 heading4 position5 velocity5 radius5 heading5 position6 velocity6 radius6 heading6 
0.0 (6.0,3.412403106689453) (0.0,0.0) 0.5 -0.02587056899883977 (10.0,2.9551369244505) 3.0 0.0 (6.0,5.0) (0,0) 1e-07 -0.02587056899883977 (6.0,1.0) (0,0) 1e-07 -0.02587056899883977 
1.0 (6.081132411956787,3.261836290359497) (0.08113252371549606,-0.15056689083576202) 0.5 -0.02587056899883977 (10.0,2.9551369244505) 3.0 -1.0765561524853393 (6.081132411956787,5.0) (0,0) 1e-07 -0.02587056899883977 (6.081132411956787,1.0) (0,0) 1e-07 -0.02587056899883977 
2.0 (6.294774055480957,3.108180522918701) (0.21364186704158783,-0.15365582704544067) 0.5 -0.02587056899883977 (10.0,2.9551369244505) 3.0 -0.6235101620947993 (6.294774055480957,5.0) (0,0) 1e-07 -0.02587056899883977 (6.294774055480957,1.0) (0,0) 1e-07 -0.02587056899883977 
3.0 (6.553012847900391,2.9697790145874023) (0.25823867321014404,-0.13840144872665405) 0.5 -0.02587056899883977 (10.0,2.9551369244505) 3.0 -0.4919875921146345 (6.553012847900391,5.0) (0,0) 1e-07 -0.02587056899883977 (6.553012847900391,1.0) (0,0) 1e-07 -0.02587056899883977 
4.0 (6.966495513916016,2.8668439388275146) (0.41348251700401306,-0.1029350608587265) 0.5 -0.02587056899883977 (10.0,2.9551369244505) 3.0 -0.24398696890439855 (6.966495513916016,5.0) (0,0) 1e-07 -0.02587056899883977 (6.966495513916016,1.0) (0,0) 1e-07 -0.02587056899883977 
5.0 (7.674410343170166,2.810824155807495) (0.7079146504402161,-0.05601983889937401) 0.5 -0.02587056899883977 (10.0,2.9551369244505) 3.0 -0.07896904210813904 (7.0,5.0) (0,0) 1e-07 -0.02587056899883977 (7.0,1.0) (0,0) 1e-07 -0.02587056899883977 
6.0 (7.9203410148620605,2.6719486713409424) (0.24593079090118408,-0.13887542486190796) 0.5 -0.02587056899883977 (10.0,2.9551369244505) 3.0 -0.5140538869392234 (7.0,5.0) (0,0) 1e-07 -0.02587056899883977 (7.0,1.0) (0,0) 1e-07 -0.02587056899883977 
7.0 (8.630663871765137,2.6269936561584473) (0.7103228569030762,-0.04495502635836601) 0.5 -0.02587056899883977 (10.0,2.9551369244505) 3.0 -0.06320386417699432 (7.0,5.0) (0,0) 1e-07 -0.02587056899883977 (7.0,1.0) (0,0) 1e-07 -0.02587056899883977 
8.0 (9.464032173156738,2.6743335723876953) (0.833368718624115,0.04734000563621521) 0.5 -0.02587056899883977 (10.0,2.9551369244505) 3.0 0.05674461116386445 (7.0,5.0) (0,0) 1e-07 -0.02587056899883977 (7.0,1.0) (0,0) 1e-07 -0.02587056899883977 
9.0 (10.267132759094238,2.7593836784362793) (0.8031010031700134,0.08505001664161682) 0.5 -0.02587056899883977 (10.0,2.9551369244505) 3.0 0.1055087552115319 (7.0,5.0) (0,0) 1e-07 -0.02587056899883977 (7.0,1.0) (0,0) 1e-07 -0.02587056899883977 
