[[(7.0, 6.0), (0, 6.0), (0, 5.0), (7.0, 5.0)], [(7.0, 1.0), (0, 1.0), (0, 0), (7.0, 0)]]
timestamp position0 velocity0 radius0 heading0 goal pref_speed theta position1 velocity1 radius1 heading1 position2 velocity2 radius2 heading2 position3 velocity3 radius3 heading3 position4 velocity4 radius4 heading4 position5 velocity5 radius5 heading5 position6 velocity6 radius6 heading6 
0.0 (6.0,3.237452745437622) (0.0,0.0) 0.5 -0.08297253324418619 (10.0,2.5155819791905216) 3.0 0.0 (6.0,5.0) (0,0) 1e-07 -0.08297253324418619 (6.0,1.0) (0,0) 1e-07 -0.08297253324418619 
1.0 (6.1269450187683105,3.0939722061157227) (0.1269448697566986,-0.14348052442073822) 0.5 -0.08297253324418619 (10.0,2.5155819791905216) 3.0 -0.8464689524320689 (6.1269450187683105,5.0) (0,0) 1e-07 -0.08297253324418619 (6.1269450187683105,1.0) (0,0) 1e-07 -0.08297253324418619 
2.0 (6.3437018394470215,2.9577200412750244) (0.21675699949264526,-0.1362522393465042) 0.5 -0.08297253324418619 (10.0,2.5155819791905216) 3.0 -0.5611798888152214 (6.3437018394470215,5.0) (0,0) 1e-07 -0.08297253324418619 (6.3437018394470215,1.0) (0,0) 1e-07 -0.08297253324418619 
3.0 (6.663756370544434,2.831819534301758) (0.32005447149276733,-0.12590056657791138) 0.5 -0.08297253324418619 (10.0,2.5155819791905216) 3.0 -0.37477982564846934 (6.663756370544434,5.0) (0,0) 1e-07 -0.08297253324418619 (6.663756370544434,1.0) (0,0) 1e-07 -0.08297253324418619 
4.0 (7.40939998626709,2.792283058166504) (0.7456433773040771,-0.03953646495938301) 0.5 -0.08297253324418619 (10.0,2.5155819791905216) 3.0 -0.05297368244175714 (7.0,5.0) (0,0) 1e-07 -0.08297253324418619 (7.0,1.0) (0,0) 1e-07 -0.08297253324418619 
5.0 (8.2764253616333,2.823042869567871) (0.8670257329940796,0.030759813264012337) 0.5 -0.08297253324418619 (10.0,2.5155819791905216) 3.0 0.03546252042810442 (7.0,5.0) (0,0) 1e-07 -0.08297253324418619 (7.0,1.0) (0,0) 1e-07 -0.08297253324418619 
6.0 (8.817687034606934,2.8209474086761475) (0.5412620306015015,-0.002095568925142288) 0.5 -0.08297253324418619 (10.0,2.5155819791905216) 3.0 -0.0038716154768112772 (7.0,5.0) (0,0) 1e-07 -0.08297253324418619 (7.0,1.0) (0,0) 1e-07 -0.08297253324418619 
7.0 (9.693331718444824,2.8571133613586426) (0.875645101070404,0.036166004836559296) 0.5 -0.08297253324418619 (10.0,2.5155819791905216) 3.0 0.04127866533287674 (7.0,5.0) (0,0) 1e-07 -0.08297253324418619 (7.0,1.0) (0,0) 1e-07 -0.08297253324418619 
