[[(7.0, 6.0), (0, 6.0), (0, 5.0), (7.0, 5.0)], [(7.0, 1.0), (0, 1.0), (0, 0), (7.0, 0)]]
timestamp position0 velocity0 radius0 heading0 goal pref_speed theta position1 velocity1 radius1 heading1 position2 velocity2 radius2 heading2 position3 velocity3 radius3 heading3 position4 velocity4 radius4 heading4 position5 velocity5 radius5 heading5 position6 velocity6 radius6 heading6 
0.0 (6.0,3.206246852874756) (0.0,0.0) 0.5 -0.3777278740850748 (10.0,3.465542381219133) 3.0 0.0 (6.0,5.0) (0,0) 1e-07 -0.3777278740850748 (6.0,1.0) (0,0) 1e-07 -0.3777278740850748 
1.0 (6.078137397766113,3.0323734283447266) (0.07813741266727448,-0.17387348413467407) 0.5 -0.3777278740850748 (10.0,3.465542381219133) 3.0 -1.1484478424428712 (6.078137397766113,5.0) (0,0) 1e-07 -0.3777278740850748 (6.078137397766113,1.0) (0,0) 1e-07 -0.3777278740850748 
2.0 (6.304539680480957,2.904684066772461) (0.22640222311019897,-0.1276894062757492) 0.5 -0.3777278740850748 (10.0,3.465542381219133) 3.0 -0.5135233450641796 (6.304539680480957,5.0) (0,0) 1e-07 -0.3777278740850748 (6.304539680480957,1.0) (0,0) 1e-07 -0.3777278740850748 
3.0 (6.9249587059021,2.9117417335510254) (0.620418906211853,0.007057745009660721) 0.5 -0.3777278740850748 (10.0,3.465542381219133) 3.0 0.011375282924517241 (6.9249587059021,5.0) (0,0) 1e-07 -0.3777278740850748 (6.9249587059021,1.0) (0,0) 1e-07 -0.3777278740850748 
4.0 (7.7539381980896,2.9702820777893066) (0.8289794325828552,0.05854042246937752) 0.5 -0.3777278740850748 (10.0,3.465542381219133) 3.0 0.07050042498697487 (7.0,5.0) (0,0) 1e-07 -0.3777278740850748 (7.0,1.0) (0,0) 1e-07 -0.3777278740850748 
5.0 (8.587090492248535,3.0254623889923096) (0.833152174949646,0.05518028885126114) 0.5 -0.3777278740850748 (10.0,3.465542381219133) 3.0 0.06613415796545878 (7.0,5.0) (0,0) 1e-07 -0.3777278740850748 (7.0,1.0) (0,0) 1e-07 -0.3777278740850748 
6.0 (9.405851364135742,3.0970659255981445) (0.8187612295150757,0.07160347700119019) 0.5 -0.3777278740850748 (10.0,3.465542381219133) 3.0 0.0872314955494242 (7.0,5.0) (0,0) 1e-07 -0.3777278740850748 (7.0,1.0) (0,0) 1e-07 -0.3777278740850748 
7.0 (10.206652641296387,3.1841068267822266) (0.8008009791374207,0.08704090863466263) 0.5 -0.3777278740850748 (10.0,3.465542381219133) 3.0 0.10826728815792164 (7.0,5.0) (0,0) 1e-07 -0.3777278740850748 (7.0,1.0) (0,0) 1e-07 -0.3777278740850748 
