[[(7.0, 6.0), (0, 6.0), (0, 5.0), (7.0, 5.0)], [(7.0, 1.0), (0, 1.0), (0, 0), (7.0, 0)]]
timestamp position0 velocity0 radius0 heading0 goal pref_speed theta position1 velocity1 radius1 heading1 position2 velocity2 radius2 heading2 position3 velocity3 radius3 heading3 position4 velocity4 radius4 heading4 position5 velocity5 radius5 heading5 position6 velocity6 radius6 heading6 
0.0 (6.0,3.336331605911255) (0.0,0.0) 0.5 -0.1775229078611822 (10.0,2.9287353264001577) 3.0 0.0 (6.0,5.0) (0,0) 1e-07 -0.1775229078611822 (6.0,1.0) (0,0) 1e-07 -0.1775229078611822 
1.0 (6.0705718994140625,3.1718239784240723) (0.07057194411754608,-0.16450759768486023) 0.5 -0.1775229078611822 (10.0,2.9287353264001577) 3.0 -1.1655518472830102 (6.0705718994140625,5.0) (0,0) 1e-07 -0.1775229078611822 (6.0705718994140625,1.0) (0,0) 1e-07 -0.1775229078611822 
2.0 (6.277467250823975,3.0084235668182373) (0.2068953514099121,-0.16340051591396332) 0.5 -0.1775229078611822 (10.0,2.9287353264001577) 3.0 -0.6684742398294558 (6.277467250823975,5.0) (0,0) 1e-07 -0.1775229078611822 (6.277467250823975,1.0) (0,0) 1e-07 -0.1775229078611822 
3.0 (6.577078819274902,2.8795788288116455) (0.29961133003234863,-0.12884481251239777) 0.5 -0.1775229078611822 (10.0,2.9287353264001577) 3.0 -0.406131692423095 (6.577078819274902,5.0) (0,0) 1e-07 -0.1775229078611822 (6.577078819274902,1.0) (0,0) 1e-07 -0.1775229078611822 
4.0 (7.203874111175537,2.801769256591797) (0.6267951726913452,-0.07780954241752625) 0.5 -0.1775229078611822 (10.0,2.9287353264001577) 3.0 -0.1235068627027827 (7.0,5.0) (0,0) 1e-07 -0.1775229078611822 (7.0,1.0) (0,0) 1e-07 -0.1775229078611822 
5.0 (7.965580940246582,2.7675845623016357) (0.7617068886756897,-0.03418467566370964) 0.5 -0.1775229078611822 (10.0,2.9287353264001577) 3.0 -0.0448489479240122 (7.0,5.0) (0,0) 1e-07 -0.1775229078611822 (7.0,1.0) (0,0) 1e-07 -0.1775229078611822 
6.0 (8.145939826965332,2.621656656265259) (0.1803591251373291,-0.14592796564102173) 0.5 -0.1775229078611822 (10.0,2.9287353264001577) 3.0 -0.6802631252721273 (7.0,5.0) (0,0) 1e-07 -0.1775229078611822 (7.0,1.0) (0,0) 1e-07 -0.1775229078611822 
7.0 (8.904233932495117,2.573725938796997) (0.7582944631576538,-0.04793073236942291) 0.5 -0.1775229078611822 (10.0,2.9287353264001577) 3.0 -0.06312462281145767 (7.0,5.0) (0,0) 1e-07 -0.1775229078611822 (7.0,1.0) (0,0) 1e-07 -0.1775229078611822 
8.0 (9.711891174316406,2.6512093544006348) (0.8076571822166443,0.07748335599899292) 0.5 -0.1775229078611822 (10.0,2.9287353264001577) 3.0 0.09564323885113853 (7.0,5.0) (0,0) 1e-07 -0.1775229078611822 (7.0,1.0) (0,0) 1e-07 -0.1775229078611822 
