[[(7.0, 6.0), (0, 6.0), (0, 5.0), (7.0, 5.0)], [(7.0, 1.0), (0, 1.0), (0, 0), (7.0, 0)]]
timestamp position0 velocity0 radius0 heading0 goal pref_speed theta position1 velocity1 radius1 heading1 position2 velocity2 radius2 heading2 position3 velocity3 radius3 heading3 position4 velocity4 radius4 heading4 position5 velocity5 radius5 heading5 position6 velocity6 radius6 heading6 
0.0 (6.0,3.4679503440856934) (0.0,0.0) 0.5 -0.04993223414804493 (10.0,3.0536032031068823) 3.0 0.0 (6.0,5.0) (0,0) 1e-07 -0.04993223414804493 (6.0,1.0) (0,0) 1e-07 -0.04993223414804493 
1.0 (6.119479179382324,3.326460838317871) (0.11947905272245407,-0.1414894461631775) 0.5 -0.04993223414804493 (10.0,3.0536032031068823) 3.0 -0.8695402162342014 (6.119479179382324,5.0) (0,0) 1e-07 -0.04993223414804493 (6.119479179382324,1.0) (0,0) 1e-07 -0.04993223414804493 
2.0 (6.377488613128662,3.188001871109009) (0.25800949335098267,-0.13845893740653992) 0.5 -0.04993223414804493 (10.0,3.0536032031068823) 3.0 -0.492530360578308 (6.377488613128662,5.0) (0,0) 1e-07 -0.04993223414804493 (6.377488613128662,1.0) (0,0) 1e-07 -0.04993223414804493 
3.0 (6.635500431060791,3.049543619155884) (0.2580118775367737,-0.13845834136009216) 0.5 -0.04993223414804493 (10.0,3.0536032031068823) 3.0 -0.49252471682123533 (6.635500431060791,5.0) (0,0) 1e-07 -0.04993223414804493 (6.635500431060791,1.0) (0,0) 1e-07 -0.04993223414804493 
4.0 (6.896160125732422,2.91170334815979) (0.2606598734855652,-0.13784022629261017) 0.5 -0.04993223414804493 (10.0,3.0536032031068823) 3.0 -0.48643112228388913 (6.896160125732422,5.0) (0,0) 1e-07 -0.04993223414804493 (6.896160125732422,1.0) (0,0) 1e-07 -0.04993223414804493 
5.0 (7.472600936889648,2.8279731273651123) (0.5764410495758057,-0.08373016119003296) 0.5 -0.04993223414804493 (10.0,3.0536032031068823) 3.0 -0.1442448306267218 (7.0,5.0) (0,0) 1e-07 -0.04993223414804493 (7.0,1.0) (0,0) 1e-07 -0.04993223414804493 
6.0 (7.7289910316467285,2.6890854835510254) (0.2563900947570801,-0.13888762891292572) 0.5 -0.04993223414804493 (10.0,3.0536032031068823) 3.0 -0.4964518858259285 (7.0,5.0) (0,0) 1e-07 -0.04993223414804493 (7.0,1.0) (0,0) 1e-07 -0.04993223414804493 
7.0 (8.414846420288086,2.63914155960083) (0.6858553886413574,-0.04994393512606621) 0.5 -0.04993223414804493 (10.0,3.0536032031068823) 3.0 -0.0726916137893559 (7.0,5.0) (0,0) 1e-07 -0.04993223414804493 (7.0,1.0) (0,0) 1e-07 -0.04993223414804493 
8.0 (9.245198249816895,2.6978187561035156) (0.8303520083427429,0.05867714062333107) 0.5 -0.04993223414804493 (10.0,3.0536032031068823) 3.0 0.07054810688887442 (7.0,5.0) (0,0) 1e-07 -0.04993223414804493 (7.0,1.0) (0,0) 1e-07 -0.04993223414804493 
9.0 (10.052210807800293,2.779491901397705) (0.807012140750885,0.08167321979999542) 0.5 -0.04993223414804493 (10.0,3.0536032031068823) 3.0 0.10086103442506517 (7.0,5.0) (0,0) 1e-07 -0.04993223414804493 (7.0,1.0) (0,0) 1e-07 -0.04993223414804493 
