[[(7.0, 6.0), (0, 6.0), (0, 5.0), (7.0, 5.0)], [(7.0, 1.0), (0, 1.0), (0, 0), (7.0, 0)]]
timestamp position0 velocity0 radius0 heading0 goal pref_speed theta position1 velocity1 radius1 heading1 position2 velocity2 radius2 heading2 position3 velocity3 radius3 heading3 position4 velocity4 radius4 heading4 position5 velocity5 radius5 heading5 position6 velocity6 radius6 heading6 
0.0 (6.0,3.2888107299804688) (0.0,0.0) 0.5 -0.2211072801752899 (10.0,3.142048194715032) 3.0 0.0 (6.0,5.0) (0,0) 1e-07 -0.2211072801752899 (6.0,1.0) (0,0) 1e-07 -0.2211072801752899 
1.0 (6.133401870727539,3.1417059898376465) (0.1334020048379898,-0.14710469543933868) 0.5 -0.2211072801752899 (10.0,3.142048194715032) 3.0 -0.8342091421926359 (6.133401870727539,5.0) (0,0) 1e-07 -0.2211072801752899 (6.133401870727539,1.0) (0,0) 1e-07 -0.2211072801752899 
2.0 (6.397187232971191,3.03159236907959) (0.2637854814529419,-0.11011359095573425) 0.5 -0.2211072801752899 (10.0,3.142048194715032) 3.0 -0.39544657932397304 (6.397187232971191,5.0) (0,0) 1e-07 -0.2211072801752899 (6.397187232971191,1.0) (0,0) 1e-07 -0.2211072801752899 
3.0 (6.712231159210205,2.9419867992401123) (0.31504392623901367,-0.08960549533367157) 0.5 -0.2211072801752899 (10.0,3.142048194715032) 3.0 -0.2771047075644883 (6.712231159210205,5.0) (0,0) 1e-07 -0.2211072801752899 (6.712231159210205,1.0) (0,0) 1e-07 -0.2211072801752899 
4.0 (7.087470054626465,2.8639330863952637) (0.3752388656139374,-0.07805366814136505) 0.5 -0.2211072801752899 (10.0,3.142048194715032) 3.0 -0.20508607754234068 (7.0,5.0) (0,0) 1e-07 -0.2211072801752899 (7.0,1.0) (0,0) 1e-07 -0.2211072801752899 
5.0 (7.871609687805176,2.8313376903533936) (0.78413987159729,-0.032595280557870865) 0.5 -0.2211072801752899 (10.0,3.142048194715032) 3.0 -0.04154427956001176 (7.0,5.0) (0,0) 1e-07 -0.2211072801752899 (7.0,1.0) (0,0) 1e-07 -0.2211072801752899 
6.0 (8.226311683654785,2.7578628063201904) (0.3547016382217407,-0.0734749287366867) 0.5 -0.2211072801752899 (10.0,3.142048194715032) 3.0 -0.20425691469976962 (7.0,5.0) (0,0) 1e-07 -0.2211072801752899 (7.0,1.0) (0,0) 1e-07 -0.2211072801752899 
7.0 (9.020264625549316,2.767944574356079) (0.7939532995223999,0.010081782937049866) 0.5 -0.2211072801752899 (10.0,3.142048194715032) 3.0 0.012697524046261057 (7.0,5.0) (0,0) 1e-07 -0.2211072801752899 (7.0,1.0) (0,0) 1e-07 -0.2211072801752899 
8.0 (9.838146209716797,2.812234878540039) (0.8178820610046387,0.044290244579315186) 0.5 -0.2211072801752899 (10.0,3.142048194715032) 3.0 0.05409952034863345 (7.0,5.0) (0,0) 1e-07 -0.2211072801752899 (7.0,1.0) (0,0) 1e-07 -0.2211072801752899 
