[[(7.0, 6.0), (0, 6.0), (0, 5.0), (7.0, 5.0)], [(7.0, 1.0), (0, 1.0), (0, 0), (7.0, 0)]]
timestamp position0 velocity0 radius0 heading0 goal pref_speed theta position1 velocity1 radius1 heading1 position2 velocity2 radius2 heading2 position3 velocity3 radius3 heading3 position4 velocity4 radius4 heading4 position5 velocity5 radius5 heading5 position6 velocity6 radius6 heading6 
0.0 (6.0,2.7362186908721924) (0.0,0.0) 0.5 -0.3302525275633975 (10.0,3.3442113630417833) 3.0 0.0 (6.0,5.0) (0,0) 1e-07 -0.3302525275633975 (6.0,1.0) (0,0) 1e-07 -0.3302525275633975 
1.0 (6.22224235534668,2.635594129562378) (0.22224213182926178,-0.10062452405691147) 0.5 -0.3302525275633975 (10.0,3.3442113630417833) 3.0 -0.4251548993636884 (6.22224235534668,5.0) (0,0) 1e-07 -0.3302525275633975 (6.22224235534668,1.0) (0,0) 1e-07 -0.3302525275633975 
2.0 (6.636326313018799,2.516979217529297) (0.4140840768814087,-0.11861485987901688) 0.5 -0.3302525275633975 (10.0,3.3442113630417833) 3.0 -0.2789807778979581 (6.636326313018799,5.0) (0,0) 1e-07 -0.3302525275633975 (6.636326313018799,1.0) (0,0) 1e-07 -0.3302525275633975 
3.0 (7.312877655029297,2.551464557647705) (0.6765512228012085,0.03448525816202164) 0.5 -0.3302525275633975 (10.0,3.3442113630417833) 3.0 0.050928056029129226 (7.0,5.0) (0,0) 1e-07 -0.3302525275633975 (7.0,1.0) (0,0) 1e-07 -0.3302525275633975 
4.0 (8.094135284423828,2.6590514183044434) (0.7812573313713074,0.10758689045906067) 0.5 -0.3302525275633975 (10.0,3.3442113630417833) 3.0 0.13684918885153768 (7.0,5.0) (0,0) 1e-07 -0.3302525275633975 (7.0,1.0) (0,0) 1e-07 -0.3302525275633975 
5.0 (8.857451438903809,2.7751150131225586) (0.7633157968521118,0.11606360971927643) 0.5 -0.3302525275633975 (10.0,3.3442113630417833) 3.0 0.15089607961707877 (7.0,5.0) (0,0) 1e-07 -0.3302525275633975 (7.0,1.0) (0,0) 1e-07 -0.3302525275633975 
6.0 (9.53283405303955,2.867441177368164) (0.6753823757171631,0.09232614934444427) 0.5 -0.3302525275633975 (10.0,3.3442113630417833) 3.0 0.13585992597370658 (7.0,5.0) (0,0) 1e-07 -0.3302525275633975 (7.0,1.0) (0,0) 1e-07 -0.3302525275633975 
7.0 (10.262934684753418,2.9770092964172363) (0.7301003336906433,0.10956819355487823) 0.5 -0.3302525275633975 (10.0,3.3442113630417833) 3.0 0.14896113444083595 (7.0,5.0) (0,0) 1e-07 -0.3302525275633975 (7.0,1.0) (0,0) 1e-07 -0.3302525275633975 
