[[(7.0, 6.0), (0, 6.0), (0, 5.0), (7.0, 5.0)], [(7.0, 1.0), (0, 1.0), (0, 0), (7.0, 0)]]
timestamp position0 velocity0 radius0 heading0 goal pref_speed theta position1 velocity1 radius1 heading1 position2 velocity2 radius2 heading2 position3 velocity3 radius3 heading3 position4 velocity4 radius4 heading4 position5 velocity5 radius5 heading5 position6 velocity6 radius6 heading6 
0.0 (6.0,2.9243993759155273) (0.0,0.0) 0.5 -0.14090386563172996 (10.0,2.5950764653953926) 3.0 0.0 (6.0,5.0) (0,0) 1e-07 -0.14090386563172996 (6.0,1.0) (0,0) 1e-07 -0.14090386563172996 
1.0 (6.180551052093506,2.7960026264190674) (0.18055088818073273,-0.12839668989181519) 0.5 -0.14090386563172996 (10.0,2.5950764653953926) 3.0 -0.6181624238048536 (6.180551052093506,5.0) (0,0) 1e-07 -0.14090386563172996 (6.180551052093506,1.0) (0,0) 1e-07 -0.14090386563172996 
2.0 (6.438560485839844,2.657543659210205) (0.2580093741416931,-0.1384589821100235) 0.5 -0.14090386563172996 (10.0,2.5950764653953926) 3.0 -0.49253068760881885 (6.438560485839844,5.0) (0,0) 1e-07 -0.14090386563172996 (6.438560485839844,1.0) (0,0) 1e-07 -0.14090386563172996 
3.0 (7.063235759735107,2.5850391387939453) (0.6246753931045532,-0.07250456511974335) 0.5 -0.14090386563172996 (10.0,2.5950764653953926) 3.0 -0.11555055051106497 (7.0,5.0) (0,0) 1e-07 -0.14090386563172996 (7.0,1.0) (0,0) 1e-07 -0.14090386563172996 
4.0 (7.938318729400635,2.6364858150482178) (0.875082790851593,0.05144667252898216) 0.5 -0.14090386563172996 (10.0,2.5950764653953926) 3.0 0.058723041188325296 (7.0,5.0) (0,0) 1e-07 -0.14090386563172996 (7.0,1.0) (0,0) 1e-07 -0.14090386563172996 
5.0 (8.814118385314941,2.7038538455963135) (0.8757997155189514,0.0673680305480957) 0.5 -0.14090386563172996 (10.0,2.5950764653953926) 3.0 0.07677055374171382 (7.0,5.0) (0,0) 1e-07 -0.14090386563172996 (7.0,1.0) (0,0) 1e-07 -0.14090386563172996 
6.0 (9.479904174804688,2.784823417663574) (0.6657853126525879,0.08096950501203537) 0.5 -0.14090386563172996 (10.0,2.5950764653953926) 3.0 0.12102073053925863 (7.0,5.0) (0,0) 1e-07 -0.14090386563172996 (7.0,1.0) (0,0) 1e-07 -0.14090386563172996 
7.0 (10.145273208618164,2.8656389713287354) (0.665368914604187,0.08081552386283875) 0.5 -0.14090386563172996 (10.0,2.5950764653953926) 3.0 0.12086767766867465 (7.0,5.0) (0,0) 1e-07 -0.14090386563172996 (7.0,1.0) (0,0) 1e-07 -0.14090386563172996 
