[[(7.0, 6.0), (0, 6.0), (0, 5.0), (7.0, 5.0)], [(7.0, 1.0), (0, 1.0), (0, 0), (7.0, 0)]]
timestamp position0 velocity0 radius0 heading0 goal pref_speed theta position1 velocity1 radius1 heading1 position2 velocity2 radius2 heading2 position3 velocity3 radius3 heading3 position4 velocity4 radius4 heading4 position5 velocity5 radius5 heading5 position6 velocity6 radius6 heading6 
0.0 (6.0,2.7492191791534424) (0.0,0.0) 0.5 -0.2577193258347439 (10.0,3.3759747915196243) 3.0 0.0 (6.0,5.0) (0,0) 1e-07 -0.2577193258347439 (6.0,1.0) (0,0) 1e-07 -0.2577193258347439 
1.0 (6.176236152648926,2.6286041736602783) (0.17623600363731384,-0.12061505019664764) 0.5 -0.2577193258347439 (10.0,3.3759747915196243) 3.0 -0.6001758940681965 (6.176236152648926,5.0) (0,0) 1e-07 -0.2577193258347439 (6.176236152648926,1.0) (0,0) 1e-07 -0.2577193258347439 
2.0 (6.516088008880615,2.51417875289917) (0.3398520350456238,-0.11442539095878601) 0.5 -0.2577193258347439 (10.0,3.3759747915196243) 3.0 -0.32477011638746933 (6.516088008880615,5.0) (0,0) 1e-07 -0.2577193258347439 (6.516088008880615,1.0) (0,0) 1e-07 -0.2577193258347439 
3.0 (7.1703619956970215,2.5405752658843994) (0.6542741656303406,0.026396451517939568) 0.5 -0.2577193258347439 (10.0,3.3759747915196243) 3.0 0.04032276548942006 (7.0,5.0) (0,0) 1e-07 -0.2577193258347439 (7.0,1.0) (0,0) 1e-07 -0.2577193258347439 
4.0 (7.952310562133789,2.647566556930542) (0.7819488048553467,0.10699127614498138) 0.5 -0.2577193258347439 (10.0,3.3759747915196243) 3.0 0.13598204686301082 (7.0,5.0) (0,0) 1e-07 -0.2577193258347439 (7.0,1.0) (0,0) 1e-07 -0.2577193258347439 
5.0 (8.737539291381836,2.7529823780059814) (0.7852283120155334,0.10541580617427826) 0.5 -0.2577193258347439 (10.0,3.3759747915196243) 3.0 0.1334507094778617 (7.0,5.0) (0,0) 1e-07 -0.2577193258347439 (7.0,1.0) (0,0) 1e-07 -0.2577193258347439 
6.0 (9.517781257629395,2.861731767654419) (0.780241847038269,0.1087493896484375) 0.5 -0.2577193258347439 (10.0,3.3759747915196243) 3.0 0.13848690424706278 (7.0,5.0) (0,0) 1e-07 -0.2577193258347439 (7.0,1.0) (0,0) 1e-07 -0.2577193258347439 
7.0 (10.29805850982666,2.9704477787017822) (0.7802774310112,0.1087159514427185) 0.5 -0.2577193258347439 (10.0,3.3759747915196243) 3.0 0.13843863116292568 (7.0,5.0) (0,0) 1e-07 -0.2577193258347439 (7.0,1.0) (0,0) 1e-07 -0.2577193258347439 
