[[(7.0, 6.0), (0, 6.0), (0, 5.0), (7.0, 5.0)], [(7.0, 1.0), (0, 1.0), (0, 0), (7.0, 0)]]
timestamp position0 velocity0 radius0 heading0 goal pref_speed theta position1 velocity1 radius1 heading1 position2 velocity2 radius2 heading2 position3 velocity3 radius3 heading3 position4 velocity4 radius4 heading4 position5 velocity5 radius5 heading5 position6 velocity6 radius6 heading6 
0.0 (6.0,2.828430652618408) (0.0,0.0) 0.5 -0.1388825353356976 (10.0,2.9837178247473064) 3.0 0.0 (6.0,5.0) (0,0) 1e-07 -0.1388825353356976 (6.0,1.0) (0,0) 1e-07 -0.1388825353356976 
1.0 (6.180478096008301,2.7549004554748535) (0.1804780662059784,-0.07353025674819946) 0.5 -0.1388825353356976 (10.0,2.9837178247473064) 3.0 -0.3868859617635523 (6.180478096008301,5.0) (0,0) 1e-07 -0.1388825353356976 (6.180478096008301,1.0) (0,0) 1e-07 -0.1388825353356976 
2.0 (6.438486576080322,2.616441249847412) (0.2580084800720215,-0.1384591907262802) 0.5 -0.1388825353356976 (10.0,2.9837178247473064) 3.0 -0.4925327591962966 (6.438486576080322,5.0) (0,0) 1e-07 -0.1388825353356976 (6.438486576080322,1.0) (0,0) 1e-07 -0.1388825353356976 
3.0 (6.792848587036133,2.4941012859344482) (0.3543620705604553,-0.1223398745059967) 0.5 -0.1388825353356976 (10.0,2.9837178247473064) 3.0 -0.3324277885998511 (6.792848587036133,5.0) (0,0) 1e-07 -0.1388825353356976 (6.792848587036133,1.0) (0,0) 1e-07 -0.1388825353356976 
4.0 (7.262065887451172,2.465470552444458) (0.46921753883361816,-0.028630640357732773) 0.5 -0.1388825353356976 (10.0,2.9837178247473064) 3.0 -0.06094228123501557 (7.0,5.0) (0,0) 1e-07 -0.1388825353356976 (7.0,1.0) (0,0) 1e-07 -0.1388825353356976 
5.0 (8.058959007263184,2.5588581562042236) (0.7968930602073669,0.09338760375976562) 0.5 -0.1388825353356976 (10.0,2.9837178247473064) 3.0 0.11665753768060894 (7.0,5.0) (0,0) 1e-07 -0.1388825353356976 (7.0,1.0) (0,0) 1e-07 -0.1388825353356976 
6.0 (8.713645935058594,2.627716064453125) (0.6546873450279236,0.06885787844657898) 0.5 -0.1388825353356976 (10.0,2.9837178247473064) 3.0 0.10479146375421468 (7.0,5.0) (0,0) 1e-07 -0.1388825353356976 (7.0,1.0) (0,0) 1e-07 -0.1388825353356976 
7.0 (9.368447303771973,2.696617603302002) (0.6548014283180237,0.06890159845352173) 0.5 -0.1388825353356976 (10.0,2.9837178247473064) 3.0 0.10483937732793729 (7.0,5.0) (0,0) 1e-07 -0.1388825353356976 (7.0,1.0) (0,0) 1e-07 -0.1388825353356976 
8.0 (10.15634822845459,2.7969579696655273) (0.7879005670547485,0.10034024715423584) 0.5 -0.1388825353356976 (10.0,2.9837178247473064) 3.0 0.12666955378121797 (7.0,5.0) (0,0) 1e-07 -0.1388825353356976 (7.0,1.0) (0,0) 1e-07 -0.1388825353356976 
