[[(7.0, 6.0), (0, 6.0), (0, 5.0), (7.0, 5.0)], [(7.0, 1.0), (0, 1.0), (0, 0), (7.0, 0)]]
timestamp position0 velocity0 radius0 heading0 goal pref_speed theta position1 velocity1 radius1 heading1 position2 velocity2 radius2 heading2 position3 velocity3 radius3 heading3 position4 velocity4 radius4 heading4 position5 velocity5 radius5 heading5 position6 velocity6 radius6 heading6 
0.0 (6.0,2.7304255962371826) (0.0,0.0) 0.5 -0.16937713974687932 (10.0,2.8536168407386797) 3.0 0.0 (6.0,5.0) (0,0) 1e-07 -0.16937713974687932 (6.0,1.0) (0,0) 1e-07 -0.16937713974687932 
1.0 (6.157618999481201,2.6535332202911377) (0.157618910074234,-0.07689240574836731) 0.5 -0.16937713974687932 (10.0,2.8536168407386797) 3.0 -0.4538703050616831 (6.157618999481201,5.0) (0,0) 1e-07 -0.16937713974687932 (6.157618999481201,1.0) (0,0) 1e-07 -0.16937713974687932 
2.0 (6.36411190032959,2.514470338821411) (0.20649302005767822,-0.1390627771615982) 0.5 -0.16937713974687932 (10.0,2.8536168407386797) 3.0 -0.5926842424339401 (6.36411190032959,5.0) (0,0) 1e-07 -0.16937713974687932 (6.36411190032959,1.0) (0,0) 1e-07 -0.16937713974687932 
3.0 (6.9692864418029785,2.456773281097412) (0.6051744222640991,-0.05769716575741768) 0.5 -0.16937713974687932 (10.0,2.8536168407386797) 3.0 -0.09505242613471888 (6.9692864418029785,5.0) (0,0) 1e-07 -0.16937713974687932 (6.9692864418029785,1.0) (0,0) 1e-07 -0.16937713974687932 
4.0 (7.772481918334961,2.55157470703125) (0.8031954765319824,0.09480153024196625) 0.5 -0.16937713974687932 (10.0,2.8536168407386797) 3.0 0.1174868931309962 (7.0,5.0) (0,0) 1e-07 -0.16937713974687932 (7.0,1.0) (0,0) 1e-07 -0.16937713974687932 
5.0 (8.554000854492188,2.6591832637786865) (0.7815190553665161,0.10760864615440369) 0.5 -0.16937713974687932 (10.0,2.8536168407386797) 3.0 0.13683124885616682 (7.0,5.0) (0,0) 1e-07 -0.16937713974687932 (7.0,1.0) (0,0) 1e-07 -0.16937713974687932 
6.0 (9.334636688232422,2.767537832260132) (0.780635416507721,0.10835453867912292) 0.5 -0.16937713974687932 (10.0,2.8536168407386797) 3.0 0.13792176044329582 (7.0,5.0) (0,0) 1e-07 -0.16937713974687932 (7.0,1.0) (0,0) 1e-07 -0.16937713974687932 
7.0 (10.11504077911377,2.8761115074157715) (0.780403733253479,0.10857366025447845) 0.5 -0.16937713974687932 (10.0,2.8536168407386797) 3.0 0.13823764741352368 (7.0,5.0) (0,0) 1e-07 -0.16937713974687932 (7.0,1.0) (0,0) 1e-07 -0.16937713974687932 
