[[(7.0, 6.0), (0, 6.0), (0, 5.0), (7.0, 5.0)], [(7.0, 1.0), (0, 1.0), (0, 0), (7.0, 0)]]
timestamp position0 velocity0 radius0 heading0 goal pref_speed theta position1 velocity1 radius1 heading1 position2 velocity2 radius2 heading2 position3 velocity3 radius3 heading3 position4 velocity4 radius4 heading4 position5 velocity5 radius5 heading5 position6 velocity6 radius6 heading6 
0.0 (6.0,3.418590784072876) (0.0,0.0) 0.5 -0.1929700189107832 (10.0,2.8005526878640197) 3.0 0.0 (6.0,5.0) (0,0) 1e-07 -0.1929700189107832 (6.0,1.0) (0,0) 1e-07 -0.1929700189107832 
1.0 (6.039612293243408,3.2641119956970215) (0.03961222618818283,-0.15447889268398285) 0.5 -0.1929700189107832 (10.0,2.8005526878640197) 3.0 -1.3197799511237134 (6.039612293243408,5.0) (0,0) 1e-07 -0.1929700189107832 (6.039612293243408,1.0) (0,0) 1e-07 -0.1929700189107832 
2.0 (6.240109920501709,3.109217643737793) (0.20049752295017242,-0.1548944115638733) 0.5 -0.1929700189107832 (10.0,2.8005526878640197) 3.0 -0.657777756365968 (6.240109920501709,5.0) (0,0) 1e-07 -0.1929700189107832 (6.240109920501709,1.0) (0,0) 1e-07 -0.1929700189107832 
3.0 (6.49862003326416,2.9708850383758545) (0.2585102915763855,-0.13833259046077728) 0.5 -0.1929700189107832 (10.0,2.8005526878640197) 3.0 -0.4913429769891787 (6.49862003326416,5.0) (0,0) 1e-07 -0.1929700189107832 (6.49862003326416,1.0) (0,0) 1e-07 -0.1929700189107832 
4.0 (6.895901679992676,2.8641462326049805) (0.3972816467285156,-0.10673876106739044) 0.5 -0.1929700189107832 (10.0,2.8005526878640197) 3.0 -0.26247437399796203 (6.895901679992676,5.0) (0,0) 1e-07 -0.1929700189107832 (6.895901679992676,1.0) (0,0) 1e-07 -0.1929700189107832 
5.0 (7.139566421508789,2.7269814014434814) (0.24366450309753418,-0.1371648609638214) 0.5 -0.1929700189107832 (10.0,2.8005526878640197) 3.0 -0.5127123144116181 (7.0,5.0) (0,0) 1e-07 -0.1929700189107832 (7.0,1.0) (0,0) 1e-07 -0.1929700189107832 
6.0 (7.376059532165527,2.591522693634033) (0.23649334907531738,-0.13545861840248108) 0.5 -0.1929700189107832 (10.0,2.8005526878640197) 3.0 -0.520164156409254 (7.0,5.0) (0,0) 1e-07 -0.1929700189107832 (7.0,1.0) (0,0) 1e-07 -0.1929700189107832 
7.0 (7.612555980682373,2.4560630321502686) (0.23649632930755615,-0.13545967638492584) 0.5 -0.1929700189107832 (10.0,2.8005526878640197) 3.0 -0.5201620899792871 (7.0,5.0) (0,0) 1e-07 -0.1929700189107832 (7.0,1.0) (0,0) 1e-07 -0.1929700189107832 
8.0 (8.373672485351562,2.404304265975952) (0.7611163854598999,-0.05175870656967163) 0.5 -0.1929700189107832 (10.0,2.8005526878640197) 3.0 -0.06789913104249203 (7.0,5.0) (0,0) 1e-07 -0.1929700189107832 (7.0,1.0) (0,0) 1e-07 -0.1929700189107832 
9.0 (9.166099548339844,2.4904205799102783) (0.7924272418022156,0.08611634373664856) 0.5 -0.1929700189107832 (10.0,2.8005526878640197) 3.0 0.1082493232466985 (7.0,5.0) (0,0) 1e-07 -0.1929700189107832 (7.0,1.0) (0,0) 1e-07 -0.1929700189107832 
10.0 (9.95798110961914,2.5864017009735107) (0.7918815016746521,0.09598103165626526) 0.5 -0.1929700189107832 (10.0,2.8005526878640197) 3.0 0.12061793762658624 (7.0,5.0) (0,0) 1e-07 -0.1929700189107832 (7.0,1.0) (0,0) 1e-07 -0.1929700189107832 
