[[(7.0, 6.0), (0, 6.0), (0, 5.0), (7.0, 5.0)], [(7.0, 1.0), (0, 1.0), (0, 0), (7.0, 0)]]
timestamp position0 velocity0 radius0 heading0 goal pref_speed theta position1 velocity1 radius1 heading1 position2 velocity2 radius2 heading2 position3 velocity3 radius3 heading3 position4 velocity4 radius4 heading4 position5 velocity5 radius5 heading5 position6 velocity6 radius6 heading6 
0.0 (6.0,2.8871521949768066) (0.0,0.0) 0.5 -0.2913022850321975 (10.0,3.0366868007110597) 3.0 0.0 (6.0,5.0) (0,0) 1e-07 -0.2913022850321975 (6.0,1.0) (0,0) 1e-07 -0.2913022850321975 
1.0 (6.133299350738525,2.7623963356018066) (0.13329924643039703,-0.12475581467151642) 0.5 -0.2913022850321975 (10.0,3.0366868007110597) 3.0 -0.752303240314244 (6.133299350738525,5.0) (0,0) 1e-07 -0.2913022850321975 (6.133299350738525,1.0) (0,0) 1e-07 -0.2913022850321975 
2.0 (6.433355808258057,2.6238107681274414) (0.3000563681125641,-0.1385856419801712) 0.5 -0.2913022850321975 (10.0,3.0366868007110597) 3.0 -0.43267723258191104 (6.433355808258057,5.0) (0,0) 1e-07 -0.2913022850321975 (6.433355808258057,1.0) (0,0) 1e-07 -0.2913022850321975 
3.0 (7.059854507446289,2.6111249923706055) (0.6264984607696533,-0.01268579438328743) 0.5 -0.2913022850321975 (10.0,3.0366868007110597) 3.0 -0.020245957225669145 (7.0,5.0) (0,0) 1e-07 -0.2913022850321975 (7.0,1.0) (0,0) 1e-07 -0.2913022850321975 
4.0 (7.931113243103027,2.678464889526367) (0.8712584972381592,0.06734001636505127) 0.5 -0.2913022850321975 (10.0,3.0366868007110597) 3.0 0.07713715585871131 (7.0,5.0) (0,0) 1e-07 -0.2913022850321975 (7.0,1.0) (0,0) 1e-07 -0.2913022850321975 
5.0 (8.72817611694336,2.777630090713501) (0.7970631718635559,0.09916523098945618) 0.5 -0.2913022850321975 (10.0,3.0366868007110597) 3.0 0.1237772437994922 (7.0,5.0) (0,0) 1e-07 -0.2913022850321975 (7.0,1.0) (0,0) 1e-07 -0.2913022850321975 
6.0 (9.401653289794922,2.8679049015045166) (0.6734769344329834,0.09027492254972458) 0.5 -0.2913022850321975 (10.0,3.0366868007110597) 3.0 0.1332488166213404 (7.0,5.0) (0,0) 1e-07 -0.2913022850321975 (7.0,1.0) (0,0) 1e-07 -0.2913022850321975 
7.0 (10.183444023132324,2.9750778675079346) (0.7817909717559814,0.10717304050922394) 0.5 -0.2913022850321975 (10.0,3.0366868007110597) 3.0 0.13623737840339026 (7.0,5.0) (0,0) 1e-07 -0.2913022850321975 (7.0,1.0) (0,0) 1e-07 -0.2913022850321975 
