[[(7.0, 6.0), (0, 6.0), (0, 5.0), (7.0, 5.0)], [(7.0, 1.0), (0, 1.0), (0, 0), (7.0, 0)]]
timestamp position0 velocity0 radius0 heading0 goal pref_speed theta position1 velocity1 radius1 heading1 position2 velocity2 radius2 heading2 position3 velocity3 radius3 heading3 position4 velocity4 radius4 heading4 position5 velocity5 radius5 heading5 position6 velocity6 radius6 heading6 
0.0 (6.0,2.592282295227051) (0.0,0.0) 0.5 -0.16345886645648988 (10.0,2.739517021096272) 3.0 0.0 (6.0,5.0) (0,0) 1e-07 -0.16345886645648988 (6.0,1.0) (0,0) 1e-07 -0.16345886645648988 
1.0 (6.13240909576416,2.5371627807617188) (0.13240894675254822,-0.05511949583888054) 0.5 -0.16345886645648988 (10.0,2.739517021096272) 3.0 -0.39446353477686436 (6.13240909576416,5.0) (0,0) 1e-07 -0.16345886645648988 (6.13240909576416,1.0) (0,0) 1e-07 -0.16345886645648988 
2.0 (6.342962741851807,2.3992037773132324) (0.2105538249015808,-0.13795912265777588) 0.5 -0.16345886645648988 (10.0,2.739517021096272) 3.0 -0.5800362191989183 (6.342962741851807,5.0) (0,0) 1e-07 -0.16345886645648988 (6.342962741851807,1.0) (0,0) 1e-07 -0.16345886645648988 
3.0 (7.096268653869629,2.351681709289551) (0.7533060908317566,-0.04752200469374657) 0.5 -0.16345886645648988 (10.0,2.739517021096272) 3.0 -0.0630011024938576 (7.0,5.0) (0,0) 1e-07 -0.16345886645648988 (7.0,1.0) (0,0) 1e-07 -0.16345886645648988 
4.0 (7.8955159187316895,2.449183702468872) (0.7992470860481262,0.09750203788280487) 0.5 -0.16345886645648988 (10.0,2.739517021096272) 3.0 0.1213925375259266 (7.0,5.0) (0,0) 1e-07 -0.16345886645648988 (7.0,1.0) (0,0) 1e-07 -0.16345886645648988 
5.0 (8.676913261413574,2.5568132400512695) (0.7813975811004639,0.10762959718704224) 0.5 -0.16345886645648988 (10.0,2.739517021096272) 3.0 0.1368785688848445 (7.0,5.0) (0,0) 1e-07 -0.16345886645648988 (7.0,1.0) (0,0) 1e-07 -0.16345886645648988 
6.0 (9.457466125488281,2.6652300357818604) (0.7805529236793518,0.1084168404340744) 0.5 -0.16345886645648988 (10.0,2.739517021096272) 3.0 0.13801446012560406 (7.0,5.0) (0,0) 1e-07 -0.16345886645648988 (7.0,1.0) (0,0) 1e-07 -0.16345886645648988 
7.0 (10.237825393676758,2.7738521099090576) (0.7803588509559631,0.10862213373184204) 0.5 -0.16345886645648988 (10.0,2.739517021096272) 3.0 0.13830643399781725 (7.0,5.0) (0,0) 1e-07 -0.16345886645648988 (7.0,1.0) (0,0) 1e-07 -0.16345886645648988 
