[[(7.0, 6.0), (0, 6.0), (0, 5.0), (7.0, 5.0)], [(7.0, 1.0), (0, 1.0), (0, 0), (7.0, 0)]]
timestamp position0 velocity0 radius0 heading0 goal pref_speed theta position1 velocity1 radius1 heading1 position2 velocity2 radius2 heading2 position3 velocity3 radius3 heading3 position4 velocity4 radius4 heading4 position5 velocity5 radius5 heading5 position6 velocity6 radius6 heading6 
0.0 (6.0,2.711426258087158) (0.0,0.0) 0.5 -0.1633553467894832 (10.0,2.9227634447455833) 3.0 0.0 (6.0,5.0) (0,0) 1e-07 -0.1633553467894832 (6.0,1.0) (0,0) 1e-07 -0.1633553467894832 
1.0 (6.182942867279053,2.5957412719726562) (0.18294298648834229,-0.11568494886159897) 0.5 -0.1633553467894832 (10.0,2.9227634447455833) 3.0 -0.5638709725776829 (6.182942867279053,5.0) (0,0) 1e-07 -0.1633553467894832 (6.182942867279053,1.0) (0,0) 1e-07 -0.1633553467894832 
2.0 (6.486423015594482,2.4761199951171875) (0.303480327129364,-0.11962136626243591) 0.5 -0.1633553467894832 (10.0,2.9227634447455833) 3.0 -0.3754662288983371 (6.486423015594482,5.0) (0,0) 1e-07 -0.1633553467894832 (6.486423015594482,1.0) (0,0) 1e-07 -0.1633553467894832 
3.0 (7.177548885345459,2.4913382530212402) (0.6911258697509766,0.015218190848827362) 0.5 -0.1633553467894832 (10.0,2.9227634447455833) 3.0 0.022015862366200692 (7.0,5.0) (0,0) 1e-07 -0.1633553467894832 (7.0,1.0) (0,0) 1e-07 -0.1633553467894832 
4.0 (7.96574068069458,2.5938003063201904) (0.7881917953491211,0.10246209800243378) 0.5 -0.1633553467894832 (10.0,2.9227634447455833) 3.0 0.12927146649235027 (7.0,5.0) (0,0) 1e-07 -0.1633553467894832 (7.0,1.0) (0,0) 1e-07 -0.1633553467894832 
5.0 (8.746867179870605,2.7016472816467285) (0.7811263799667358,0.10784697532653809) 0.5 -0.1633553467894832 (10.0,2.9227634447455833) 3.0 0.13719859319673858 (7.0,5.0) (0,0) 1e-07 -0.1633553467894832 (7.0,1.0) (0,0) 1e-07 -0.1633553467894832 
6.0 (9.421060562133789,2.7926523685455322) (0.6741936802864075,0.09100501984357834) 0.5 -0.1633553467894832 (10.0,2.9227634447455833) 3.0 0.13417251916921885 (7.0,5.0) (0,0) 1e-07 -0.1633553467894832 (7.0,1.0) (0,0) 1e-07 -0.1633553467894832 
7.0 (10.204385757446289,2.898662805557251) (0.7833253145217896,0.1060103327035904) 0.5 -0.1633553467894832 (10.0,2.9227634447455833) 3.0 0.13451646516749144 (7.0,5.0) (0,0) 1e-07 -0.1633553467894832 (7.0,1.0) (0,0) 1e-07 -0.1633553467894832 
