[[(7.0, 6.0), (0, 6.0), (0, 5.0), (7.0, 5.0)], [(7.0, 1.0), (0, 1.0), (0, 0), (7.0, 0)]]
timestamp position0 velocity0 radius0 heading0 goal pref_speed theta position1 velocity1 radius1 heading1 position2 velocity2 radius2 heading2 position3 velocity3 radius3 heading3 position4 velocity4 radius4 heading4 position5 velocity5 radius5 heading5 position6 velocity6 radius6 heading6 
0.0 (6.0,3.2032828330993652) (0.0,0.0) 0.5 -0.23991734127038486 (10.0,2.6672315454341433) 3.0 0.0 (6.0,5.0) (0,0) 1e-07 -0.23991734127038486 (6.0,1.0) (0,0) 1e-07 -0.23991734127038486 
1.0 (6.108937740325928,3.02866792678833) (0.10893768072128296,-0.17461484670639038) 0.5 -0.23991734127038486 (10.0,2.6672315454341433) 3.0 -1.0130070555406352 (6.108937740325928,5.0) (0,0) 1e-07 -0.23991734127038486 (6.108937740325928,1.0) (0,0) 1e-07 -0.23991734127038486 
2.0 (6.392604827880859,2.869598865509033) (0.28366702795028687,-0.1590689718723297) 0.5 -0.23991734127038486 (10.0,2.6672315454341433) 3.0 -0.5110662929673014 (6.392604827880859,5.0) (0,0) 1e-07 -0.23991734127038486 (6.392604827880859,1.0) (0,0) 1e-07 -0.23991734127038486 
3.0 (6.6495537757873535,2.7308592796325684) (0.25694894790649414,-0.1387397050857544) 0.5 -0.23991734127038486 (10.0,2.6672315454341433) 3.0 -0.495094914580166 (6.6495537757873535,5.0) (0,0) 1e-07 -0.23991734127038486 (6.6495537757873535,1.0) (0,0) 1e-07 -0.23991734127038486 
4.0 (6.906505584716797,2.592120409011841) (0.25695180892944336,-0.1387389451265335) 0.5 -0.23991734127038486 (10.0,2.6672315454341433) 3.0 -0.49508796965654817 (6.906505584716797,5.0) (0,0) 1e-07 -0.23991734127038486 (6.906505584716797,1.0) (0,0) 1e-07 -0.23991734127038486 
5.0 (7.115639686584473,2.453869104385376) (0.20913410186767578,-0.13825134932994843) 0.5 -0.23991734127038486 (10.0,2.6672315454341433) 3.0 -0.5841148741688346 (7.0,5.0) (0,0) 1e-07 -0.23991734127038486 (7.0,1.0) (0,0) 1e-07 -0.23991734127038486 
6.0 (7.472850322723389,2.38139009475708) (0.35721081495285034,-0.07247892022132874) 0.5 -0.23991734127038486 (10.0,2.6672315454341433) 3.0 -0.2001847342822752 (7.0,5.0) (0,0) 1e-07 -0.23991734127038486 (7.0,1.0) (0,0) 1e-07 -0.23991734127038486 
7.0 (8.094461441040039,2.4099459648132324) (0.6216112971305847,0.028555812314152718) 0.5 -0.23991734127038486 (10.0,2.6672315454341433) 3.0 0.04590609985114186 (7.0,5.0) (0,0) 1e-07 -0.23991734127038486 (7.0,1.0) (0,0) 1e-07 -0.23991734127038486 
8.0 (8.800097465515137,2.4884305000305176) (0.705636203289032,0.07848455011844635) 0.5 -0.23991734127038486 (10.0,2.6672315454341433) 3.0 0.11076994851226389 (7.0,5.0) (0,0) 1e-07 -0.23991734127038486 (7.0,1.0) (0,0) 1e-07 -0.23991734127038486 
9.0 (9.589166641235352,2.587625503540039) (0.7890694737434387,0.09919512271881104) 0.5 -0.23991734127038486 (10.0,2.6672315454341433) 3.0 0.1250555063622611 (7.0,5.0) (0,0) 1e-07 -0.23991734127038486 (7.0,1.0) (0,0) 1e-07 -0.23991734127038486 
