[[(7.0, 6.0), (0, 6.0), (0, 5.0), (7.0, 5.0)], [(7.0, 1.0), (0, 1.0), (0, 0), (7.0, 0)]]
timestamp position0 velocity0 radius0 heading0 goal pref_speed theta position1 velocity1 radius1 heading1 position2 velocity2 radius2 heading2 position3 velocity3 radius3 heading3 position4 velocity4 radius4 heading4 position5 velocity5 radius5 heading5 position6 velocity6 radius6 heading6 
0.0 (6.0,2.6512439250946045) (0.0,0.0) 0.5 -0.2083075462875215 (10.0,3.129527455736271) 3.0 0.0 (6.0,5.0) (0,0) 1e-07 -0.2083075462875215 (6.0,1.0) (0,0) 1e-07 -0.2083075462875215 
1.0 (6.124802112579346,2.5713348388671875) (0.12480202317237854,-0.07990904152393341) 0.5 -0.2083075462875215 (10.0,3.129527455736271) 3.0 -0.5695163621765329 (6.124802112579346,5.0) (0,0) 1e-07 -0.2083075462875215 (6.124802112579346,1.0) (0,0) 1e-07 -0.2083075462875215 
2.0 (6.3278889656066895,2.431448221206665) (0.20308667421340942,-0.1398865431547165) 0.5 -0.2083075462875215 (10.0,3.129527455736271) 3.0 -0.6031710450494575 (6.3278889656066895,5.0) (0,0) 1e-07 -0.2083075462875215 (6.3278889656066895,1.0) (0,0) 1e-07 -0.2083075462875215 
3.0 (6.775051116943359,2.372013807296753) (0.44716209173202515,-0.05943449214100838) 0.5 -0.2083075462875215 (10.0,3.129527455736271) 3.0 -0.13214035771562468 (6.775051116943359,5.0) (0,0) 1e-07 -0.2083075462875215 (6.775051116943359,1.0) (0,0) 1e-07 -0.2083075462875215 
4.0 (7.427152156829834,2.437943458557129) (0.6521010398864746,0.06592964380979538) 0.5 -0.2083075462875215 (10.0,3.129527455736271) 3.0 0.10076102547510053 (7.0,5.0) (0,0) 1e-07 -0.2083075462875215 (7.0,1.0) (0,0) 1e-07 -0.2083075462875215 
5.0 (8.208048820495605,2.545952320098877) (0.7808970808982849,0.10800887644290924) 0.5 -0.2083075462875215 (10.0,3.129527455736271) 3.0 0.13744181664233834 (7.0,5.0) (0,0) 1e-07 -0.2083075462875215 (7.0,1.0) (0,0) 1e-07 -0.2083075462875215 
6.0 (8.988397598266602,2.654578924179077) (0.7803486585617065,0.10862663388252258) 0.5 -0.2083075462875215 (10.0,3.129527455736271) 3.0 0.13831387474337478 (7.0,5.0) (0,0) 1e-07 -0.2083075462875215 (7.0,1.0) (0,0) 1e-07 -0.2083075462875215 
7.0 (9.768622398376465,2.763347625732422) (0.780224621295929,0.10876859724521637) 0.5 -0.2083075462875215 (10.0,3.129527455736271) 3.0 0.13851407161046486 (7.0,5.0) (0,0) 1e-07 -0.2083075462875215 (7.0,1.0) (0,0) 1e-07 -0.2083075462875215 
