[[(7.0, 6.0), (0, 6.0), (0, 5.0), (7.0, 5.0)], [(7.0, 1.0), (0, 1.0), (0, 0), (7.0, 0)]]
timestamp position0 velocity0 radius0 heading0 goal pref_speed theta position1 velocity1 radius1 heading1 position2 velocity2 radius2 heading2 position3 velocity3 radius3 heading3 position4 velocity4 radius4 heading4 position5 velocity5 radius5 heading5 position6 velocity6 radius6 heading6 
0.0 (6.0,2.5610156059265137) (0.0,0.0) 0.5 -0.36591512463098025 (10.0,2.9578685706830887) 3.0 0.0 (6.0,5.0) (0,0) 1e-07 -0.36591512463098025 (6.0,1.0) (0,0) 1e-07 -0.36591512463098025 
1.0 (6.125514984130859,2.4591434001922607) (0.12551476061344147,-0.10187210142612457) 0.5 -0.36591512463098025 (10.0,2.9578685706830887) 3.0 -0.6817949564748389 (6.125514984130859,5.0) (0,0) 1e-07 -0.36591512463098025 (6.125514984130859,1.0) (0,0) 1e-07 -0.36591512463098025 
2.0 (6.304539680480957,2.31269907951355) (0.17902469635009766,-0.1464443802833557) 0.5 -0.36591512463098025 (10.0,2.9578685706830887) 3.0 -0.6856278813100524 (6.304539680480957,5.0) (0,0) 1e-07 -0.36591512463098025 (6.304539680480957,1.0) (0,0) 1e-07 -0.36591512463098025 
3.0 (6.744746685028076,2.265432834625244) (0.44020700454711914,-0.04726624861359596) 0.5 -0.36591512463098025 (10.0,2.9578685706830887) 3.0 -0.10696297771634011 (6.744746685028076,5.0) (0,0) 1e-07 -0.36591512463098025 (6.744746685028076,1.0) (0,0) 1e-07 -0.36591512463098025 
4.0 (7.397935390472412,2.3325939178466797) (0.6531885862350464,0.06716100871562958) 0.5 -0.36591512463098025 (10.0,2.9578685706830887) 3.0 0.10246018487915065 (7.0,5.0) (0,0) 1e-07 -0.36591512463098025 (7.0,1.0) (0,0) 1e-07 -0.36591512463098025 
5.0 (8.179027557373047,2.4404046535491943) (0.7810918688774109,0.10781070590019226) 0.5 -0.36591512463098025 (10.0,2.9578685706830887) 3.0 0.1371590133788466 (7.0,5.0) (0,0) 1e-07 -0.36591512463098025 (7.0,1.0) (0,0) 1e-07 -0.36591512463098025 
6.0 (8.884637832641602,2.5411570072174072) (0.705609917640686,0.10075236856937408) 0.5 -0.36591512463098025 (10.0,2.9578685706830887) 3.0 0.14182893234820906 (7.0,5.0) (0,0) 1e-07 -0.36591512463098025 (7.0,1.0) (0,0) 1e-07 -0.36591512463098025 
7.0 (9.66523551940918,2.6495168209075928) (0.7805973887443542,0.1083599179983139) 0.5 -0.36591512463098025 (10.0,2.9578685706830887) 3.0 0.13793515558773387 (7.0,5.0) (0,0) 1e-07 -0.36591512463098025 (7.0,1.0) (0,0) 1e-07 -0.36591512463098025 
