[[(7.0, 6.0), (0, 6.0), (0, 5.0), (7.0, 5.0)], [(7.0, 1.0), (0, 1.0), (0, 0), (7.0, 0)]]
timestamp position0 velocity0 radius0 heading0 goal pref_speed theta position1 velocity1 radius1 heading1 position2 velocity2 radius2 heading2 position3 velocity3 radius3 heading3 position4 velocity4 radius4 heading4 position5 velocity5 radius5 heading5 position6 velocity6 radius6 heading6 
0.0 (6.0,3.4223499298095703) (0.0,0.0) 0.5 -0.21822178367028866 (10.0,3.3134489127267948) 3.0 0.0 (6.0,5.0) (0,0) 1e-07 -0.21822178367028866 (6.0,1.0) (0,0) 1e-07 -0.21822178367028866 
1.0 (6.09552001953125,3.2745108604431152) (0.0955202504992485,-0.1478389948606491) 0.5 -0.21822178367028866 (10.0,3.3134489127267948) 3.0 -0.9971606027407295 (6.09552001953125,5.0) (0,0) 1e-07 -0.21822178367028866 (6.09552001953125,1.0) (0,0) 1e-07 -0.21822178367028866 
2.0 (6.313407897949219,3.1213152408599854) (0.2178877741098404,-0.1531955897808075) 0.5 -0.21822178367028866 (10.0,3.3134489127267948) 3.0 -0.6127994671554332 (6.313407897949219,5.0) (0,0) 1e-07 -0.21822178367028866 (6.313407897949219,1.0) (0,0) 1e-07 -0.21822178367028866 
3.0 (6.571457862854004,2.982865571975708) (0.2580501437187195,-0.13844971358776093) 0.5 -0.21822178367028866 (10.0,3.3134489127267948) 3.0 -0.4924369689269016 (6.571457862854004,5.0) (0,0) 1e-07 -0.21822178367028866 (6.571457862854004,1.0) (0,0) 1e-07 -0.21822178367028866 
4.0 (6.859187602996826,2.8511548042297363) (0.2877299189567566,-0.13171075284481049) 0.5 -0.21822178367028866 (10.0,3.3134489127267948) 3.0 -0.42928695229753017 (6.859187602996826,5.0) (0,0) 1e-07 -0.21822178367028866 (6.859187602996826,1.0) (0,0) 1e-07 -0.21822178367028866 
5.0 (7.092334270477295,2.717271089553833) (0.2331465482711792,-0.13388380408287048) 0.5 -0.21822178367028866 (10.0,3.3134489127267948) 3.0 -0.5212685128653425 (7.0,5.0) (0,0) 1e-07 -0.21822178367028866 (7.0,1.0) (0,0) 1e-07 -0.21822178367028866 
6.0 (7.312114238739014,2.581824779510498) (0.21978002786636353,-0.13544636964797974) 0.5 -0.21822178367028866 (10.0,3.3134489127267948) 3.0 -0.5523052666838388 (7.0,5.0) (0,0) 1e-07 -0.21822178367028866 (7.0,1.0) (0,0) 1e-07 -0.21822178367028866 
7.0 (7.531900882720947,2.446380138397217) (0.21978676319122314,-0.13544461131095886) 0.5 -0.21822178367028866 (10.0,3.3134489127267948) 3.0 -0.5522857810373658 (7.0,5.0) (0,0) 1e-07 -0.21822178367028866 (7.0,1.0) (0,0) 1e-07 -0.21822178367028866 
8.0 (8.28466796875,2.4157137870788574) (0.7527666091918945,-0.030666470527648926) 0.5 -0.21822178367028866 (10.0,3.3134489127267948) 3.0 -0.040715837019554627 (7.0,5.0) (0,0) 1e-07 -0.21822178367028866 (7.0,1.0) (0,0) 1e-07 -0.21822178367028866 
9.0 (9.080855369567871,2.5069515705108643) (0.796187698841095,0.0912378802895546) 0.5 -0.21822178367028866 (10.0,3.3134489127267948) 3.0 0.11409574616337412 (7.0,5.0) (0,0) 1e-07 -0.21822178367028866 (7.0,1.0) (0,0) 1e-07 -0.21822178367028866 
10.0 (9.86535930633545,2.611021041870117) (0.7845040559768677,0.1040695458650589) 0.5 -0.21822178367028866 (10.0,3.3134489127267948) 3.0 0.13188644191790092 (7.0,5.0) (0,0) 1e-07 -0.21822178367028866 (7.0,1.0) (0,0) 1e-07 -0.21822178367028866 
11.0 (10.64711856842041,2.718104839324951) (0.7817594408988953,0.10708381235599518) 0.5 -0.21822178367028866 (10.0,3.3134489127267948) 3.0 0.1361307717764386 (7.0,5.0) (0,0) 1e-07 -0.21822178367028866 (7.0,1.0) (0,0) 1e-07 -0.21822178367028866 
