[[(7.0, 6.0), (0, 6.0), (0, 5.0), (7.0, 5.0)], [(7.0, 1.0), (0, 1.0), (0, 0), (7.0, 0)]]
timestamp position0 velocity0 radius0 heading0 goal pref_speed theta position1 velocity1 radius1 heading1 position2 velocity2 radius2 heading2 position3 velocity3 radius3 heading3 position4 velocity4 radius4 heading4 position5 velocity5 radius5 heading5 position6 velocity6 radius6 heading6 
0.0 (6.0,3.3438448905944824) (0.0,0.0) 0.5 -0.21917647490535527 (10.0,2.5832776810499136) 3.0 0.0 (6.0,5.0) (0,0) 1e-07 -0.21917647490535527 (6.0,1.0) (0,0) 1e-07 -0.21917647490535527 
1.0 (6.079549312591553,3.1826205253601074) (0.07954929023981094,-0.1612243950366974) 0.5 -0.21917647490535527 (10.0,2.5832776810499136) 3.0 -1.1124367896678813 (6.079549312591553,5.0) (0,0) 1e-07 -0.21917647490535527 (6.079549312591553,1.0) (0,0) 1e-07 -0.21917647490535527 
2.0 (6.295501708984375,3.0253868103027344) (0.21595251560211182,-0.15723370015621185) 0.5 -0.21917647490535527 (10.0,2.5832776810499136) 3.0 -0.629333140332097 (6.295501708984375,5.0) (0,0) 1e-07 -0.21917647490535527 (6.295501708984375,1.0) (0,0) 1e-07 -0.21917647490535527 
3.0 (6.585140705108643,2.8947830200195312) (0.2896389961242676,-0.1306038498878479) 0.5 -0.21917647490535527 (10.0,2.5832776810499136) 3.0 -0.42361825845175144 (6.585140705108643,5.0) (0,0) 1e-07 -0.21917647490535527 (6.585140705108643,1.0) (0,0) 1e-07 -0.21917647490535527 
4.0 (7.212266445159912,2.8145394325256348) (0.6271257996559143,-0.08024348318576813) 0.5 -0.21917647490535527 (10.0,2.5832776810499136) 3.0 -0.12726284179802894 (7.0,5.0) (0,0) 1e-07 -0.21917647490535527 (7.0,1.0) (0,0) 1e-07 -0.21917647490535527 
5.0 (7.461742401123047,2.6743805408477783) (0.24947607517242432,-0.1401589959859848) 0.5 -0.21917647490535527 (10.0,2.5832776810499136) 3.0 -0.5118677174215748 (7.0,5.0) (0,0) 1e-07 -0.21917647490535527 (7.0,1.0) (0,0) 1e-07 -0.21917647490535527 
6.0 (7.71121883392334,2.5342214107513428) (0.24947655200958252,-0.14015915989875793) 0.5 -0.21917647490535527 (10.0,2.5832776810499136) 3.0 -0.5118674006195205 (7.0,5.0) (0,0) 1e-07 -0.21917647490535527 (7.0,1.0) (0,0) 1e-07 -0.21917647490535527 
7.0 (7.960696220397949,2.394062042236328) (0.24947720766067505,-0.14015933871269226) 0.5 -0.21917647490535527 (10.0,2.5832776810499136) 3.0 -0.5118668231439433 (7.0,5.0) (0,0) 1e-07 -0.21917647490535527 (7.0,1.0) (0,0) 1e-07 -0.21917647490535527 
8.0 (8.707982063293457,2.3546762466430664) (0.7472862005233765,-0.03938574716448784) 0.5 -0.21917647490535527 (10.0,2.5832776810499136) 3.0 -0.05265631688031932 (7.0,5.0) (0,0) 1e-07 -0.21917647490535527 (7.0,1.0) (0,0) 1e-07 -0.21917647490535527 
9.0 (9.53144645690918,2.421359062194824) (0.8234642744064331,0.06668273359537125) 0.5 -0.21917647490535527 (10.0,2.5832776810499136) 3.0 0.08080198434286592 (7.0,5.0) (0,0) 1e-07 -0.21917647490535527 (7.0,1.0) (0,0) 1e-07 -0.21917647490535527 
