[[(7.0, 6.0), (0, 6.0), (0, 5.0), (7.0, 5.0)], [(7.0, 1.0), (0, 1.0), (0, 0), (7.0, 0)]]
timestamp position0 velocity0 radius0 heading0 goal pref_speed theta position1 velocity1 radius1 heading1 position2 velocity2 radius2 heading2 position3 velocity3 radius3 heading3 position4 velocity4 radius4 heading4 position5 velocity5 radius5 heading5 position6 velocity6 radius6 heading6 
0.0 (6.0,2.8232014179229736) (0.0,0.0) 0.5 -0.18455526431784552 (10.0,3.285076591675406) 3.0 0.0 (6.0,5.0) (0,0) 1e-07 -0.18455526431784552 (6.0,1.0) (0,0) 1e-07 -0.18455526431784552 
1.0 (6.1521148681640625,2.7130043506622314) (0.1521148681640625,-0.11019700765609741) 0.5 -0.18455526431784552 (10.0,3.285076591675406) 3.0 -0.6269363435856135 (6.1521148681640625,5.0) (0,0) 1e-07 -0.18455526431784552 (6.1521148681640625,1.0) (0,0) 1e-07 -0.18455526431784552 
2.0 (6.356321334838867,2.5725653171539307) (0.20420634746551514,-0.14043903350830078) 0.5 -0.18455526431784552 (10.0,3.285076591675406) 3.0 -0.6024441818522885 (6.356321334838867,5.0) (0,0) 1e-07 -0.18455526431784552 (6.356321334838867,1.0) (0,0) 1e-07 -0.18455526431784552 
3.0 (6.903252601623535,2.5476577281951904) (0.5469312071800232,-0.024907495826482773) 0.5 -0.18455526431784552 (10.0,3.285076591675406) 3.0 -0.04550901113072196 (6.903252601623535,5.0) (0,0) 1e-07 -0.18455526431784552 (6.903252601623535,1.0) (0,0) 1e-07 -0.18455526431784552 
4.0 (7.677755355834961,2.65628981590271) (0.7745026350021362,0.1086321771144867) 0.5 -0.18455526431784552 (10.0,3.285076591675406) 3.0 0.1393514883518372 (7.0,5.0) (0,0) 1e-07 -0.18455526431784552 (7.0,1.0) (0,0) 1e-07 -0.18455526431784552 
5.0 (8.398482322692871,2.762204647064209) (0.7207266092300415,0.10591472685337067) 0.5 -0.18455526431784552 (10.0,3.285076591675406) 3.0 0.1459111030827394 (7.0,5.0) (0,0) 1e-07 -0.18455526431784552 (7.0,1.0) (0,0) 1e-07 -0.18455526431784552 
6.0 (9.178828239440918,2.8708417415618896) (0.7803456783294678,0.10863716900348663) 0.5 -0.18455526431784552 (10.0,3.285076591675406) 3.0 0.13832764019172697 (7.0,5.0) (0,0) 1e-07 -0.18455526431784552 (7.0,1.0) (0,0) 1e-07 -0.18455526431784552 
7.0 (9.959402084350586,2.9792940616607666) (0.7805734872817993,0.10845236480236053) 0.5 -0.18455526431784552 (10.0,3.285076591675406) 3.0 0.13805551920825743 (7.0,5.0) (0,0) 1e-07 -0.18455526431784552 (7.0,1.0) (0,0) 1e-07 -0.18455526431784552 
