[[(7.0, 6.0), (0, 6.0), (0, 5.0), (7.0, 5.0)], [(7.0, 1.0), (0, 1.0), (0, 0), (7.0, 0)]]
timestamp position0 velocity0 radius0 heading0 goal pref_speed theta position1 velocity1 radius1 heading1 position2 velocity2 radius2 heading2 position3 velocity3 radius3 heading3 position4 velocity4 radius4 heading4 position5 velocity5 radius5 heading5 position6 velocity6 radius6 heading6 
0.0 (6.0,3.192953109741211) (0.0,0.0) 0.5 -0.27379906961430267 (10.0,2.8433117818150064) 3.0 0.0 (6.0,5.0) (0,0) 1e-07 -0.27379906961430267 (6.0,1.0) (0,0) 1e-07 -0.27379906961430267 
1.0 (6.0857038497924805,3.0056278705596924) (0.08570366352796555,-0.1873251348733902) 0.5 -0.27379906961430267 (10.0,2.8433117818150064) 3.0 -1.1417122730992357 (6.0857038497924805,5.0) (0,0) 1e-07 -0.27379906961430267 (6.0857038497924805,1.0) (0,0) 1e-07 -0.27379906961430267 
2.0 (6.363058090209961,2.79551362991333) (0.27735400199890137,-0.21011412143707275) 0.5 -0.27379906961430267 (10.0,2.8433117818150064) 3.0 -0.648326155041629 (6.363058090209961,5.0) (0,0) 1e-07 -0.27379906961430267 (6.363058090209961,1.0) (0,0) 1e-07 -0.27379906961430267 
3.0 (7.086231231689453,2.7401363849639893) (0.7231729030609131,-0.055377278476953506) 0.5 -0.27379906961430267 (10.0,2.8433117818150064) 3.0 -0.07642628353720143 (7.0,5.0) (0,0) 1e-07 -0.27379906961430267 (7.0,1.0) (0,0) 1e-07 -0.27379906961430267 
4.0 (7.713359355926514,2.772254467010498) (0.6271282434463501,0.03211798146367073) 0.5 -0.27379906961430267 (10.0,2.8433117818150064) 3.0 0.05116966908439683 (7.0,5.0) (0,0) 1e-07 -0.27379906961430267 (7.0,1.0) (0,0) 1e-07 -0.27379906961430267 
5.0 (8.519292831420898,2.8585689067840576) (0.80593341588974,0.0863143727183342) 0.5 -0.27379906961430267 (10.0,2.8433117818150064) 3.0 0.10669195706919901 (7.0,5.0) (0,0) 1e-07 -0.27379906961430267 (7.0,1.0) (0,0) 1e-07 -0.27379906961430267 
6.0 (9.16043472290039,2.9118804931640625) (0.641141951084137,0.053311537951231) 0.5 -0.27379906961430267 (10.0,2.8433117818150064) 3.0 0.0829600658957467 (7.0,5.0) (0,0) 1e-07 -0.27379906961430267 (7.0,1.0) (0,0) 1e-07 -0.27379906961430267 
7.0 (9.959846496582031,3.0028672218322754) (0.799411416053772,0.09098666906356812) 0.5 -0.27379906961430267 (10.0,2.8433117818150064) 3.0 0.11332938547777581 (7.0,5.0) (0,0) 1e-07 -0.27379906961430267 (7.0,1.0) (0,0) 1e-07 -0.27379906961430267 
