[[(7.0, 6.0), (0, 6.0), (0, 5.0), (7.0, 5.0)], [(7.0, 1.0), (0, 1.0), (0, 0), (7.0, 0)]]
timestamp position0 velocity0 radius0 heading0 goal pref_speed theta position1 velocity1 radius1 heading1 position2 velocity2 radius2 heading2 position3 velocity3 radius3 heading3 position4 velocity4 radius4 heading4 position5 velocity5 radius5 heading5 position6 velocity6 radius6 heading6 
0.0 (6.0,2.8741977214813232) (0.0,0.0) 0.5 -0.3195945721210384 (10.0,2.8710966435662497) 3.0 0.0 (6.0,5.0) (0,0) 1e-07 -0.3195945721210384 (6.0,1.0) (0,0) 1e-07 -0.3195945721210384 
1.0 (6.163208484649658,2.732131004333496) (0.1632082611322403,-0.14206677675247192) 0.5 -0.3195945721210384 (10.0,2.8710966435662497) 3.0 -0.7162546705190584 (6.163208484649658,5.0) (0,0) 1e-07 -0.3195945721210384 (6.163208484649658,1.0) (0,0) 1e-07 -0.3195945721210384 
2.0 (6.4212117195129395,2.59367036819458) (0.2580033540725708,-0.13846054673194885) 0.5 -0.3195945721210384 (10.0,2.8710966435662497) 3.0 -0.4925451177813775 (6.4212117195129395,5.0) (0,0) 1e-07 -0.3195945721210384 (6.4212117195129395,1.0) (0,0) 1e-07 -0.3195945721210384 
3.0 (6.7877583503723145,2.4733097553253174) (0.36654675006866455,-0.12036056816577911) 0.5 -0.3195945721210384 (10.0,2.8710966435662497) 3.0 -0.31727104181349186 (6.7877583503723145,5.0) (0,0) 1e-07 -0.3195945721210384 (6.7877583503723145,1.0) (0,0) 1e-07 -0.3195945721210384 
4.0 (7.310747146606445,2.4643774032592773) (0.52298903465271,-0.008932456374168396) 0.5 -0.3195945721210384 (10.0,2.8710966435662497) 3.0 -0.017077964089939373 (7.0,5.0) (0,0) 1e-07 -0.3195945721210384 (7.0,1.0) (0,0) 1e-07 -0.3195945721210384 
5.0 (8.105363845825195,2.557779312133789) (0.7946162223815918,0.09340183436870575) 0.5 -0.3195945721210384 (10.0,2.8710966435662497) 3.0 0.11700642752430292 (7.0,5.0) (0,0) 1e-07 -0.3195945721210384 (7.0,1.0) (0,0) 1e-07 -0.3195945721210384 
6.0 (8.755303382873535,2.6208221912384033) (0.6499398350715637,0.06304280459880829) 0.5 -0.3195945721210384 (10.0,2.8710966435662497) 3.0 0.09669540958874304 (7.0,5.0) (0,0) 1e-07 -0.3195945721210384 (7.0,1.0) (0,0) 1e-07 -0.3195945721210384 
7.0 (9.405108451843262,2.6838152408599854) (0.6498053073883057,0.0629931092262268) 0.5 -0.3195945721210384 (10.0,2.8710966435662497) 3.0 0.09663953887332419 (7.0,5.0) (0,0) 1e-07 -0.3195945721210384 (7.0,1.0) (0,0) 1e-07 -0.3195945721210384 
8.0 (10.06177043914795,2.74934458732605) (0.656661868095398,0.0655292347073555) 0.5 -0.3195945721210384 (10.0,2.8710966435662497) 3.0 0.09946215513618854 (7.0,5.0) (0,0) 1e-07 -0.3195945721210384 (7.0,1.0) (0,0) 1e-07 -0.3195945721210384 
