[[(7.0, 6.0), (0, 6.0), (0, 5.0), (7.0, 5.0)], [(7.0, 1.0), (0, 1.0), (0, 0), (7.0, 0)]]
timestamp position0 velocity0 radius0 heading0 goal pref_speed theta position1 velocity1 radius1 heading1 position2 velocity2 radius2 heading2 position3 velocity3 radius3 heading3 position4 velocity4 radius4 heading4 position5 velocity5 radius5 heading5 position6 velocity6 radius6 heading6 
0.0 (6.0,2.520078659057617) (0.0,0.0) 0.5 -0.22364184524336886 (10.0,2.61446809209391) 3.0 0.0 (6.0,5.0) (0,0) 1e-07 -0.22364184524336886 (6.0,1.0) (0,0) 1e-07 -0.22364184524336886 
1.0 (6.131163597106934,2.449836254119873) (0.13116371631622314,-0.07024233788251877) 0.5 -0.22364184524336886 (10.0,2.61446809209391) 3.0 -0.4916673535275331 (6.131163597106934,5.0) (0,0) 1e-07 -0.22364184524336886 (6.131163597106934,1.0) (0,0) 1e-07 -0.22364184524336886 
2.0 (6.334908485412598,2.309962511062622) (0.2037450075149536,-0.1398736834526062) 0.5 -0.22364184524336886 (10.0,2.61446809209391) 3.0 -0.6016171103516196 (6.334908485412598,5.0) (0,0) 1e-07 -0.22364184524336886 (6.334908485412598,1.0) (0,0) 1e-07 -0.22364184524336886 
3.0 (6.940866947174072,2.2532598972320557) (0.6059585213661194,-0.056702662259340286) 0.5 -0.22364184524336886 (10.0,2.61446809209391) 3.0 -0.09330345618641019 (6.940866947174072,5.0) (0,0) 1e-07 -0.22364184524336886 (6.940866947174072,1.0) (0,0) 1e-07 -0.22364184524336886 
4.0 (7.740520477294922,2.349069356918335) (0.7996534705162048,0.09580939263105392) 0.5 -0.22364184524336886 (10.0,2.61446809209391) 3.0 0.11924520695353216 (7.0,5.0) (0,0) 1e-07 -0.22364184524336886 (7.0,1.0) (0,0) 1e-07 -0.22364184524336886 
5.0 (8.522233963012695,2.4564876556396484) (0.7817130088806152,0.1074182540178299) 0.5 -0.22364184524336886 (10.0,2.61446809209391) 3.0 0.13655868523105041 (7.0,5.0) (0,0) 1e-07 -0.22364184524336886 (7.0,1.0) (0,0) 1e-07 -0.22364184524336886 
6.0 (9.234697341918945,2.559291124343872) (0.7124629020690918,0.10280336439609528) 0.5 -0.22364184524336886 (10.0,2.61446809209391) 3.0 0.14330384881488517 (7.0,5.0) (0,0) 1e-07 -0.22364184524336886 (7.0,1.0) (0,0) 1e-07 -0.22364184524336886 
7.0 (10.015534400939941,2.6673929691314697) (0.7808371782302856,0.1081017553806305) 0.5 -0.22364184524336886 (10.0,2.61446809209391) 3.0 0.13756894115230275 (7.0,5.0) (0,0) 1e-07 -0.22364184524336886 (7.0,1.0) (0,0) 1e-07 -0.22364184524336886 
