[[(7.0, 6.0), (0, 6.0), (0, 5.0), (7.0, 5.0)], [(7.0, 1.0), (0, 1.0), (0, 0), (7.0, 0)]]
timestamp position0 velocity0 radius0 heading0 goal pref_speed theta position1 velocity1 radius1 heading1 position2 velocity2 radius2 heading2 position3 velocity3 radius3 heading3 position4 velocity4 radius4 heading4 position5 velocity5 radius5 heading5 position6 velocity6 radius6 heading6 
0.0 (6.0,3.202852725982666) (0.0,0.0) 0.5 -0.02797966074176428 (10.0,2.788918678437665) 3.0 0.0 (6.0,5.0) (0,0) 1e-07 -0.02797966074176428 (6.0,1.0) (0,0) 1e-07 -0.02797966074176428 
1.0 (6.0806097984313965,3.0282716751098633) (0.08060996979475021,-0.17458109557628632) 0.5 -0.02797966074176428 (10.0,2.788918678437665) 3.0 -1.1382276360683437 (6.0806097984313965,5.0) (0,0) 1e-07 -0.02797966074176428 (6.0806097984313965,1.0) (0,0) 1e-07 -0.02797966074176428 
2.0 (6.30920934677124,2.8548519611358643) (0.22859951853752136,-0.1734197735786438) 0.5 -0.02797966074176428 (10.0,2.788918678437665) 3.0 -0.6489940295925413 (6.30920934677124,5.0) (0,0) 1e-07 -0.02797966074176428 (6.30920934677124,1.0) (0,0) 1e-07 -0.02797966074176428 
3.0 (6.991959095001221,2.7756712436676025) (0.6827496886253357,-0.07918080687522888) 0.5 -0.02797966074176428 (10.0,2.788918678437665) 3.0 -0.11545762113542324 (6.991959095001221,5.0) (0,0) 1e-07 -0.02797966074176428 (6.991959095001221,1.0) (0,0) 1e-07 -0.02797966074176428 
4.0 (7.871679306030273,2.8173365592956543) (0.8797202706336975,0.04166538640856743) 0.5 -0.02797966074176428 (10.0,2.788918678437665) 3.0 0.047326719094860546 (7.0,5.0) (0,0) 1e-07 -0.02797966074176428 (7.0,1.0) (0,0) 1e-07 -0.02797966074176428 
5.0 (8.689525604248047,2.897106409072876) (0.8178467154502869,0.07976993918418884) 0.5 -0.02797966074176428 (10.0,2.788918678437665) 3.0 0.0972289933474546 (7.0,5.0) (0,0) 1e-07 -0.02797966074176428 (7.0,1.0) (0,0) 1e-07 -0.02797966074176428 
6.0 (9.48479175567627,2.989593744277954) (0.795265793800354,0.0924873799085617) 0.5 -0.02797966074176428 (10.0,2.788918678437665) 3.0 0.11577734777347075 (7.0,5.0) (0,0) 1e-07 -0.02797966074176428 (7.0,1.0) (0,0) 1e-07 -0.02797966074176428 
7.0 (10.281332969665527,3.084522008895874) (0.7965413928031921,0.09492827951908112) 0.5 -0.02797966074176428 (10.0,2.788918678437665) 3.0 0.11861612638476962 (7.0,5.0) (0,0) 1e-07 -0.02797966074176428 (7.0,1.0) (0,0) 1e-07 -0.02797966074176428 
