[[(7.0, 6.0), (0, 6.0), (0, 5.0), (7.0, 5.0)], [(7.0, 1.0), (0, 1.0), (0, 0), (7.0, 0)]]
timestamp position0 velocity0 radius0 heading0 goal pref_speed theta position1 velocity1 radius1 heading1 position2 velocity2 radius2 heading2 position3 velocity3 radius3 heading3 position4 velocity4 radius4 heading4 position5 velocity5 radius5 heading5 position6 velocity6 radius6 heading6 
0.0 (6.0,3.320040225982666) (0.0,0.0) 0.5 -0.2800245520116265 (10.0,3.0154027025050665) 3.0 0.0 (6.0,5.0) (0,0) 1e-07 -0.2800245520116265 (6.0,1.0) (0,0) 1e-07 -0.2800245520116265 
1.0 (6.073686599731445,3.1625425815582275) (0.07368680834770203,-0.15749767422676086) 0.5 -0.2800245520116265 (10.0,3.0154027025050665) 3.0 -1.1331899669711998 (6.073686599731445,5.0) (0,0) 1e-07 -0.2800245520116265 (6.073686599731445,1.0) (0,0) 1e-07 -0.2800245520116265 
2.0 (6.269056797027588,3.0244393348693848) (0.19536998867988586,-0.13810333609580994) 0.5 -0.2800245520116265 (10.0,3.0154027025050665) 3.0 -0.6153291825335149 (6.269056797027588,5.0) (0,0) 1e-07 -0.2800245520116265 (6.269056797027588,1.0) (0,0) 1e-07 -0.2800245520116265 
3.0 (6.502380847930908,2.901414632797241) (0.23332399129867554,-0.12302468717098236) 0.5 -0.2800245520116265 (10.0,3.0154027025050665) 3.0 -0.48522467841986966 (6.502380847930908,5.0) (0,0) 1e-07 -0.2800245520116265 (6.502380847930908,1.0) (0,0) 1e-07 -0.2800245520116265 
4.0 (6.979935169219971,2.819905996322632) (0.47755417227745056,-0.08150866627693176) 0.5 -0.2800245520116265 (10.0,3.0154027025050665) 3.0 -0.16905041338243074 (6.979935169219971,5.0) (0,0) 1e-07 -0.2800245520116265 (6.979935169219971,1.0) (0,0) 1e-07 -0.2800245520116265 
5.0 (7.781935214996338,2.801987409591675) (0.8019999861717224,-0.01791856437921524) 0.5 -0.2800245520116265 (10.0,3.0154027025050665) 3.0 -0.022338633475735042 (7.0,5.0) (0,0) 1e-07 -0.2800245520116265 (7.0,1.0) (0,0) 1e-07 -0.2800245520116265 
6.0 (8.599533081054688,2.8747482299804688) (0.8175975680351257,0.07276074588298798) 0.5 -0.2800245520116265 (10.0,3.0154027025050665) 3.0 0.08875952233524241 (7.0,5.0) (0,0) 1e-07 -0.2800245520116265 (7.0,1.0) (0,0) 1e-07 -0.2800245520116265 
7.0 (9.4065580368042,2.956409454345703) (0.8070249557495117,0.0816611647605896) 0.5 -0.2800245520116265 (10.0,3.0154027025050665) 3.0 0.1008446574504393 (7.0,5.0) (0,0) 1e-07 -0.2800245520116265 (7.0,1.0) (0,0) 1e-07 -0.2800245520116265 
8.0 (10.202070236206055,3.048469305038452) (0.7955121397972107,0.09205995500087738) 0.5 -0.2800245520116265 (10.0,3.0154027025050665) 3.0 0.11521165214397805 (7.0,5.0) (0,0) 1e-07 -0.2800245520116265 (7.0,1.0) (0,0) 1e-07 -0.2800245520116265 
