[[(7.0, 6.0), (0, 6.0), (0, 5.0), (7.0, 5.0)], [(7.0, 1.0), (0, 1.0), (0, 0), (7.0, 0)]]
timestamp position0 velocity0 radius0 heading0 goal pref_speed theta position1 velocity1 radius1 heading1 position2 velocity2 radius2 heading2 position3 velocity3 radius3 heading3 position4 velocity4 radius4 heading4 position5 velocity5 radius5 heading5 position6 velocity6 radius6 heading6 
0.0 (6.0,2.6092045307159424) (0.0,0.0) 0.5 -0.1802746955049179 (10.0,3.237325102657163) 3.0 0.0 (6.0,5.0) (0,0) 1e-07 -0.1802746955049179 (6.0,1.0) (0,0) 1e-07 -0.1802746955049179 
1.0 (6.13599157333374,2.5157687664031982) (0.1359916478395462,-0.09343582391738892) 0.5 -0.1802746955049179 (10.0,3.237325102657163) 3.0 -0.6019955101082995 (6.13599157333374,5.0) (0,0) 1e-07 -0.1802746955049179 (6.13599157333374,1.0) (0,0) 1e-07 -0.1802746955049179 
2.0 (6.331681251525879,2.3739593029022217) (0.19568967819213867,-0.14180949330329895) 0.5 -0.1802746955049179 (10.0,3.237325102657163) 3.0 -0.6270886845962534 (6.331681251525879,5.0) (0,0) 1e-07 -0.1802746955049179 (6.331681251525879,1.0) (0,0) 1e-07 -0.1802746955049179 
3.0 (6.8584089279174805,2.3451027870178223) (0.5267277956008911,-0.02885645255446434) 0.5 -0.1802746955049179 (10.0,3.237325102657163) 3.0 -0.054729663877233804 (6.8584089279174805,5.0) (0,0) 1e-07 -0.1802746955049179 (6.8584089279174805,1.0) (0,0) 1e-07 -0.1802746955049179 
4.0 (7.613245010375977,2.4603679180145264) (0.7548361420631409,0.11526510119438171) 0.5 -0.1802746955049179 (10.0,3.237325102657163) 3.0 0.1515315830232554 (7.0,5.0) (0,0) 1e-07 -0.1802746955049179 (7.0,1.0) (0,0) 1e-07 -0.1802746955049179 
5.0 (8.393655776977539,2.5688869953155518) (0.7804111242294312,0.10851910710334778) 0.5 -0.1802746955049179 (10.0,3.237325102657163) 3.0 0.1381677783970812 (7.0,5.0) (0,0) 1e-07 -0.1802746955049179 (7.0,1.0) (0,0) 1e-07 -0.1802746955049179 
6.0 (9.173882484436035,2.677647590637207) (0.7802268862724304,0.10876062512397766) 0.5 -0.1802746955049179 (10.0,3.237325102657163) 3.0 0.13850365170797058 (7.0,5.0) (0,0) 1e-07 -0.1802746955049179 (7.0,1.0) (0,0) 1e-07 -0.1802746955049179 
7.0 (9.954062461853027,2.786465644836426) (0.7801796793937683,0.10881806910037994) 0.5 -0.1802746955049179 (10.0,3.237325102657163) 3.0 0.13858415029885623 (7.0,5.0) (0,0) 1e-07 -0.1802746955049179 (7.0,1.0) (0,0) 1e-07 -0.1802746955049179 
