[[(7.0, 6.0), (0, 6.0), (0, 5.0), (7.0, 5.0)], [(7.0, 1.0), (0, 1.0), (0, 0), (7.0, 0)]]
timestamp position0 velocity0 radius0 heading0 goal pref_speed theta position1 velocity1 radius1 heading1 position2 velocity2 radius2 heading2 position3 velocity3 radius3 heading3 position4 velocity4 radius4 heading4 position5 velocity5 radius5 heading5 position6 velocity6 radius6 heading6 
0.0 (6.0,2.52705979347229) (0.0,0.0) 0.5 -0.20042299334175373 (10.0,2.981952122650572) 3.0 0.0 (6.0,5.0) (0,0) 1e-07 -0.20042299334175373 (6.0,1.0) (0,0) 1e-07 -0.20042299334175373 
1.0 (6.134042739868164,2.426943302154541) (0.13404256105422974,-0.10011661052703857) 0.5 -0.20042299334175373 (10.0,2.981952122650572) 3.0 -0.6415152163816774 (6.134042739868164,5.0) (0,0) 1e-07 -0.20042299334175373 (6.134042739868164,1.0) (0,0) 1e-07 -0.20042299334175373 
2.0 (6.394307613372803,2.30019211769104) (0.260265052318573,-0.1267511546611786) 0.5 -0.20042299334175373 (10.0,2.981952122650572) 3.0 -0.453200068857044 (6.394307613372803,5.0) (0,0) 1e-07 -0.20042299334175373 (6.394307613372803,1.0) (0,0) 1e-07 -0.20042299334175373 
3.0 (7.053647994995117,2.3115317821502686) (0.6593403220176697,0.011339772492647171) 0.5 -0.20042299334175373 (10.0,2.981952122650572) 3.0 0.017196968292976383 (7.0,5.0) (0,0) 1e-07 -0.20042299334175373 (7.0,1.0) (0,0) 1e-07 -0.20042299334175373 
4.0 (7.838408470153809,2.4162819385528564) (0.7847607135772705,0.10475020110607147) 0.5 -0.20042299334175373 (10.0,2.981952122650572) 3.0 0.13269606132365475 (7.0,5.0) (0,0) 1e-07 -0.20042299334175373 (7.0,1.0) (0,0) 1e-07 -0.20042299334175373 
5.0 (8.619199752807617,2.5244407653808594) (0.7807914614677429,0.1081589013338089) 0.5 -0.20042299334175373 (10.0,2.981952122650572) 3.0 0.13764870730115678 (7.0,5.0) (0,0) 1e-07 -0.20042299334175373 (7.0,1.0) (0,0) 1e-07 -0.20042299334175373 
6.0 (9.399548530578613,2.6330738067626953) (0.7803487777709961,0.10863307118415833) 0.5 -0.20042299334175373 (10.0,2.981952122650572) 3.0 0.13832194632492423 (7.0,5.0) (0,0) 1e-07 -0.20042299334175373 (7.0,1.0) (0,0) 1e-07 -0.20042299334175373 
7.0 (10.179789543151855,2.7418253421783447) (0.7802413702011108,0.10875147581100464) 0.5 -0.20042299334175373 (10.0,2.981952122650572) 3.0 0.13848961059136755 (7.0,5.0) (0,0) 1e-07 -0.20042299334175373 (7.0,1.0) (0,0) 1e-07 -0.20042299334175373 
