[[(7.0, 6.0), (0, 6.0), (0, 5.0), (7.0, 5.0)], [(7.0, 1.0), (0, 1.0), (0, 0), (7.0, 0)]]
timestamp position0 velocity0 radius0 heading0 goal pref_speed theta position1 velocity1 radius1 heading1 position2 velocity2 radius2 heading2 position3 velocity3 radius3 heading3 position4 velocity4 radius4 heading4 position5 velocity5 radius5 heading5 position6 velocity6 radius6 heading6 
0.0 (6.0,2.5879013538360596) (0.0,0.0) 0.5 -0.04533305703232804 (10.0,3.3809751966175794) 3.0 0.0 (6.0,5.0) (0,0) 1e-07 -0.04533305703232804 (6.0,1.0) (0,0) 1e-07 -0.04533305703232804 
1.0 (6.145249366760254,2.5001583099365234) (0.14524950087070465,-0.08774308115243912) 0.5 -0.04533305703232804 (10.0,3.3809751966175794) 3.0 -0.5434179479502691 (6.145249366760254,5.0) (0,0) 1e-07 -0.04533305703232804 (6.145249366760254,1.0) (0,0) 1e-07 -0.04533305703232804 
2.0 (6.331759452819824,2.357755661010742) (0.18650996685028076,-0.14240266382694244) 0.5 -0.04533305703232804 (10.0,3.3809751966175794) 3.0 -0.6520930756306891 (6.331759452819824,5.0) (0,0) 1e-07 -0.04533305703232804 (6.331759452819824,1.0) (0,0) 1e-07 -0.04533305703232804 
3.0 (7.053132057189941,2.3593358993530273) (0.7213726043701172,0.0015801303088665009) 0.5 -0.04533305703232804 (10.0,3.3809751966175794) 3.0 0.0021904460636704144 (7.0,5.0) (0,0) 1e-07 -0.04533305703232804 (7.0,1.0) (0,0) 1e-07 -0.04533305703232804 
4.0 (7.8345232009887695,2.466796636581421) (0.781390905380249,0.10746075212955475) 0.5 -0.04533305703232804 (10.0,3.3809751966175794) 3.0 0.13666765816306925 (7.0,5.0) (0,0) 1e-07 -0.04533305703232804 (7.0,1.0) (0,0) 1e-07 -0.04533305703232804 
5.0 (8.614916801452637,2.5753676891326904) (0.7803938388824463,0.10857096314430237) 0.5 -0.04533305703232804 (10.0,3.3809751966175794) 3.0 0.13823598737837714 (7.0,5.0) (0,0) 1e-07 -0.04533305703232804 (7.0,1.0) (0,0) 1e-07 -0.04533305703232804 
6.0 (9.289974212646484,2.667477607727051) (0.6750571727752686,0.09210997819900513) 0.5 -0.04533305703232804 (10.0,3.3809751966175794) 3.0 0.1356102124030465 (7.0,5.0) (0,0) 1e-07 -0.04533305703232804 (7.0,1.0) (0,0) 1e-07 -0.04533305703232804 
7.0 (10.07025146484375,2.776188611984253) (0.7802777290344238,0.10871107876300812) 0.5 -0.04533305703232804 (10.0,3.3809751966175794) 3.0 0.13843245307351099 (7.0,5.0) (0,0) 1e-07 -0.04533305703232804 (7.0,1.0) (0,0) 1e-07 -0.04533305703232804 
