[[(7.0, 6.0), (0, 6.0), (0, 5.0), (7.0, 5.0)], [(7.0, 1.0), (0, 1.0), (0, 0), (7.0, 0)]]
timestamp position0 velocity0 radius0 heading0 goal pref_speed theta position1 velocity1 radius1 heading1 position2 velocity2 radius2 heading2 position3 velocity3 radius3 heading3 position4 velocity4 radius4 heading4 position5 velocity5 radius5 heading5 position6 velocity6 radius6 heading6 
0.0 (6.0,2.9430692195892334) (0.0,0.0) 0.5 -0.02728189151934335 (10.0,3.3002924011909935) 3.0 0.0 (6.0,5.0) (0,0) 1e-07 -0.02728189151934335 (6.0,1.0) (0,0) 1e-07 -0.02728189151934335 
1.0 (6.143381595611572,2.7693092823028564) (0.14338165521621704,-0.17376002669334412) 0.5 -0.02728189151934335 (10.0,3.3002924011909935) 3.0 -0.8808948158567355 (6.143381595611572,5.0) (0,0) 1e-07 -0.02728189151934335 (6.143381595611572,1.0) (0,0) 1e-07 -0.02728189151934335 
2.0 (6.600259304046631,2.5154473781585693) (0.45687752962112427,-0.2538618743419647) 0.5 -0.02728189151934335 (10.0,3.3002924011909935) 3.0 -0.5071671174306372 (6.600259304046631,5.0) (0,0) 1e-07 -0.02728189151934335 (6.600259304046631,1.0) (0,0) 1e-07 -0.02728189151934335 
3.0 (7.361529350280762,2.516333818435669) (0.7612701058387756,0.0008863676339387894) 0.5 -0.02728189151934335 (10.0,3.3002924011909935) 3.0 0.0011643268619162483 (7.0,5.0) (0,0) 1e-07 -0.02728189151934335 (7.0,1.0) (0,0) 1e-07 -0.02728189151934335 
4.0 (8.14462661743164,2.6221563816070557) (0.7830972671508789,0.10582248866558075) 0.5 -0.02728189151934335 (10.0,3.3002924011909935) 3.0 0.13431960302744136 (7.0,5.0) (0,0) 1e-07 -0.02728189151934335 (7.0,1.0) (0,0) 1e-07 -0.02728189151934335 
5.0 (8.931650161743164,2.725774049758911) (0.7870230674743652,0.10361768305301666) 0.5 -0.02728189151934335 (10.0,3.3002924011909935) 3.0 0.13090485281524625 (7.0,5.0) (0,0) 1e-07 -0.02728189151934335 (7.0,1.0) (0,0) 1e-07 -0.02728189151934335 
6.0 (9.711966514587402,2.834442138671875) (0.7803165912628174,0.10866808891296387) 0.5 -0.02728189151934335 (10.0,3.3002924011909935) 3.0 0.13837160214421476 (7.0,5.0) (0,0) 1e-07 -0.02728189151934335 (7.0,1.0) (0,0) 1e-07 -0.02728189151934335 
7.0 (10.492588996887207,2.94282865524292) (0.7806224226951599,0.1083865761756897) 0.5 -0.02728189151934335 (10.0,3.3002924011909935) 3.0 0.13796429216200617 (7.0,5.0) (0,0) 1e-07 -0.02728189151934335 (7.0,1.0) (0,0) 1e-07 -0.02728189151934335 
