[[(7.0, 6.0), (0, 6.0), (0, 5.0), (7.0, 5.0)], [(7.0, 1.0), (0, 1.0), (0, 0), (7.0, 0)]]
timestamp position0 velocity0 radius0 heading0 goal pref_speed theta position1 velocity1 radius1 heading1 position2 velocity2 radius2 heading2 position3 velocity3 radius3 heading3 position4 velocity4 radius4 heading4 position5 velocity5 radius5 heading5 position6 velocity6 radius6 heading6 
0.0 (6.0,3.3706605434417725) (0.0,0.0) 0.5 -0.3109031919451638 (10.0,2.7234566513539864) 3.0 0.0 (6.0,5.0) (0,0) 1e-07 -0.3109031919451638 (6.0,1.0) (0,0) 1e-07 -0.3109031919451638 
1.0 (6.089207649230957,3.2561464309692383) (0.08920785039663315,-0.11451415717601776) 0.5 -0.3109031919451638 (10.0,2.7234566513539864) 3.0 -0.9089848861575752 (6.089207649230957,5.0) (0,0) 1e-07 -0.3109031919451638 (6.089207649230957,1.0) (0,0) 1e-07 -0.3109031919451638 
2.0 (6.269031047821045,3.1100733280181885) (0.17982351779937744,-0.14607317745685577) 0.5 -0.3109031919451638 (10.0,2.7234566513539864) 3.0 -0.6822045620375164 (6.269031047821045,5.0) (0,0) 1e-07 -0.3109031919451638 (6.269031047821045,1.0) (0,0) 1e-07 -0.3109031919451638 
3.0 (6.448789119720459,2.9639811515808105) (0.17975807189941406,-0.14609217643737793) 0.5 -0.3109031919451638 (10.0,2.7234566513539864) 3.0 -0.6824463655127497 (6.448789119720459,5.0) (0,0) 1e-07 -0.3109031919451638 (6.448789119720459,1.0) (0,0) 1e-07 -0.3109031919451638 
4.0 (6.677850723266602,2.8300082683563232) (0.22906184196472168,-0.13397295773029327) 0.5 -0.3109031919451638 (10.0,2.7234566513539864) 3.0 -0.5292252788521813 (6.677850723266602,5.0) (0,0) 1e-07 -0.3109031919451638 (6.677850723266602,1.0) (0,0) 1e-07 -0.3109031919451638 
5.0 (7.419680118560791,2.7903857231140137) (0.7418292760848999,-0.039622481912374496) 0.5 -0.3109031919451638 (10.0,2.7234566513539864) 3.0 -0.05336115580544025 (7.0,5.0) (0,0) 1e-07 -0.3109031919451638 (7.0,1.0) (0,0) 1e-07 -0.3109031919451638 
6.0 (8.26875114440918,2.826497793197632) (0.8490709662437439,0.03611196577548981) 0.5 -0.3109031919451638 (10.0,2.7234566513539864) 3.0 0.042505534301270104 (7.0,5.0) (0,0) 1e-07 -0.3109031919451638 (7.0,1.0) (0,0) 1e-07 -0.3109031919451638 
7.0 (9.093056678771973,2.892122983932495) (0.8243051171302795,0.06562522053718567) 0.5 -0.3109031919451638 (10.0,2.7234566513539864) 3.0 0.07944521464144876 (7.0,5.0) (0,0) 1e-07 -0.3109031919451638 (7.0,1.0) (0,0) 1e-07 -0.3109031919451638 
8.0 (9.911194801330566,2.9642086029052734) (0.8181377053260803,0.0720856636762619) 0.5 -0.3109031919451638 (10.0,2.7234566513539864) 3.0 0.08788250074966268 (7.0,5.0) (0,0) 1e-07 -0.3109031919451638 (7.0,1.0) (0,0) 1e-07 -0.3109031919451638 
