[[(7.0, 6.0), (0, 6.0), (0, 5.0), (7.0, 5.0)], [(7.0, 1.0), (0, 1.0), (0, 0), (7.0, 0)]]
timestamp position0 velocity0 radius0 heading0 goal pref_speed theta position1 velocity1 radius1 heading1 position2 velocity2 radius2 heading2 position3 velocity3 radius3 heading3 position4 velocity4 radius4 heading4 position5 velocity5 radius5 heading5 position6 velocity6 radius6 heading6 
0.0 (6.0,2.770193338394165) (0.0,0.0) 0.5 -0.2109115172859274 (10.0,2.8493701381321923) 3.0 0.0 (6.0,5.0) (0,0) 1e-07 -0.2109115172859274 (6.0,1.0) (0,0) 1e-07 -0.2109115172859274 
1.0 (6.190813064575195,2.6599948406219482) (0.19081300497055054,-0.11019857972860336) 0.5 -0.2109115172859274 (10.0,2.8493701381321923) 3.0 -0.523727059017741 (6.190813064575195,5.0) (0,0) 1e-07 -0.2109115172859274 (6.190813064575195,1.0) (0,0) 1e-07 -0.2109115172859274 
2.0 (6.488863468170166,2.5338611602783203) (0.29805058240890503,-0.12613356113433838) 0.5 -0.2109115172859274 (10.0,2.8493701381321923) 3.0 -0.40034093115232633 (6.488863468170166,5.0) (0,0) 1e-07 -0.2109115172859274 (6.488863468170166,1.0) (0,0) 1e-07 -0.2109115172859274 
3.0 (7.037069797515869,2.4863481521606445) (0.5482062697410583,-0.047512952238321304) 0.5 -0.2109115172859274 (10.0,2.8493701381321923) 3.0 -0.08645380598432718 (7.0,5.0) (0,0) 1e-07 -0.2109115172859274 (7.0,1.0) (0,0) 1e-07 -0.2109115172859274 
4.0 (7.836186408996582,2.5807266235351562) (0.7991167306900024,0.09437835216522217) 0.5 -0.2109115172859274 (10.0,2.8493701381321923) 3.0 0.11755876936067992 (7.0,5.0) (0,0) 1e-07 -0.2109115172859274 (7.0,1.0) (0,0) 1e-07 -0.2109115172859274 
5.0 (8.618494033813477,2.687269926071167) (0.7823073863983154,0.10654328763484955) 0.5 -0.2109115172859274 (10.0,2.8493701381321923) 3.0 0.13535830356169298 (7.0,5.0) (0,0) 1e-07 -0.2109115172859274 (7.0,1.0) (0,0) 1e-07 -0.2109115172859274 
6.0 (9.29057502746582,2.775846481323242) (0.6720814108848572,0.08857657015323639) 0.5 -0.2109115172859274 (10.0,2.8493701381321923) 3.0 0.13103918178343008 (7.0,5.0) (0,0) 1e-07 -0.2109115172859274 (7.0,1.0) (0,0) 1e-07 -0.2109115172859274 
7.0 (9.962629318237305,2.8644144535064697) (0.6720540523529053,0.08856800198554993) 0.5 -0.2109115172859274 (10.0,2.8493701381321923) 3.0 0.13103192381711348 (7.0,5.0) (0,0) 1e-07 -0.2109115172859274 (7.0,1.0) (0,0) 1e-07 -0.2109115172859274 
