[[(7.0, 6.0), (0, 6.0), (0, 5.0), (7.0, 5.0)], [(7.0, 1.0), (0, 1.0), (0, 0), (7.0, 0)]]
timestamp position0 velocity0 radius0 heading0 goal pref_speed theta position1 velocity1 radius1 heading1 position2 velocity2 radius2 heading2 position3 velocity3 radius3 heading3 position4 velocity4 radius4 heading4 position5 velocity5 radius5 heading5 position6 velocity6 radius6 heading6 
0.0 (6.0,2.889448404312134) (0.0,0.0) 0.5 -0.24074703675973902 (10.0,3.3657024242696427) 3.0 0.0 (6.0,5.0) (0,0) 1e-07 -0.24074703675973902 (6.0,1.0) (0,0) 1e-07 -0.24074703675973902 
1.0 (6.176304340362549,2.7423911094665527) (0.17630434036254883,-0.1470571905374527) 0.5 -0.24074703675973902 (10.0,3.3657024242696427) 3.0 -0.6951963855378163 (6.176304340362549,5.0) (0,0) 1e-07 -0.24074703675973902 (6.176304340362549,1.0) (0,0) 1e-07 -0.24074703675973902 
2.0 (6.524331569671631,2.6030595302581787) (0.34802740812301636,-0.13933150470256805) 0.5 -0.24074703675973902 (10.0,3.3657024242696427) 3.0 -0.3808049243849861 (6.524331569671631,5.0) (0,0) 1e-07 -0.24074703675973902 (6.524331569671631,1.0) (0,0) 1e-07 -0.24074703675973902 
3.0 (7.181978225708008,2.6269991397857666) (0.6576465964317322,0.02393951639533043) 0.5 -0.24074703675973902 (10.0,3.3657024242696427) 3.0 0.036385728922316736 (7.0,5.0) (0,0) 1e-07 -0.24074703675973902 (7.0,1.0) (0,0) 1e-07 -0.24074703675973902 
4.0 (7.9644269943237305,2.733489513397217) (0.7824490070343018,0.106490358710289) 0.5 -0.24074703675973902 (10.0,3.3657024242696427) 3.0 0.13526768783112728 (7.0,5.0) (0,0) 1e-07 -0.24074703675973902 (7.0,1.0) (0,0) 1e-07 -0.24074703675973902 
5.0 (8.678905487060547,2.8376517295837402) (0.7144788503646851,0.10416227579116821) 0.5 -0.24074703675973902 (10.0,3.3657024242696427) 3.0 0.14476788000035637 (7.0,5.0) (0,0) 1e-07 -0.24074703675973902 (7.0,1.0) (0,0) 1e-07 -0.24074703675973902 
6.0 (9.459272384643555,2.9462640285491943) (0.7803669571876526,0.10861237347126007) 0.5 -0.24074703675973902 (10.0,3.3657024242696427) 3.0 0.13829274599025176 (7.0,5.0) (0,0) 1e-07 -0.24074703675973902 (7.0,1.0) (0,0) 1e-07 -0.24074703675973902 
7.0 (10.2396240234375,3.0549025535583496) (0.7803516387939453,0.10863861441612244) 0.5 -0.24074703675973902 (10.0,3.3657024242696427) 3.0 0.1383284140885324 (7.0,5.0) (0,0) 1e-07 -0.24074703675973902 (7.0,1.0) (0,0) 1e-07 -0.24074703675973902 
