[[(7.0, 6.0), (0, 6.0), (0, 5.0), (7.0, 5.0)], [(7.0, 1.0), (0, 1.0), (0, 0), (7.0, 0)]]
timestamp position0 velocity0 radius0 heading0 goal pref_speed theta position1 velocity1 radius1 heading1 position2 velocity2 radius2 heading2 position3 velocity3 radius3 heading3 position4 velocity4 radius4 heading4 position5 velocity5 radius5 heading5 position6 velocity6 radius6 heading6 
0.0 (6.0,3.224712610244751) (0.0,0.0) 0.5 -0.13359497973676937 (10.0,2.5432425592196095) 3.0 0.0 (6.0,5.0) (0,0) 1e-07 -0.13359497973676937 (6.0,1.0) (0,0) 1e-07 -0.13359497973676937 
1.0 (6.103964805603027,3.0733118057250977) (0.1039649248123169,-0.15140073001384735) 0.5 -0.13359497973676937 (10.0,2.5432425592196095) 3.0 -0.9690612012652139 (6.103964805603027,5.0) (0,0) 1e-07 -0.13359497973676937 (6.103964805603027,1.0) (0,0) 1e-07 -0.13359497973676937 
2.0 (6.418954849243164,2.81776762008667) (0.31498995423316956,-0.25554412603378296) 0.5 -0.13359497973676937 (10.0,2.5432425592196095) 3.0 -0.6815794762369198 (6.418954849243164,5.0) (0,0) 1e-07 -0.13359497973676937 (6.418954849243164,1.0) (0,0) 1e-07 -0.13359497973676937 
3.0 (7.162683486938477,2.7568976879119873) (0.7437284588813782,-0.06086983531713486) 0.5 -0.13359497973676937 (10.0,2.5432425592196095) 3.0 -0.08166215329508124 (7.0,5.0) (0,0) 1e-07 -0.13359497973676937 (7.0,1.0) (0,0) 1e-07 -0.13359497973676937 
4.0 (8.052641868591309,2.8101799488067627) (0.8899587988853455,0.053282372653484344) 0.5 -0.13359497973676937 (10.0,2.5432425592196095) 3.0 0.059799224327080264 (7.0,5.0) (0,0) 1e-07 -0.13359497973676937 (7.0,1.0) (0,0) 1e-07 -0.13359497973676937 
5.0 (8.940648078918457,2.868267297744751) (0.888006329536438,0.05808739364147186) 0.5 -0.13359497973676937 (10.0,2.5432425592196095) 3.0 0.06532020528437611 (7.0,5.0) (0,0) 1e-07 -0.13359497973676937 (7.0,1.0) (0,0) 1e-07 -0.13359497973676937 
6.0 (9.724138259887695,2.9736859798431396) (0.7834897041320801,0.10541875660419464) 0.5 -0.13359497973676937 (10.0,2.5432425592196095) 3.0 0.1337470280017366 (7.0,5.0) (0,0) 1e-07 -0.13359497973676937 (7.0,1.0) (0,0) 1e-07 -0.13359497973676937 
7.0 (10.512064933776855,3.076152801513672) (0.7879263162612915,0.10246671736240387) 0.5 -0.13359497973676937 (10.0,2.5432425592196095) 3.0 0.12932030374834283 (7.0,5.0) (0,0) 1e-07 -0.13359497973676937 (7.0,1.0) (0,0) 1e-07 -0.13359497973676937 
