[[(7.0, 6.0), (0, 6.0), (0, 5.0), (7.0, 5.0)], [(7.0, 1.0), (0, 1.0), (0, 0), (7.0, 0)]]
timestamp position0 velocity0 radius0 heading0 goal pref_speed theta position1 velocity1 radius1 heading1 position2 velocity2 radius2 heading2 position3 velocity3 radius3 heading3 position4 velocity4 radius4 heading4 position5 velocity5 radius5 heading5 position6 velocity6 radius6 heading6 
0.0 (6.0,2.8706247806549072) (0.0,0.0) 0.5 -0.21434967139392533 (10.0,3.4568129171849877) 3.0 0.0 (6.0,5.0) (0,0) 1e-07 -0.21434967139392533 (6.0,1.0) (0,0) 1e-07 -0.21434967139392533 
1.0 (6.190845489501953,2.7609760761260986) (0.19084541499614716,-0.10964876413345337) 0.5 -0.21434967139392533 (10.0,3.4568129171849877) 3.0 -0.5214902398859268 (6.190845489501953,5.0) (0,0) 1e-07 -0.21434967139392533 (6.190845489501953,1.0) (0,0) 1e-07 -0.21434967139392533 
2.0 (6.448852062225342,2.622516393661499) (0.258006751537323,-0.13845963776111603) 0.5 -0.21434967139392533 (10.0,3.4568129171849877) 3.0 -0.4925368958265991 (6.448852062225342,5.0) (0,0) 1e-07 -0.21434967139392533 (6.448852062225342,1.0) (0,0) 1e-07 -0.21434967139392533 
3.0 (6.794544219970703,2.5158677101135254) (0.3456920087337494,-0.10664856433868408) 0.5 -0.21434967139392533 (10.0,3.4568129171849877) 3.0 -0.2992434155840268 (6.794544219970703,5.0) (0,0) 1e-07 -0.21434967139392533 (6.794544219970703,1.0) (0,0) 1e-07 -0.21434967139392533 
4.0 (7.416256427764893,2.5476315021514893) (0.6217121481895447,0.0317637100815773) 0.5 -0.21434967139392533 (10.0,3.4568129171849877) 3.0 0.05104631813737478 (7.0,5.0) (0,0) 1e-07 -0.21434967139392533 (7.0,1.0) (0,0) 1e-07 -0.21434967139392533 
5.0 (8.20056438446045,2.651918411254883) (0.7843083739280701,0.1042868047952652) 0.5 -0.21434967139392533 (10.0,3.4568129171849877) 3.0 0.13219117115495652 (7.0,5.0) (0,0) 1e-07 -0.21434967139392533 (7.0,1.0) (0,0) 1e-07 -0.21434967139392533 
6.0 (8.868908882141113,2.7361867427825928) (0.6683444380760193,0.08426825702190399) 0.5 -0.21434967139392533 (10.0,3.4568129171849877) 3.0 0.1254232306928456 (7.0,5.0) (0,0) 1e-07 -0.21434967139392533 (7.0,1.0) (0,0) 1e-07 -0.21434967139392533 
7.0 (9.537229537963867,2.8204474449157715) (0.6683204770088196,0.08426074683666229) 0.5 -0.21434967139392533 (10.0,3.4568129171849877) 3.0 0.12541661888238498 (7.0,5.0) (0,0) 1e-07 -0.21434967139392533 (7.0,1.0) (0,0) 1e-07 -0.21434967139392533 
8.0 (10.206171035766602,2.9049031734466553) (0.6689416170120239,0.08445574343204498) 0.5 -0.21434967139392533 (10.0,3.4568129171849877) 3.0 0.12558831702778497 (7.0,5.0) (0,0) 1e-07 -0.21434967139392533 (7.0,1.0) (0,0) 1e-07 -0.21434967139392533 
