[[(7.0, 6.0), (0, 6.0), (0, 5.0), (7.0, 5.0)], [(7.0, 1.0), (0, 1.0), (0, 0), (7.0, 0)]]
timestamp position0 velocity0 radius0 heading0 goal pref_speed theta position1 velocity1 radius1 heading1 position2 velocity2 radius2 heading2 position3 velocity3 radius3 heading3 position4 velocity4 radius4 heading4 position5 velocity5 radius5 heading5 position6 velocity6 radius6 heading6 
0.0 (6.0,2.5629382133483887) (0.0,0.0) 0.5 -0.2911070844173723 (10.0,3.186920582369524) 3.0 0.0 (6.0,5.0) (0,0) 1e-07 -0.2911070844173723 (6.0,1.0) (0,0) 1e-07 -0.2911070844173723 
1.0 (6.1324968338012695,2.4922051429748535) (0.1324969083070755,-0.07073310762643814) 0.5 -0.2911070844173723 (10.0,3.186920582369524) 3.0 -0.4903573342790675 (6.1324968338012695,5.0) (0,0) 1e-07 -0.2911070844173723 (6.1324968338012695,1.0) (0,0) 1e-07 -0.2911070844173723 
2.0 (6.347660064697266,2.362424850463867) (0.21516329050064087,-0.12978018820285797) 0.5 -0.2911070844173723 (10.0,3.186920582369524) 3.0 -0.5427476216321118 (6.347660064697266,5.0) (0,0) 1e-07 -0.2911070844173723 (6.347660064697266,1.0) (0,0) 1e-07 -0.2911070844173723 
3.0 (6.883476257324219,2.3563430309295654) (0.5358161926269531,-0.006081804633140564) 0.5 -0.2911070844173723 (10.0,3.186920582369524) 3.0 -0.011350055400104619 (6.883476257324219,5.0) (0,0) 1e-07 -0.2911070844173723 (6.883476257324219,1.0) (0,0) 1e-07 -0.2911070844173723 
4.0 (7.549344062805176,2.437812089920044) (0.665867805480957,0.08146905899047852) 0.5 -0.2911070844173723 (10.0,3.186920582369524) 3.0 0.12174511519475903 (7.0,5.0) (0,0) 1e-07 -0.2911070844173723 (7.0,1.0) (0,0) 1e-07 -0.2911070844173723 
5.0 (8.329648971557617,2.546452045440674) (0.7803048491477966,0.10863983631134033) 0.5 -0.2911070844173723 (10.0,3.186920582369524) 3.0 0.13833813944344564 (7.0,5.0) (0,0) 1e-07 -0.2911070844173723 (7.0,1.0) (0,0) 1e-07 -0.2911070844173723 
6.0 (9.010420799255371,2.640465497970581) (0.6807721853256226,0.09401348233222961) 0.5 -0.2911070844173723 (10.0,3.186920582369524) 3.0 0.1372303145270071 (7.0,5.0) (0,0) 1e-07 -0.2911070844173723 (7.0,1.0) (0,0) 1e-07 -0.2911070844173723 
7.0 (9.688693046569824,2.733689308166504) (0.6782724857330322,0.09322375059127808) 0.5 -0.2911070844173723 (10.0,3.186920582369524) 3.0 0.1365871406200192 (7.0,5.0) (0,0) 1e-07 -0.2911070844173723 (7.0,1.0) (0,0) 1e-07 -0.2911070844173723 
8.0 (10.398961067199707,2.8369948863983154) (0.7102681994438171,0.1033056378364563) 0.5 -0.2911070844173723 (10.0,3.186920582369524) 3.0 0.14443316763296488 (7.0,5.0) (0,0) 1e-07 -0.2911070844173723 (7.0,1.0) (0,0) 1e-07 -0.2911070844173723 
