[[(7.0, 6.0), (0, 6.0), (0, 5.0), (7.0, 5.0)], [(7.0, 1.0), (0, 1.0), (0, 0), (7.0, 0)]]
timestamp position0 velocity0 radius0 heading0 goal pref_speed theta position1 velocity1 radius1 heading1 position2 velocity2 radius2 heading2 position3 velocity3 radius3 heading3 position4 velocity4 radius4 heading4 position5 velocity5 radius5 heading5 position6 velocity6 radius6 heading6 
0.0 (6.0,3.1124660968780518) (0.0,0.0) 0.5 -0.19770933809233066 (10.0,2.7364483177373073) 3.0 0.0 (6.0,5.0) (0,0) 1e-07 -0.19770933809233066 (6.0,1.0) (0,0) 1e-07 -0.19770933809233066 
1.0 (6.149083137512207,2.9521822929382324) (0.14908304810523987,-0.1602838933467865) 0.5 -0.19770933809233066 (10.0,2.7364483177373073) 3.0 -0.8215880510969886 (6.149083137512207,5.0) (0,0) 1e-07 -0.19770933809233066 (6.149083137512207,1.0) (0,0) 1e-07 -0.19770933809233066 
2.0 (6.548161506652832,2.705822467803955) (0.3990781307220459,-0.24635973572731018) 0.5 -0.19770933809233066 (10.0,2.7364483177373073) 3.0 -0.5530590419622988 (6.548161506652832,5.0) (0,0) 1e-07 -0.19770933809233066 (6.548161506652832,1.0) (0,0) 1e-07 -0.19770933809233066 
3.0 (6.973163604736328,2.656198263168335) (0.4250020384788513,-0.04962429776787758) 0.5 -0.19770933809233066 (10.0,2.7364483177373073) 3.0 -0.11623616590436643 (6.973163604736328,5.0) (0,0) 1e-07 -0.19770933809233066 (6.973163604736328,1.0) (0,0) 1e-07 -0.19770933809233066 
4.0 (7.843632221221924,2.695438861846924) (0.87046879529953,0.03924049064517021) 0.5 -0.19770933809233066 (10.0,2.7364483177373073) 3.0 0.04504922170372801 (7.0,5.0) (0,0) 1e-07 -0.19770933809233066 (7.0,1.0) (0,0) 1e-07 -0.19770933809233066 
5.0 (8.53608226776123,2.756927490234375) (0.692449688911438,0.06148865073919296) 0.5 -0.19770933809233066 (10.0,2.7364483177373073) 3.0 0.08856642586145438 (7.0,5.0) (0,0) 1e-07 -0.19770933809233066 (7.0,1.0) (0,0) 1e-07 -0.19770933809233066 
6.0 (9.318639755249023,2.863511562347412) (0.7825571894645691,0.10658398270606995) 0.5 -0.19770933809233066 (10.0,2.7364483177373073) 3.0 0.13536667685008494 (7.0,5.0) (0,0) 1e-07 -0.19770933809233066 (7.0,1.0) (0,0) 1e-07 -0.19770933809233066 
7.0 (10.102910995483398,2.9690864086151123) (0.7842710614204407,0.10557480156421661) 0.5 -0.19770933809233066 (10.0,2.7364483177373073) 3.0 0.13381079085621334 (7.0,5.0) (0,0) 1e-07 -0.19770933809233066 (7.0,1.0) (0,0) 1e-07 -0.19770933809233066 
