[[(7.0, 6.0), (0, 6.0), (0, 5.0), (7.0, 5.0)], [(7.0, 1.0), (0, 1.0), (0, 0), (7.0, 0)]]
timestamp position0 velocity0 radius0 heading0 goal pref_speed theta position1 velocity1 radius1 heading1 position2 velocity2 radius2 heading2 position3 velocity3 radius3 heading3 position4 velocity4 radius4 heading4 position5 velocity5 radius5 heading5 position6 velocity6 radius6 heading6 
0.0 (6.0,3.3360202312469482) (0.0,0.0) 0.5 -0.28376515817042347 (10.0,2.565574327946604) 3.0 0.0 (6.0,5.0) (0,0) 1e-07 -0.28376515817042347 (6.0,1.0) (0,0) 1e-07 -0.28376515817042347 
1.0 (6.112918853759766,3.216170310974121) (0.11291906237602234,-0.1198500394821167) 0.5 -0.28376515817042347 (10.0,2.565574327946604) 3.0 -0.8151655584481595 (6.112918853759766,5.0) (0,0) 1e-07 -0.28376515817042347 (6.112918853759766,1.0) (0,0) 1e-07 -0.28376515817042347 
2.0 (6.308602333068848,3.07437801361084) (0.19568324089050293,-0.14179232716560364) 0.5 -0.28376515817042347 (10.0,2.565574327946604) 3.0 -0.6270467952703003 (6.308602333068848,5.0) (0,0) 1e-07 -0.28376515817042347 (6.308602333068848,1.0) (0,0) 1e-07 -0.28376515817042347 
3.0 (6.504934310913086,2.932750940322876) (0.19633173942565918,-0.1416269689798355) 0.5 -0.28376515817042347 (10.0,2.565574327946604) 3.0 -0.6249218584864804 (6.504934310913086,5.0) (0,0) 1e-07 -0.28376515817042347 (6.504934310913086,1.0) (0,0) 1e-07 -0.28376515817042347 
4.0 (6.850621223449707,2.8115577697753906) (0.3456869423389435,-0.12119317054748535) 0.5 -0.28376515817042347 (10.0,2.565574327946604) 3.0 -0.3371972062264397 (6.850621223449707,5.0) (0,0) 1e-07 -0.28376515817042347 (6.850621223449707,1.0) (0,0) 1e-07 -0.28376515817042347 
5.0 (7.567461013793945,2.77850079536438) (0.7168398499488831,-0.03305702283978462) 0.5 -0.28376515817042347 (10.0,2.565574327946604) 3.0 -0.04608228716010603 (7.0,5.0) (0,0) 1e-07 -0.28376515817042347 (7.0,1.0) (0,0) 1e-07 -0.28376515817042347 
6.0 (8.425795555114746,2.810730218887329) (0.8583343625068665,0.03222952410578728) 0.5 -0.28376515817042347 (10.0,2.565574327946604) 3.0 0.03753128301258825 (7.0,5.0) (0,0) 1e-07 -0.28376515817042347 (7.0,1.0) (0,0) 1e-07 -0.28376515817042347 
7.0 (9.246731758117676,2.880537986755371) (0.8209357857704163,0.06980781257152557) 0.5 -0.28376515817042347 (10.0,2.565574327946604) 3.0 0.08483036466172447 (7.0,5.0) (0,0) 1e-07 -0.28376515817042347 (7.0,1.0) (0,0) 1e-07 -0.28376515817042347 
8.0 (10.061591148376465,2.955451726913452) (0.8148595094680786,0.07491384446620941) 0.5 -0.28376515817042347 (10.0,2.565574327946604) 3.0 0.09167697081961239 (7.0,5.0) (0,0) 1e-07 -0.28376515817042347 (7.0,1.0) (0,0) 1e-07 -0.28376515817042347 
