[[(7.0, 6.0), (0, 6.0), (0, 5.0), (7.0, 5.0)], [(7.0, 1.0), (0, 1.0), (0, 0), (7.0, 0)]]
timestamp position0 velocity0 radius0 heading0 goal pref_speed theta position1 velocity1 radius1 heading1 position2 velocity2 radius2 heading2 position3 velocity3 radius3 heading3 position4 velocity4 radius4 heading4 position5 velocity5 radius5 heading5 position6 velocity6 radius6 heading6 
0.0 (6.0,3.429128646850586) (0.0,0.0) 0.5 -0.3625114417912123 (10.0,3.138270010585856) 3.0 0.0 (6.0,5.0) (0,0) 1e-07 -0.3625114417912123 (6.0,1.0) (0,0) 1e-07 -0.3625114417912123 
1.0 (6.053761005401611,3.2783632278442383) (0.053761135786771774,-0.1507652997970581) 0.5 -0.3625114417912123 (10.0,3.138270010585856) 3.0 -1.2282643334631056 (6.053761005401611,5.0) (0,0) 1e-07 -0.3625114417912123 (6.053761005401611,1.0) (0,0) 1e-07 -0.3625114417912123 
2.0 (6.245131969451904,3.1178219318389893) (0.19137108325958252,-0.16054128110408783) 0.5 -0.3625114417912123 (10.0,3.138270010585856) 3.0 -0.6980147842894262 (6.245131969451904,5.0) (0,0) 1e-07 -0.3625114417912123 (6.245131969451904,1.0) (0,0) 1e-07 -0.3625114417912123 
3.0 (6.50323486328125,2.979384660720825) (0.2581028938293457,-0.1384372115135193) 0.5 -0.3625114417912123 (10.0,3.138270010585856) 3.0 -0.49231420584248986 (6.50323486328125,5.0) (0,0) 1e-07 -0.3625114417912123 (6.50323486328125,1.0) (0,0) 1e-07 -0.3625114417912123 
4.0 (6.8030524253845215,2.8502557277679443) (0.29981762170791626,-0.12912890315055847) 0.5 -0.3625114417912123 (10.0,3.138270010585856) 3.0 -0.4066815108224337 (6.8030524253845215,5.0) (0,0) 1e-07 -0.3625114417912123 (6.8030524253845215,1.0) (0,0) 1e-07 -0.3625114417912123 
5.0 (7.446125507354736,2.7757022380828857) (0.6430732011795044,-0.07455356419086456) 0.5 -0.3625114417912123 (10.0,3.138270010585856) 3.0 -0.11541799473553993 (7.0,5.0) (0,0) 1e-07 -0.3625114417912123 (7.0,1.0) (0,0) 1e-07 -0.3625114417912123 
6.0 (7.688686370849609,2.638046979904175) (0.24256086349487305,-0.1376553475856781) 0.5 -0.3625114417912123 (10.0,3.138270010585856) 3.0 -0.5161859803681746 (7.0,5.0) (0,0) 1e-07 -0.3625114417912123 (7.0,1.0) (0,0) 1e-07 -0.3625114417912123 
7.0 (8.393617630004883,2.5894510746002197) (0.7049312591552734,-0.04859599098563194) 0.5 -0.3625114417912123 (10.0,3.138270010585856) 3.0 -0.06882831139774252 (7.0,5.0) (0,0) 1e-07 -0.3625114417912123 (7.0,1.0) (0,0) 1e-07 -0.3625114417912123 
8.0 (9.206757545471191,2.6333415508270264) (0.8131396770477295,0.04389055445790291) 0.5 -0.3625114417912123 (10.0,3.138270010585856) 3.0 0.05392431992020153 (7.0,5.0) (0,0) 1e-07 -0.3625114417912123 (7.0,1.0) (0,0) 1e-07 -0.3625114417912123 
9.0 (10.00051212310791,2.7272512912750244) (0.7937542796134949,0.09390974044799805) 0.5 -0.3625114417912123 (10.0,3.138270010585856) 3.0 0.11776341941918915 (7.0,5.0) (0,0) 1e-07 -0.3625114417912123 (7.0,1.0) (0,0) 1e-07 -0.3625114417912123 
