[[(7.0, 6.0), (0, 6.0), (0, 5.0), (7.0, 5.0)], [(7.0, 1.0), (0, 1.0), (0, 0), (7.0, 0)]]
timestamp position0 velocity0 radius0 heading0 goal pref_speed theta position1 velocity1 radius1 heading1 position2 velocity2 radius2 heading2 position3 velocity3 radius3 heading3 position4 velocity4 radius4 heading4 position5 velocity5 radius5 heading5 position6 velocity6 radius6 heading6 
0.0 (6.0,2.535824775695801) (0.0,0.0) 0.5 -0.28108197504986565 (10.0,2.845937256496066) 3.0 0.0 (6.0,5.0) (0,0) 1e-07 -0.28108197504986565 (6.0,1.0) (0,0) 1e-07 -0.28108197504986565 
1.0 (6.111806392669678,2.462963342666626) (0.11180657893419266,-0.0728614553809166) 0.5 -0.28108197504986565 (10.0,2.845937256496066) 3.0 -0.5775512152765253 (6.111806392669678,5.0) (0,0) 1e-07 -0.28108197504986565 (6.111806392669678,1.0) (0,0) 1e-07 -0.28108197504986565 
2.0 (6.300268173217773,2.3190619945526123) (0.1884615421295166,-0.14390142261981964) 0.5 -0.28108197504986565 (10.0,2.845937256496066) 3.0 -0.6521222610880267 (6.300268173217773,5.0) (0,0) 1e-07 -0.28108197504986565 (6.300268173217773,1.0) (0,0) 1e-07 -0.28108197504986565 
3.0 (6.640395164489746,2.2281835079193115) (0.3401269316673279,-0.09087851643562317) 0.5 -0.28108197504986565 (10.0,2.845937256496066) 3.0 -0.2610909215601965 (6.640395164489746,5.0) (0,0) 1e-07 -0.28108197504986565 (6.640395164489746,1.0) (0,0) 1e-07 -0.28108197504986565 
4.0 (7.258485317230225,2.2544102668762207) (0.618090033531189,0.026226859539747238) 0.5 -0.28108197504986565 (10.0,2.845937256496066) 3.0 0.04240666368840915 (7.0,5.0) (0,0) 1e-07 -0.28108197504986565 (7.0,1.0) (0,0) 1e-07 -0.28108197504986565 
5.0 (8.04052448272705,2.361372470855713) (0.7820391058921814,0.10696227848529816) 0.5 -0.28108197504986565 (10.0,2.845937256496066) 3.0 0.1359301395456127 (7.0,5.0) (0,0) 1e-07 -0.28108197504986565 (7.0,1.0) (0,0) 1e-07 -0.28108197504986565 
6.0 (8.774467468261719,2.47039794921875) (0.7339427471160889,0.10902537405490875) 0.5 -0.28108197504986565 (10.0,2.845937256496066) 3.0 0.14746912634812456 (7.0,5.0) (0,0) 1e-07 -0.28108197504986565 (7.0,1.0) (0,0) 1e-07 -0.28108197504986565 
7.0 (9.555270195007324,2.5785329341888428) (0.7808030843734741,0.10813507437705994) 0.5 -0.28108197504986565 (10.0,2.845937256496066) 3.0 0.13761674251500985 (7.0,5.0) (0,0) 1e-07 -0.28108197504986565 (7.0,1.0) (0,0) 1e-07 -0.28108197504986565 
8.0 (10.335721015930176,2.687053918838501) (0.7804510593414307,0.1085209846496582) 0.5 -0.28108197504986565 (10.0,2.845937256496066) 3.0 0.13816315817004665 (7.0,5.0) (0,0) 1e-07 -0.28108197504986565 (7.0,1.0) (0,0) 1e-07 -0.28108197504986565 
