[[(7.0, 6.0), (0, 6.0), (0, 5.0), (7.0, 5.0)], [(7.0, 1.0), (0, 1.0), (0, 0), (7.0, 0)]]
timestamp position0 velocity0 radius0 heading0 goal pref_speed theta position1 velocity1 radius1 heading1 position2 velocity2 radius2 heading2 position3 velocity3 radius3 heading3 position4 velocity4 radius4 heading4 position5 velocity5 radius5 heading5 position6 velocity6 radius6 heading6 
0.0 (6.0,3.294215202331543) (0.0,0.0) 0.5 -0.367418371050379 (10.0,3.0336026133894687) 3.0 0.0 (6.0,5.0) (0,0) 1e-07 -0.367418371050379 (6.0,1.0) (0,0) 1e-07 -0.367418371050379 
1.0 (6.149165153503418,3.1407554149627686) (0.14916500449180603,-0.15345977246761322) 0.5 -0.367418371050379 (10.0,3.0336026133894687) 3.0 -0.7995889369501378 (6.149165153503418,5.0) (0,0) 1e-07 -0.367418371050379 (6.149165153503418,1.0) (0,0) 1e-07 -0.367418371050379 
2.0 (6.407256603240967,3.0023176670074463) (0.2580915689468384,-0.13843773305416107) 0.5 -0.367418371050379 (10.0,3.0336026133894687) 3.0 -0.4923340521222355 (6.407256603240967,5.0) (0,0) 1e-07 -0.367418371050379 (6.407256603240967,1.0) (0,0) 1e-07 -0.367418371050379 
3.0 (6.683630466461182,2.8679213523864746) (0.2763736844062805,-0.1343962848186493) 0.5 -0.367418371050379 (10.0,3.0336026133894687) 3.0 -0.45261526204711083 (6.683630466461182,5.0) (0,0) 1e-07 -0.367418371050379 (6.683630466461182,1.0) (0,0) 1e-07 -0.367418371050379 
4.0 (7.2879228591918945,2.7872402667999268) (0.6042922735214233,-0.08068104088306427) 0.5 -0.367418371050379 (10.0,3.0336026133894687) 3.0 -0.1327283273388841 (7.0,5.0) (0,0) 1e-07 -0.367418371050379 (7.0,1.0) (0,0) 1e-07 -0.367418371050379 
5.0 (7.53354549407959,2.6484763622283936) (0.24562275409698486,-0.1387639045715332) 0.5 -0.367418371050379 (10.0,3.0336026133894687) 3.0 -0.5142465705300608 (7.0,5.0) (0,0) 1e-07 -0.367418371050379 (7.0,1.0) (0,0) 1e-07 -0.367418371050379 
6.0 (7.779168605804443,2.5097122192382812) (0.2456231713294983,-0.13876405358314514) 0.5 -0.367418371050379 (10.0,3.0336026133894687) 3.0 -0.5142463029434464 (7.0,5.0) (0,0) 1e-07 -0.367418371050379 (7.0,1.0) (0,0) 1e-07 -0.367418371050379 
7.0 (8.50267505645752,2.4655768871307373) (0.7235067486763,-0.044135335832834244) 0.5 -0.367418371050379 (10.0,3.0336026133894687) 3.0 -0.06092646925851913 (7.0,5.0) (0,0) 1e-07 -0.367418371050379 (7.0,1.0) (0,0) 1e-07 -0.367418371050379 
8.0 (9.318451881408691,2.5396974086761475) (0.815777063369751,0.07412053644657135) 0.5 -0.367418371050379 (10.0,3.0336026133894687) 3.0 0.09061002214762336 (7.0,5.0) (0,0) 1e-07 -0.367418371050379 (7.0,1.0) (0,0) 1e-07 -0.367418371050379 
9.0 (10.111798286437988,2.6340551376342773) (0.7933464646339417,0.09435766935348511) 0.5 -0.367418371050379 (10.0,3.0336026133894687) 3.0 0.11838016473953156 (7.0,5.0) (0,0) 1e-07 -0.367418371050379 (7.0,1.0) (0,0) 1e-07 -0.367418371050379 
