[[(7.0, 6.0), (0, 6.0), (0, 5.0), (7.0, 5.0)], [(7.0, 1.0), (0, 1.0), (0, 0), (7.0, 0)]]
timestamp position0 velocity0 radius0 heading0 goal pref_speed theta position1 velocity1 radius1 heading1 position2 velocity2 radius2 heading2 position3 velocity3 radius3 heading3 position4 velocity4 radius4 heading4 position5 velocity5 radius5 heading5 position6 velocity6 radius6 heading6 
0.0 (6.0,3.3604633808135986) (0.0,0.0) 0.5 -0.2607325779215228 (10.0,3.004049528459166) 3.0 0.0 (6.0,5.0) (0,0) 1e-07 -0.2607325779215228 (6.0,1.0) (0,0) 1e-07 -0.2607325779215228 
1.0 (6.059528827667236,3.19791316986084) (0.05952897667884827,-0.16255027055740356) 0.5 -0.2607325779215228 (10.0,3.004049528459166) 3.0 -1.2197463161241222 (6.059528827667236,5.0) (0,0) 1e-07 -0.2607325779215228 (6.059528827667236,1.0) (0,0) 1e-07 -0.2607325779215228 
2.0 (6.263455390930176,3.038578748703003) (0.20392674207687378,-0.15933436155319214) 0.5 -0.2607325779215228 (10.0,3.004049528459166) 3.0 -0.6632535224456265 (6.263455390930176,5.0) (0,0) 1e-07 -0.2607325779215228 (6.263455390930176,1.0) (0,0) 1e-07 -0.2607325779215228 
3.0 (6.531319618225098,2.9023585319519043) (0.2678643465042114,-0.1362202763557434) 0.5 -0.2607325779215228 (10.0,3.004049528459166) 3.0 -0.4704578515466779 (6.531319618225098,5.0) (0,0) 1e-07 -0.2607325779215228 (6.531319618225098,1.0) (0,0) 1e-07 -0.2607325779215228 
4.0 (7.091299533843994,2.8168838024139404) (0.5599800944328308,-0.0854746401309967) 0.5 -0.2607325779215228 (10.0,3.004049528459166) 3.0 -0.1514695903460819 (7.0,5.0) (0,0) 1e-07 -0.2607325779215228 (7.0,1.0) (0,0) 1e-07 -0.2607325779215228 
5.0 (7.810401916503906,2.761046886444092) (0.7191023230552673,-0.05583684518933296) 0.5 -0.2607325779215228 (10.0,3.004049528459166) 3.0 -0.07749249344546603 (7.0,5.0) (0,0) 1e-07 -0.2607325779215228 (7.0,1.0) (0,0) 1e-07 -0.2607325779215228 
6.0 (8.030077934265137,2.625572919845581) (0.21967560052871704,-0.13547389209270477) 0.5 -0.2607325779215228 (10.0,3.004049528459166) 3.0 -0.5526083322793907 (7.0,5.0) (0,0) 1e-07 -0.2607325779215228 (7.0,1.0) (0,0) 1e-07 -0.2607325779215228 
7.0 (8.790528297424316,2.576895236968994) (0.7604506015777588,-0.04867777228355408) 0.5 -0.2607325779215228 (10.0,3.004049528459166) 3.0 -0.06392453286812828 (7.0,5.0) (0,0) 1e-07 -0.2607325779215228 (7.0,1.0) (0,0) 1e-07 -0.2607325779215228 
8.0 (9.602311134338379,2.649768590927124) (0.8117827773094177,0.07287324219942093) 0.5 -0.2607325779215228 (10.0,3.004049528459166) 3.0 0.08952940932209943 (7.0,5.0) (0,0) 1e-07 -0.2607325779215228 (7.0,1.0) (0,0) 1e-07 -0.2607325779215228 
9.0 (10.39696216583252,2.7426934242248535) (0.7946510910987854,0.09292474389076233) 0.5 -0.2607325779215228 (10.0,3.004049528459166) 3.0 0.11640910295778568 (7.0,5.0) (0,0) 1e-07 -0.2607325779215228 (7.0,1.0) (0,0) 1e-07 -0.2607325779215228 
