[[(7.0, 6.0), (0, 6.0), (0, 5.0), (7.0, 5.0)], [(7.0, 1.0), (0, 1.0), (0, 0), (7.0, 0)]]
timestamp position0 velocity0 radius0 heading0 goal pref_speed theta position1 velocity1 radius1 heading1 position2 velocity2 radius2 heading2 position3 velocity3 radius3 heading3 position4 velocity4 radius4 heading4 position5 velocity5 radius5 heading5 position6 velocity6 radius6 heading6 
0.0 (6.0,3.3551061153411865) (0.0,0.0) 0.5 -0.061265632411222626 (10.0,3.0277240477373306) 3.0 0.0 (6.0,5.0) (0,0) 1e-07 -0.061265632411222626 (6.0,1.0) (0,0) 1e-07 -0.061265632411222626 
1.0 (6.064887046813965,3.192704200744629) (0.06488724052906036,-0.16240191459655762) 0.5 -0.061265632411222626 (10.0,3.0277240477373306) 3.0 -1.1906803008756357 (6.064887046813965,5.0) (0,0) 1e-07 -0.061265632411222626 (6.064887046813965,1.0) (0,0) 1e-07 -0.061265632411222626 
2.0 (6.276834011077881,3.0382044315338135) (0.21194709837436676,-0.15449967980384827) 0.5 -0.061265632411222626 (10.0,3.0277240477373306) 3.0 -0.6298950340234631 (6.276834011077881,5.0) (0,0) 1e-07 -0.061265632411222626 (6.276834011077881,1.0) (0,0) 1e-07 -0.061265632411222626 
3.0 (6.54621696472168,2.902360200881958) (0.2693830132484436,-0.13584433495998383) 0.5 -0.061265632411222626 (10.0,3.0277240477373306) 3.0 -0.467065356230603 (6.54621696472168,5.0) (0,0) 1e-07 -0.061265632411222626 (6.54621696472168,1.0) (0,0) 1e-07 -0.061265632411222626 
4.0 (7.139336109161377,2.8204002380371094) (0.5931190252304077,-0.0819600373506546) 0.5 -0.061265632411222626 (10.0,3.0277240477373306) 3.0 -0.13731519926862262 (7.0,5.0) (0,0) 1e-07 -0.061265632411222626 (7.0,1.0) (0,0) 1e-07 -0.061265632411222626 
5.0 (7.387665748596191,2.6806561946868896) (0.24832969903945923,-0.13974396884441376) 0.5 -0.061265632411222626 (10.0,3.0277240477373306) 3.0 -0.5125684347616821 (7.0,5.0) (0,0) 1e-07 -0.061265632411222626 (7.0,1.0) (0,0) 1e-07 -0.061265632411222626 
6.0 (7.635996341705322,2.540911912918091) (0.2483304738998413,-0.13974420726299286) 0.5 -0.061265632411222626 (10.0,3.0277240477373306) 3.0 -0.51256783035377 (7.0,5.0) (0,0) 1e-07 -0.061265632411222626 (7.0,1.0) (0,0) 1e-07 -0.061265632411222626 
7.0 (7.884328365325928,2.401167154312134) (0.24833190441131592,-0.13974466919898987) 0.5 -0.061265632411222626 (10.0,3.0277240477373306) 3.0 -0.5125667811398216 (7.0,5.0) (0,0) 1e-07 -0.061265632411222626 (7.0,1.0) (0,0) 1e-07 -0.061265632411222626 
8.0 (8.622475624084473,2.328730583190918) (0.7381469011306763,-0.07243660092353821) 0.5 -0.061265632411222626 (10.0,3.0277240477373306) 3.0 -0.0978198396793725 (7.0,5.0) (0,0) 1e-07 -0.061265632411222626 (7.0,1.0) (0,0) 1e-07 -0.061265632411222626 
9.0 (9.422842025756836,2.4142284393310547) (0.8003659248352051,0.08549775928258896) 0.5 -0.061265632411222626 (10.0,3.0277240477373306) 3.0 0.10641976861458512 (7.0,5.0) (0,0) 1e-07 -0.061265632411222626 (7.0,1.0) (0,0) 1e-07 -0.061265632411222626 
10.0 (10.210798263549805,2.5145070552825928) (0.7879559993743896,0.10027870535850525) 0.5 -0.061265632411222626 (10.0,3.0277240477373306) 3.0 0.126583880123486 (7.0,5.0) (0,0) 1e-07 -0.061265632411222626 (7.0,1.0) (0,0) 1e-07 -0.061265632411222626 
