[[(7.0, 6.0), (0, 6.0), (0, 5.0), (7.0, 5.0)], [(7.0, 1.0), (0, 1.0), (0, 0), (7.0, 0)]]
timestamp position0 velocity0 radius0 heading0 goal pref_speed theta position1 velocity1 radius1 heading1 position2 velocity2 radius2 heading2 position3 velocity3 radius3 heading3 position4 velocity4 radius4 heading4 position5 velocity5 radius5 heading5 position6 velocity6 radius6 heading6 
0.0 (6.0,2.5730717182159424) (0.0,0.0) 0.5 -0.2686374645469441 (10.0,3.4971207496044303) 3.0 0.0 (6.0,5.0) (0,0) 1e-07 -0.2686374645469441 (6.0,1.0) (0,0) 1e-07 -0.2686374645469441 
1.0 (6.16857385635376,2.5413084030151367) (0.16857397556304932,-0.03176339715719223) 0.5 -0.2686374645469441 (10.0,3.4971207496044303) 3.0 -0.1862405016692811 (6.16857385635376,5.0) (0,0) 1e-07 -0.2686374645469441 (6.16857385635376,1.0) (0,0) 1e-07 -0.2686374645469441 
2.0 (6.55063009262085,2.448542594909668) (0.38205623626708984,-0.09276584535837173) 0.5 -0.2686374645469441 (10.0,3.4971207496044303) 3.0 -0.23819720182302806 (6.55063009262085,5.0) (0,0) 1e-07 -0.2686374645469441 (6.55063009262085,1.0) (0,0) 1e-07 -0.2686374645469441 
3.0 (7.319454193115234,2.4879510402679443) (0.7688242197036743,0.03940846771001816) 0.5 -0.2686374645469441 (10.0,3.4971207496044303) 3.0 0.05121327758416692 (7.0,5.0) (0,0) 1e-07 -0.2686374645469441 (7.0,1.0) (0,0) 1e-07 -0.2686374645469441 
4.0 (8.100064277648926,2.5962142944335938) (0.7806097865104675,0.10826322436332703) 0.5 -0.2686374645469441 (10.0,3.4971207496044303) 3.0 0.13781146292103572 (7.0,5.0) (0,0) 1e-07 -0.2686374645469441 (7.0,1.0) (0,0) 1e-07 -0.2686374645469441 
5.0 (8.880780220031738,2.7045023441314697) (0.7807163596153259,0.1082879900932312) 0.5 -0.2686374645469441 (10.0,3.4971207496044303) 3.0 0.13782401112564266 (7.0,5.0) (0,0) 1e-07 -0.2686374645469441 (7.0,1.0) (0,0) 1e-07 -0.2686374645469441 
6.0 (9.559948921203613,2.798163414001465) (0.6791688203811646,0.09366098046302795) 0.5 -0.2686374645469441 (10.0,3.4971207496044303) 3.0 0.13704092097350662 (7.0,5.0) (0,0) 1e-07 -0.2686374645469441 (7.0,1.0) (0,0) 1e-07 -0.2686374645469441 
7.0 (10.340295791625977,2.906802177429199) (0.7803469300270081,0.10863876342773438) 0.5 -0.2686374645469441 (10.0,3.4971207496044303) 3.0 0.13832942550702756 (7.0,5.0) (0,0) 1e-07 -0.2686374645469441 (7.0,1.0) (0,0) 1e-07 -0.2686374645469441 
