[[(7.0, 6.0), (0, 6.0), (0, 5.0), (7.0, 5.0)], [(7.0, 1.0), (0, 1.0), (0, 0), (7.0, 0)]]
timestamp position0 velocity0 radius0 heading0 goal pref_speed theta position1 velocity1 radius1 heading1 position2 velocity2 radius2 heading2 position3 velocity3 radius3 heading3 position4 velocity4 radius4 heading4 position5 velocity5 radius5 heading5 position6 velocity6 radius6 heading6 
0.0 (6.0,3.1744651794433594) (0.0,0.0) 0.5 -0.15660566028755402 (10.0,3.192239406989874) 3.0 0.0 (6.0,5.0) (0,0) 1e-07 -0.15660566028755402 (6.0,1.0) (0,0) 1e-07 -0.15660566028755402 
1.0 (6.117786407470703,3.0125317573547363) (0.11778631806373596,-0.1619333028793335) 0.5 -0.15660566028755402 (10.0,3.192239406989874) 3.0 -0.9419328210503015 (6.117786407470703,5.0) (0,0) 1e-07 -0.15660566028755402 (6.117786407470703,1.0) (0,0) 1e-07 -0.15660566028755402 
2.0 (6.358047008514404,2.881584882736206) (0.24026060104370117,-0.1309467852115631) 0.5 -0.15660566028755402 (10.0,3.192239406989874) 3.0 -0.4990116033971251 (6.358047008514404,5.0) (0,0) 1e-07 -0.15660566028755402 (6.358047008514404,1.0) (0,0) 1e-07 -0.15660566028755402 
3.0 (6.881740093231201,2.811333179473877) (0.5236930251121521,-0.07025168836116791) 0.5 -0.15660566028755402 (10.0,3.192239406989874) 3.0 -0.13335060117315517 (6.881740093231201,5.0) (0,0) 1e-07 -0.15660566028755402 (6.881740093231201,1.0) (0,0) 1e-07 -0.15660566028755402 
4.0 (7.668732643127441,2.8867416381835938) (0.7869923710823059,0.07540853321552277) 0.5 -0.15660566028755402 (10.0,3.192239406989874) 3.0 0.09552699424944142 (7.0,5.0) (0,0) 1e-07 -0.15660566028755402 (7.0,1.0) (0,0) 1e-07 -0.15660566028755402 
5.0 (8.483184814453125,2.9620261192321777) (0.8144523501396179,0.07528448849916458) 0.5 -0.15660566028755402 (10.0,3.192239406989874) 3.0 0.09217379231168732 (7.0,5.0) (0,0) 1e-07 -0.15660566028755402 (7.0,1.0) (0,0) 1e-07 -0.15660566028755402 
6.0 (9.297545433044434,3.0373637676239014) (0.8143603205680847,0.07533764839172363) 0.5 -0.15660566028755402 (10.0,3.192239406989874) 3.0 0.09224887436975672 (7.0,5.0) (0,0) 1e-07 -0.15660566028755402 (7.0,1.0) (0,0) 1e-07 -0.15660566028755402 
7.0 (9.918176651000977,3.068267822265625) (0.6206315755844116,0.030904170125722885) 0.5 -0.15660566028755402 (10.0,3.192239406989874) 3.0 0.04975361686330539 (7.0,5.0) (0,0) 1e-07 -0.15660566028755402 (7.0,1.0) (0,0) 1e-07 -0.15660566028755402 
