[[(7.0, 6.0), (0, 6.0), (0, 5.0), (7.0, 5.0)], [(7.0, 1.0), (0, 1.0), (0, 0), (7.0, 0)]]
timestamp position0 velocity0 radius0 heading0 goal pref_speed theta position1 velocity1 radius1 heading1 position2 velocity2 radius2 heading2 position3 velocity3 radius3 heading3 position4 velocity4 radius4 heading4 position5 velocity5 radius5 heading5 position6 velocity6 radius6 heading6 
0.0 (6.0,3.4304637908935547) (0.0,0.0) 0.5 -0.06395379164579607 (10.0,3.3753722793627294) 3.0 0.0 (6.0,5.0) (0,0) 1e-07 -0.06395379164579607 (6.0,1.0) (0,0) 1e-07 -0.06395379164579607 
1.0 (6.117145538330078,3.2851946353912354) (0.11714575439691544,-0.1452692151069641) 0.5 -0.06395379164579607 (10.0,3.3753722793627294) 3.0 -0.8921623602215524 (6.117145538330078,5.0) (0,0) 1e-07 -0.06395379164579607 (6.117145538330078,1.0) (0,0) 1e-07 -0.06395379164579607 
2.0 (6.354781627655029,3.138792037963867) (0.2376362383365631,-0.14640265703201294) 0.5 -0.06395379164579607 (10.0,3.3753722793627294) 3.0 -0.5521583596887453 (6.354781627655029,5.0) (0,0) 1e-07 -0.06395379164579607 (6.354781627655029,1.0) (0,0) 1e-07 -0.06395379164579607 
3.0 (6.612809658050537,3.0003373622894287) (0.2580278515815735,-0.13845469057559967) 0.5 -0.06395379164579607 (10.0,3.3753722793627294) 3.0 -0.4924879367702704 (6.612809658050537,5.0) (0,0) 1e-07 -0.06395379164579607 (6.612809658050537,1.0) (0,0) 1e-07 -0.06395379164579607 
4.0 (6.891419410705566,2.8665966987609863) (0.27860957384109497,-0.13374078273773193) 0.5 -0.06395379164579607 (10.0,3.3753722793627294) 3.0 -0.44754385838650707 (6.891419410705566,5.0) (0,0) 1e-07 -0.06395379164579607 (6.891419410705566,1.0) (0,0) 1e-07 -0.06395379164579607 
5.0 (7.401059150695801,2.7799131870269775) (0.5096397995948792,-0.08668342232704163) 0.5 -0.06395379164579607 (10.0,3.3753722793627294) 3.0 -0.16847531817204098 (7.0,5.0) (0,0) 1e-07 -0.06395379164579607 (7.0,1.0) (0,0) 1e-07 -0.06395379164579607 
6.0 (7.642005443572998,2.6428422927856445) (0.24094641208648682,-0.13707083463668823) 0.5 -0.06395379164579607 (10.0,3.3753722793627294) 3.0 -0.5172266615475798 (7.0,5.0) (0,0) 1e-07 -0.06395379164579607 (7.0,1.0) (0,0) 1e-07 -0.06395379164579607 
7.0 (8.222658157348633,2.57904052734375) (0.5806523561477661,-0.0638018250465393) 0.5 -0.06395379164579607 (10.0,3.3753722793627294) 3.0 -0.10944052450547372 (7.0,5.0) (0,0) 1e-07 -0.06395379164579607 (7.0,1.0) (0,0) 1e-07 -0.06395379164579607 
8.0 (9.014776229858398,2.6262879371643066) (0.7921178936958313,0.04724741727113724) 0.5 -0.06395379164579607 (10.0,3.3753722793627294) 3.0 0.05957636522798445 (7.0,5.0) (0,0) 1e-07 -0.06395379164579607 (7.0,1.0) (0,0) 1e-07 -0.06395379164579607 
9.0 (9.804445266723633,2.72468638420105) (0.7896685600280762,0.09839838743209839) 0.5 -0.06395379164579607 (10.0,3.3753722793627294) 3.0 0.12396821799545145 (7.0,5.0) (0,0) 1e-07 -0.06395379164579607 (7.0,1.0) (0,0) 1e-07 -0.06395379164579607 
10.0 (10.588536262512207,2.829209089279175) (0.7840911746025085,0.10452279448509216) 0.5 -0.06395379164579607 (10.0,3.3753722793627294) 3.0 0.1325230928499626 (7.0,5.0) (0,0) 1e-07 -0.06395379164579607 (7.0,1.0) (0,0) 1e-07 -0.06395379164579607 
