[[(7.0, 6.0), (0, 6.0), (0, 5.0), (7.0, 5.0)], [(7.0, 1.0), (0, 1.0), (0, 0), (7.0, 0)]]
timestamp position0 velocity0 radius0 heading0 goal pref_speed theta position1 velocity1 radius1 heading1 position2 velocity2 radius2 heading2 position3 velocity3 radius3 heading3 position4 velocity4 radius4 heading4 position5 velocity5 radius5 heading5 position6 velocity6 radius6 heading6 
0.0 (6.0,3.4457123279571533) (0.0,0.0) 0.5 -0.2661587405949748 (10.0,3.0469514358925465) 3.0 0.0 (6.0,5.0) (0,0) 1e-07 -0.2661587405949748 (6.0,1.0) (0,0) 1e-07 -0.2661587405949748 
1.0 (6.079516887664795,3.3139755725860596) (0.07951685786247253,-0.13173680007457733) 0.5 -0.2661587405949748 (10.0,3.0469514358925465) 3.0 -1.027731048465445 (6.079516887664795,5.0) (0,0) 1e-07 -0.2661587405949748 (6.079516887664795,1.0) (0,0) 1e-07 -0.2661587405949748 
2.0 (6.303080081939697,3.1891696453094482) (0.22356298565864563,-0.12480583786964417) 0.5 -0.2661587405949748 (10.0,3.0469514358925465) 3.0 -0.5091612535095943 (6.303080081939697,5.0) (0,0) 1e-07 -0.2661587405949748 (6.303080081939697,1.0) (0,0) 1e-07 -0.2661587405949748 
3.0 (6.546955108642578,3.0710647106170654) (0.24387496709823608,-0.11810487508773804) 0.5 -0.2661587405949748 (10.0,3.0469514358925465) 3.0 -0.45099637993993724 (6.546955108642578,5.0) (0,0) 1e-07 -0.2661587405949748 (6.546955108642578,1.0) (0,0) 1e-07 -0.2661587405949748 
4.0 (6.791121959686279,2.953051805496216) (0.24416673183441162,-0.11801284551620483) 0.5 -0.2661587405949748 (10.0,3.0469514358925465) 3.0 -0.4502220277081289 (6.791121959686279,5.0) (0,0) 1e-07 -0.2661587405949748 (6.791121959686279,1.0) (0,0) 1e-07 -0.2661587405949748 
5.0 (7.071094036102295,2.8402163982391357) (0.2799720764160156,-0.11283533275127411) 0.5 -0.2661587405949748 (10.0,3.0469514358925465) 3.0 -0.38311014242692326 (7.0,5.0) (0,0) 1e-07 -0.2661587405949748 (7.0,1.0) (0,0) 1e-07 -0.2661587405949748 
6.0 (7.825953483581543,2.812561511993408) (0.754859447479248,-0.027654852718114853) 0.5 -0.2661587405949748 (10.0,3.0469514358925465) 3.0 -0.03661938679457148 (7.0,5.0) (0,0) 1e-07 -0.2661587405949748 (7.0,1.0) (0,0) 1e-07 -0.2661587405949748 
7.0 (8.631169319152832,2.8959243297576904) (0.8052158951759338,0.08336277306079865) 0.5 -0.2661587405949748 (10.0,3.0469514358925465) 3.0 0.10316095708914311 (7.0,5.0) (0,0) 1e-07 -0.2661587405949748 (7.0,1.0) (0,0) 1e-07 -0.2661587405949748 
8.0 (9.43088150024414,2.9638545513153076) (0.799712598323822,0.06793025881052017) 0.5 -0.2661587405949748 (10.0,3.0469514358925465) 3.0 0.08473992027514851 (7.0,5.0) (0,0) 1e-07 -0.2661587405949748 (7.0,1.0) (0,0) 1e-07 -0.2661587405949748 
9.0 (10.227914810180664,3.0316076278686523) (0.7970333695411682,0.0677531510591507) 0.5 -0.2661587405949748 (10.0,3.0469514358925465) 3.0 0.08480279472567982 (7.0,5.0) (0,0) 1e-07 -0.2661587405949748 (7.0,1.0) (0,0) 1e-07 -0.2661587405949748 
