[[(7.0, 6.0), (0, 6.0), (0, 5.0), (7.0, 5.0)], [(7.0, 1.0), (0, 1.0), (0, 0), (7.0, 0)]]
timestamp position0 velocity0 radius0 heading0 goal pref_speed theta position1 velocity1 radius1 heading1 position2 velocity2 radius2 heading2 position3 velocity3 radius3 heading3 position4 velocity4 radius4 heading4 position5 velocity5 radius5 heading5 position6 velocity6 radius6 heading6 
0.0 (6.0,2.9671237468719482) (0.0,0.0) 0.5 -0.008827730882410734 (10.0,3.4298694577016304) 3.0 0.0 (6.0,5.0) (0,0) 1e-07 -0.008827730882410734 (6.0,1.0) (0,0) 1e-07 -0.008827730882410734 
1.0 (6.13714075088501,2.794250249862671) (0.13714078068733215,-0.17287342250347137) 0.5 -0.008827730882410734 (10.0,3.4298694577016304) 3.0 -0.9001530774560124 (6.13714075088501,5.0) (0,0) 1e-07 -0.008827730882410734 (6.13714075088501,1.0) (0,0) 1e-07 -0.008827730882410734 
2.0 (6.514044761657715,2.535400152206421) (0.3769038915634155,-0.2588500678539276) 0.5 -0.008827730882410734 (10.0,3.4298694577016304) 3.0 -0.6017982931234839 (6.514044761657715,5.0) (0,0) 1e-07 -0.008827730882410734 (6.514044761657715,1.0) (0,0) 1e-07 -0.008827730882410734 
3.0 (7.235103130340576,2.54529070854187) (0.721058189868927,0.009890498593449593) 0.5 -0.008827730882410734 (10.0,3.4298694577016304) 3.0 0.013715783990011292 (7.0,5.0) (0,0) 1e-07 -0.008827730882410734 (7.0,1.0) (0,0) 1e-07 -0.008827730882410734 
4.0 (8.01885986328125,2.6508915424346924) (0.783757209777832,0.1056007444858551) 0.5 -0.008827730882410734 (10.0,3.4298694577016304) 3.0 0.1339299868676745 (7.0,5.0) (0,0) 1e-07 -0.008827730882410734 (7.0,1.0) (0,0) 1e-07 -0.008827730882410734 
5.0 (8.756462097167969,2.7628371715545654) (0.7376025319099426,0.11194552481174469) 0.5 -0.008827730882410734 (10.0,3.4298694577016304) 3.0 0.1506200025929693 (7.0,5.0) (0,0) 1e-07 -0.008827730882410734 (7.0,1.0) (0,0) 1e-07 -0.008827730882410734 
6.0 (9.538065910339355,2.8703250885009766) (0.7816036343574524,0.10748784244060516) 0.5 -0.008827730882410734 (10.0,3.4298694577016304) 3.0 0.13666493933943888 (7.0,5.0) (0,0) 1e-07 -0.008827730882410734 (7.0,1.0) (0,0) 1e-07 -0.008827730882410734 
7.0 (10.318619728088379,2.9787893295288086) (0.7805538177490234,0.10846415162086487) 0.5 -0.008827730882410734 (10.0,3.4298694577016304) 3.0 0.138073768651287 (7.0,5.0) (0,0) 1e-07 -0.008827730882410734 (7.0,1.0) (0,0) 1e-07 -0.008827730882410734 
