[[(7.0, 6.0), (0, 6.0), (0, 5.0), (7.0, 5.0)], [(7.0, 1.0), (0, 1.0), (0, 0), (7.0, 0)]]
timestamp position0 velocity0 radius0 heading0 goal pref_speed theta position1 velocity1 radius1 heading1 position2 velocity2 radius2 heading2 position3 velocity3 radius3 heading3 position4 velocity4 radius4 heading4 position5 velocity5 radius5 heading5 position6 velocity6 radius6 heading6 
0.0 (6.0,2.609607458114624) (0.0,0.0) 0.5 -0.19255781928629445 (10.0,2.749665086043329) 3.0 0.0 (6.0,5.0) (0,0) 1e-07 -0.19255781928629445 (6.0,1.0) (0,0) 1e-07 -0.19255781928629445 
1.0 (6.136247158050537,2.5547287464141846) (0.13624711334705353,-0.05487874522805214) 0.5 -0.19255781928629445 (10.0,2.749665086043329) 3.0 -0.3829077835186137 (6.136247158050537,5.0) (0,0) 1e-07 -0.19255781928629445 (6.136247158050537,1.0) (0,0) 1e-07 -0.19255781928629445 
2.0 (6.340012550354004,2.4149177074432373) (0.20376557111740112,-0.13981100916862488) 0.5 -0.19255781928629445 (10.0,2.749665086043329) 3.0 -0.6013609233319885 (6.340012550354004,5.0) (0,0) 1e-07 -0.19255781928629445 (6.340012550354004,1.0) (0,0) 1e-07 -0.19255781928629445 
3.0 (7.094213485717773,2.3672778606414795) (0.7542009949684143,-0.04763995483517647) 0.5 -0.19255781928629445 (10.0,2.749665086043329) 3.0 -0.06308231613240667 (7.0,5.0) (0,0) 1e-07 -0.19255781928629445 (7.0,1.0) (0,0) 1e-07 -0.19255781928629445 
4.0 (7.892825126647949,2.4649577140808105) (0.7986118793487549,0.09767980873584747) 0.5 -0.19255781928629445 (10.0,2.749665086043329) 3.0 0.1217074695044717 (7.0,5.0) (0,0) 1e-07 -0.19255781928629445 (7.0,1.0) (0,0) 1e-07 -0.19255781928629445 
5.0 (8.674447059631348,2.572413444519043) (0.781622052192688,0.10745561122894287) 0.5 -0.19255781928629445 (10.0,2.749665086043329) 3.0 0.13662128779391766 (7.0,5.0) (0,0) 1e-07 -0.19255781928629445 (7.0,1.0) (0,0) 1e-07 -0.19255781928629445 
6.0 (9.45505142211914,2.6807703971862793) (0.7806041240692139,0.10835705697536469) 0.5 -0.19255781928629445 (10.0,2.749665086043329) 3.0 0.13793038462332713 (7.0,5.0) (0,0) 1e-07 -0.19255781928629445 (7.0,1.0) (0,0) 1e-07 -0.19255781928629445 
7.0 (10.235458374023438,2.789339542388916) (0.7804069519042969,0.1085691899061203) 0.5 -0.19255781928629445 (10.0,2.749665086043329) 3.0 0.1382314650487747 (7.0,5.0) (0,0) 1e-07 -0.19255781928629445 (7.0,1.0) (0,0) 1e-07 -0.19255781928629445 
