[[(7.0, 6.0), (0, 6.0), (0, 5.0), (7.0, 5.0)], [(7.0, 1.0), (0, 1.0), (0, 0), (7.0, 0)]]
timestamp position0 velocity0 radius0 heading0 goal pref_speed theta position1 velocity1 radius1 heading1 position2 velocity2 radius2 heading2 position3 velocity3 radius3 heading3 position4 velocity4 radius4 heading4 position5 velocity5 radius5 heading5 position6 velocity6 radius6 heading6 
0.0 (6.0,2.5203094482421875) (0.0,0.0) 0.5 -0.003890854404887789 (10.0,3.488127205355389) 3.0 0.0 (6.0,5.0) (0,0) 1e-07 -0.003890854404887789 (6.0,1.0) (0,0) 1e-07 -0.003890854404887789 
1.0 (6.164463043212891,2.4961984157562256) (0.16446320712566376,-0.024111084640026093) 0.5 -0.003890854404887789 (10.0,3.488127205355389) 3.0 -0.14556775099502015 (6.164463043212891,5.0) (0,0) 1e-07 -0.003890854404887789 (6.164463043212891,1.0) (0,0) 1e-07 -0.003890854404887789 
2.0 (6.444884300231934,2.392744541168213) (0.28042125701904297,-0.10345391929149628) 0.5 -0.003890854404887789 (10.0,3.488127205355389) 3.0 -0.35343248747496153 (6.444884300231934,5.0) (0,0) 1e-07 -0.003890854404887789 (6.444884300231934,1.0) (0,0) 1e-07 -0.003890854404887789 
3.0 (7.22128438949585,2.429969072341919) (0.7764002084732056,0.03722447156906128) 0.5 -0.003890854404887789 (10.0,3.488127205355389) 3.0 0.04790826635214207 (7.0,5.0) (0,0) 1e-07 -0.003890854404887789 (7.0,1.0) (0,0) 1e-07 -0.003890854404887789 
4.0 (8.001899719238281,2.538015842437744) (0.7806152105331421,0.10804671049118042) 0.5 -0.003890854404887789 (10.0,3.488127205355389) 3.0 0.1375383783892986 (7.0,5.0) (0,0) 1e-07 -0.003890854404887789 (7.0,1.0) (0,0) 1e-07 -0.003890854404887789 
5.0 (8.782140731811523,2.6467177867889404) (0.7802413702011108,0.10870203375816345) 0.5 -0.003890854404887789 (10.0,3.488127205355389) 3.0 0.1384274500161781 (7.0,5.0) (0,0) 1e-07 -0.003890854404887789 (7.0,1.0) (0,0) 1e-07 -0.003890854404887789 
6.0 (9.562322616577148,2.7555270195007324) (0.7801822423934937,0.10880912840366364) 0.5 -0.003890854404887789 (10.0,3.488127205355389) 3.0 0.13857245975116758 (7.0,5.0) (0,0) 1e-07 -0.003890854404887789 (7.0,1.0) (0,0) 1e-07 -0.003890854404887789 
7.0 (10.342483520507812,2.864365577697754) (0.7801609039306641,0.1088385283946991) 0.5 -0.003890854404887789 (10.0,3.488127205355389) 3.0 0.13861316684353883 (7.0,5.0) (0,0) 1e-07 -0.003890854404887789 (7.0,1.0) (0,0) 1e-07 -0.003890854404887789 
