[[(7.0, 6.0), (0, 6.0), (0, 5.0), (7.0, 5.0)], [(7.0, 1.0), (0, 1.0), (0, 0), (7.0, 0)]]
timestamp position0 velocity0 radius0 heading0 goal pref_speed theta position1 velocity1 radius1 heading1 position2 velocity2 radius2 heading2 position3 velocity3 radius3 heading3 position4 velocity4 radius4 heading4 position5 velocity5 radius5 heading5 position6 velocity6 radius6 heading6 
0.0 (6.0,3.184666156768799) (0.0,0.0) 0.5 -0.24522051917670656 (10.0,3.26375110475656) 3.0 0.0 (6.0,5.0) (0,0) 1e-07 -0.24522051917670656 (6.0,1.0) (0,0) 1e-07 -0.24522051917670656 
1.0 (6.138834476470947,3.0306029319763184) (0.1388346552848816,-0.15406334400177002) 0.5 -0.24522051917670656 (10.0,3.26375110475656) 3.0 -0.8373445353818982 (6.138834476470947,5.0) (0,0) 1e-07 -0.24522051917670656 (6.138834476470947,1.0) (0,0) 1e-07 -0.24522051917670656 
2.0 (6.3459014892578125,2.8959903717041016) (0.20706713199615479,-0.13461267948150635) 0.5 -0.24522051917670656 (10.0,3.26375110475656) 3.0 -0.5764398707017606 (6.3459014892578125,5.0) (0,0) 1e-07 -0.24522051917670656 (6.3459014892578125,1.0) (0,0) 1e-07 -0.24522051917670656 
3.0 (6.78244161605835,2.821475028991699) (0.4365400969982147,-0.07451531291007996) 0.5 -0.24522051917670656 (10.0,3.26375110475656) 3.0 -0.1690657830864309 (6.78244161605835,5.0) (0,0) 1e-07 -0.24522051917670656 (6.78244161605835,1.0) (0,0) 1e-07 -0.24522051917670656 
4.0 (7.640242576599121,2.858452320098877) (0.857801079750061,0.03697730973362923) 0.5 -0.24522051917670656 (10.0,3.26375110475656) 3.0 0.043080420507522275 (7.0,5.0) (0,0) 1e-07 -0.24522051917670656 (7.0,1.0) (0,0) 1e-07 -0.24522051917670656 
5.0 (8.473448753356934,2.9136204719543457) (0.8332058787345886,0.05516814813017845) 0.5 -0.24522051917670656 (10.0,3.26375110475656) 3.0 0.06611540026614059 (7.0,5.0) (0,0) 1e-07 -0.24522051917670656 (7.0,1.0) (0,0) 1e-07 -0.24522051917670656 
6.0 (9.05372142791748,2.925637722015381) (0.5802730321884155,0.012017171829938889) 0.5 -0.24522051917670656 (10.0,3.26375110475656) 3.0 0.02070655297555201 (7.0,5.0) (0,0) 1e-07 -0.24522051917670656 (7.0,1.0) (0,0) 1e-07 -0.24522051917670656 
7.0 (9.870635986328125,2.9994781017303467) (0.816914975643158,0.07384026795625687) 0.5 -0.24522051917670656 (10.0,3.26375110475656) 3.0 0.09014420544578455 (7.0,5.0) (0,0) 1e-07 -0.24522051917670656 (7.0,1.0) (0,0) 1e-07 -0.24522051917670656 
