[[(7.0, 6.0), (0, 6.0), (0, 5.0), (7.0, 5.0)], [(7.0, 1.0), (0, 1.0), (0, 0), (7.0, 0)]]
timestamp position0 velocity0 radius0 heading0 goal pref_speed theta position1 velocity1 radius1 heading1 position2 velocity2 radius2 heading2 position3 velocity3 radius3 heading3 position4 velocity4 radius4 heading4 position5 velocity5 radius5 heading5 position6 velocity6 radius6 heading6 
0.0 (6.0,2.8741302490234375) (0.0,0.0) 0.5 -0.21700484886585797 (10.0,3.4861206296885996) 3.0 0.0 (6.0,5.0) (0,0) 1e-07 -0.21700484886585797 (6.0,1.0) (0,0) 1e-07 -0.21700484886585797 
1.0 (6.185162544250488,2.6968727111816406) (0.18516263365745544,-0.17725762724876404) 0.5 -0.21700484886585797 (10.0,3.4861206296885996) 3.0 -0.7635899092388404 (6.185162544250488,5.0) (0,0) 1e-07 -0.21700484886585797 (6.185162544250488,1.0) (0,0) 1e-07 -0.21700484886585797 
2.0 (6.416458606719971,2.5638725757598877) (0.23129606246948242,-0.1330002397298813) 0.5 -0.21700484886585797 (10.0,3.4861206296885996) 3.0 -0.5218505380280553 (6.416458606719971,5.0) (0,0) 1e-07 -0.21700484886585797 (6.416458606719971,1.0) (0,0) 1e-07 -0.21700484886585797 
3.0 (6.97001314163208,2.558450698852539) (0.5535544157028198,-0.005421984940767288) 0.5 -0.21700484886585797 (10.0,3.4861206296885996) 3.0 -0.00979454124718413 (6.97001314163208,5.0) (0,0) 1e-07 -0.21700484886585797 (6.97001314163208,1.0) (0,0) 1e-07 -0.21700484886585797 
4.0 (7.753137588500977,2.6637396812438965) (0.7831244468688965,0.10528910160064697) 0.5 -0.21700484886585797 (10.0,3.4861206296885996) 3.0 0.13364604915611641 (7.0,5.0) (0,0) 1e-07 -0.21700484886585797 (7.0,1.0) (0,0) 1e-07 -0.21700484886585797 
5.0 (8.422967910766602,2.7498130798339844) (0.6698306202888489,0.08607335388660431) 0.5 -0.21700484886585797 (10.0,3.4861206296885996) 3.0 0.12779982594523176 (7.0,5.0) (0,0) 1e-07 -0.21700484886585797 (7.0,1.0) (0,0) 1e-07 -0.21700484886585797 
6.0 (9.092805862426758,2.8358895778656006) (0.6698376536369324,0.086076520383358) 0.5 -0.21700484886585797 (10.0,3.4861206296885996) 3.0 0.12780314906940884 (7.0,5.0) (0,0) 1e-07 -0.21700484886585797 (7.0,1.0) (0,0) 1e-07 -0.21700484886585797 
7.0 (9.762669563293457,2.9219744205474854) (0.669863760471344,0.08608473092317581) 0.5 -0.21700484886585797 (10.0,3.4861206296885996) 3.0 0.1278102801219555 (7.0,5.0) (0,0) 1e-07 -0.21700484886585797 (7.0,1.0) (0,0) 1e-07 -0.21700484886585797 
8.0 (10.494804382324219,3.02767014503479) (0.7321343421936035,0.1056956797838211) 0.5 -0.21700484886585797 (10.0,3.4861206296885996) 3.0 0.14337592075787603 (7.0,5.0) (0,0) 1e-07 -0.21700484886585797 (7.0,1.0) (0,0) 1e-07 -0.21700484886585797 
