[[(7.0, 6.0), (0, 6.0), (0, 5.0), (7.0, 5.0)], [(7.0, 1.0), (0, 1.0), (0, 0), (7.0, 0)]]
timestamp position0 velocity0 radius0 heading0 goal pref_speed theta position1 velocity1 radius1 heading1 position2 velocity2 radius2 heading2 position3 velocity3 radius3 heading3 position4 velocity4 radius4 heading4 position5 velocity5 radius5 heading5 position6 velocity6 radius6 heading6 
0.0 (6.0,2.5355031490325928) (0.0,0.0) 0.5 -0.02512601182943458 (10.0,3.2218124848604544) 3.0 0.0 (6.0,5.0) (0,0) 1e-07 -0.02512601182943458 (6.0,1.0) (0,0) 1e-07 -0.02512601182943458 
1.0 (6.176911354064941,2.5251827239990234) (0.17691150307655334,-0.01032043993473053) 0.5 -0.02512601182943458 (10.0,3.2218124848604544) 3.0 -0.05827069569835352 (6.176911354064941,5.0) (0,0) 1e-07 -0.02512601182943458 (6.176911354064941,1.0) (0,0) 1e-07 -0.02512601182943458 
2.0 (6.577075004577637,2.423100709915161) (0.4001638889312744,-0.10208196938037872) 0.5 -0.02512601182943458 (10.0,3.2218124848604544) 3.0 -0.24977325178872897 (6.577075004577637,5.0) (0,0) 1e-07 -0.02512601182943458 (6.577075004577637,1.0) (0,0) 1e-07 -0.02512601182943458 
3.0 (7.327702522277832,2.4496312141418457) (0.7506275177001953,0.02653050422668457) 0.5 -0.02512601182943458 (10.0,3.2218124848604544) 3.0 0.035329726550663056 (7.0,5.0) (0,0) 1e-07 -0.02512601182943458 (7.0,1.0) (0,0) 1e-07 -0.02512601182943458 
4.0 (8.175589561462402,2.5626890659332275) (0.8478872776031494,0.11305788159370422) 0.5 -0.02512601182943458 (10.0,3.2218124848604544) 3.0 0.1325587685161113 (7.0,5.0) (0,0) 1e-07 -0.02512601182943458 (7.0,1.0) (0,0) 1e-07 -0.02512601182943458 
5.0 (8.987133979797363,2.7269461154937744) (0.8115440607070923,0.1642569899559021) 0.5 -0.02512601182943458 (10.0,3.2218124848604544) 3.0 0.199702742269727 (7.0,5.0) (0,0) 1e-07 -0.02512601182943458 (7.0,1.0) (0,0) 1e-07 -0.02512601182943458 
6.0 (9.554191589355469,2.944199800491333) (0.5670571327209473,0.2172536849975586) 0.5 -0.02512601182943458 (10.0,3.2218124848604544) 3.0 0.3658747397096877 (7.0,5.0) (0,0) 1e-07 -0.02512601182943458 (7.0,1.0) (0,0) 1e-07 -0.02512601182943458 
7.0 (9.945711135864258,3.1200904846191406) (0.3915194272994995,0.17589065432548523) 0.5 -0.02512601182943458 (10.0,3.2218124848604544) 3.0 0.4222312227880812 (7.0,5.0) (0,0) 1e-07 -0.02512601182943458 (7.0,1.0) (0,0) 1e-07 -0.02512601182943458 
