[[(7.0, 6.0), (0, 6.0), (0, 5.0), (7.0, 5.0)], [(7.0, 1.0), (0, 1.0), (0, 0), (7.0, 0)]]
timestamp position0 velocity0 radius0 heading0 goal pref_speed theta position1 velocity1 radius1 heading1 position2 velocity2 radius2 heading2 position3 velocity3 radius3 heading3 position4 velocity4 radius4 heading4 position5 velocity5 radius5 heading5 position6 velocity6 radius6 heading6 
0.0 (6.0,3.4268059730529785) (0.0,0.0) 0.5 -0.16214770487692234 (10.0,2.751755001293355) 3.0 0.0 (6.0,5.0) (0,0) 1e-07 -0.16214770487692234 (6.0,1.0) (0,0) 1e-07 -0.16214770487692234 
1.0 (6.01779842376709,3.2210159301757812) (0.017798345535993576,-0.2057899832725525) 0.5 -0.16214770487692234 (10.0,2.751755001293355) 3.0 -1.4845231019271437 (6.01779842376709,5.0) (0,0) 1e-07 -0.16214770487692234 (6.01779842376709,1.0) (0,0) 1e-07 -0.16214770487692234 
2.0 (6.2374043464660645,2.9228622913360596) (0.21960590779781342,-0.29815369844436646) 0.5 -0.16214770487692234 (10.0,2.751755001293355) 3.0 -0.9359571934693081 (6.2374043464660645,5.0) (0,0) 1e-07 -0.16214770487692234 (6.2374043464660645,1.0) (0,0) 1e-07 -0.16214770487692234 
3.0 (6.827805042266846,2.75111985206604) (0.5904006958007812,-0.1717424839735031) 0.5 -0.16214770487692234 (10.0,2.751755001293355) 3.0 -0.28307947310167686 (6.827805042266846,5.0) (0,0) 1e-07 -0.16214770487692234 (6.827805042266846,1.0) (0,0) 1e-07 -0.16214770487692234 
4.0 (7.637211799621582,2.710304021835327) (0.8094069957733154,-0.04081589728593826) 0.5 -0.16214770487692234 (10.0,2.751755001293355) 3.0 -0.05038423639878254 (7.0,5.0) (0,0) 1e-07 -0.16214770487692234 (7.0,1.0) (0,0) 1e-07 -0.16214770487692234 
5.0 (8.5106782913208,2.7211601734161377) (0.8734663128852844,0.010856196284294128) 0.5 -0.16214770487692234 (10.0,2.751755001293355) 3.0 0.012428226671225766 (7.0,5.0) (0,0) 1e-07 -0.16214770487692234 (7.0,1.0) (0,0) 1e-07 -0.16214770487692234 
6.0 (9.39164924621582,2.734536647796631) (0.880971372127533,0.01337653398513794) 0.5 -0.16214770487692234 (10.0,2.751755001293355) 3.0 0.01518267967321497 (7.0,5.0) (0,0) 1e-07 -0.16214770487692234 (7.0,1.0) (0,0) 1e-07 -0.16214770487692234 
7.0 (10.238744735717773,2.746210813522339) (0.8470956683158875,0.011674247682094574) 0.5 -0.16214770487692234 (10.0,2.751755001293355) 3.0 0.01378062609393358 (7.0,5.0) (0,0) 1e-07 -0.16214770487692234 (7.0,1.0) (0,0) 1e-07 -0.16214770487692234 
