[[(7.0, 6.0), (0, 6.0), (0, 5.0), (7.0, 5.0)], [(7.0, 1.0), (0, 1.0), (0, 0), (7.0, 0)]]
timestamp position0 velocity0 radius0 heading0 goal pref_speed theta position1 velocity1 radius1 heading1 position2 velocity2 radius2 heading2 position3 velocity3 radius3 heading3 position4 velocity4 radius4 heading4 position5 velocity5 radius5 heading5 position6 velocity6 radius6 heading6 
0.0 (6.0,3.3687307834625244) (0.0,0.0) 0.5 -0.16704921030417627 (10.0,2.562197547161737) 3.0 0.0 (6.0,5.0) (0,0) 1e-07 -0.16704921030417627 (6.0,1.0) (0,0) 1e-07 -0.16704921030417627 
1.0 (6.082564353942871,3.162829637527466) (0.08256431668996811,-0.205901101231575) 0.5 -0.16704921030417627 (10.0,2.562197547161737) 3.0 -1.1894366501613292 (6.082564353942871,5.0) (0,0) 1e-07 -0.16704921030417627 (6.082564353942871,1.0) (0,0) 1e-07 -0.16704921030417627 
2.0 (6.32108211517334,2.873195171356201) (0.23851753771305084,-0.2896343469619751) 0.5 -0.16704921030417627 (10.0,2.562197547161737) 3.0 -0.8818819489940755 (6.32108211517334,5.0) (0,0) 1e-07 -0.16704921030417627 (6.32108211517334,1.0) (0,0) 1e-07 -0.16704921030417627 
3.0 (6.879599571228027,2.690885305404663) (0.5585176348686218,-0.18230989575386047) 0.5 -0.16704921030417627 (10.0,2.562197547161737) 3.0 -0.31551338912333093 (6.879599571228027,5.0) (0,0) 1e-07 -0.16704921030417627 (6.879599571228027,1.0) (0,0) 1e-07 -0.16704921030417627 
4.0 (7.669950008392334,2.638585090637207) (0.7903504371643066,-0.05230017751455307) 0.5 -0.16704921030417627 (10.0,2.562197547161737) 3.0 -0.06607706605476771 (7.0,5.0) (0,0) 1e-07 -0.16704921030417627 (7.0,1.0) (0,0) 1e-07 -0.16704921030417627 
5.0 (8.547852516174316,2.636861801147461) (0.8779027462005615,-0.00172317773103714) 0.5 -0.16704921030417627 (10.0,2.562197547161737) 3.0 -0.0019628319031085545 (7.0,5.0) (0,0) 1e-07 -0.16704921030417627 (7.0,1.0) (0,0) 1e-07 -0.16704921030417627 
6.0 (9.433663368225098,2.6437902450561523) (0.8858111500740051,0.006928488612174988) 0.5 -0.16704921030417627 (10.0,2.562197547161737) 3.0 0.00782147224789495 (7.0,5.0) (0,0) 1e-07 -0.16704921030417627 (7.0,1.0) (0,0) 1e-07 -0.16704921030417627 
7.0 (10.286416053771973,2.6467607021331787) (0.852752685546875,0.002970561385154724) 0.5 -0.16704921030417627 (10.0,2.562197547161737) 3.0 0.003483482866621385 (7.0,5.0) (0,0) 1e-07 -0.16704921030417627 (7.0,1.0) (0,0) 1e-07 -0.16704921030417627 
