[[(7.0, 6.0), (0, 6.0), (0, 5.0), (7.0, 5.0)], [(7.0, 1.0), (0, 1.0), (0, 0), (7.0, 0)]]
timestamp position0 velocity0 radius0 heading0 goal pref_speed theta position1 velocity1 radius1 heading1 position2 velocity2 radius2 heading2 position3 velocity3 radius3 heading3 position4 velocity4 radius4 heading4 position5 velocity5 radius5 heading5 position6 velocity6 radius6 heading6 
0.0 (6.0,3.470010995864868) (0.0,0.0) 0.5 -0.1709219078438797 (10.0,2.6830647643793983) 3.0 0.0 (6.0,5.0) (0,0) 1e-07 -0.1709219078438797 (6.0,1.0) (0,0) 1e-07 -0.1709219078438797 
1.0 (6.086365699768066,3.2681188583374023) (0.08636565506458282,-0.20189209282398224) 0.5 -0.1709219078438797 (10.0,2.6830647643793983) 3.0 -1.1665722825811138 (6.086365699768066,5.0) (0,0) 1e-07 -0.1709219078438797 (6.086365699768066,1.0) (0,0) 1e-07 -0.1709219078438797 
2.0 (6.319956302642822,2.9792938232421875) (0.23359040915966034,-0.288825124502182) 0.5 -0.1709219078438797 (10.0,2.6830647643793983) 3.0 -0.8907362774689812 (6.319956302642822,5.0) (0,0) 1e-07 -0.1709219078438797 (6.319956302642822,1.0) (0,0) 1e-07 -0.1709219078438797 
3.0 (6.863553047180176,2.794095516204834) (0.5435969233512878,-0.18519821763038635) 0.5 -0.1709219078438797 (10.0,2.6830647643793983) 3.0 -0.3283571775996911 (6.863553047180176,5.0) (0,0) 1e-07 -0.1709219078438797 (6.863553047180176,1.0) (0,0) 1e-07 -0.1709219078438797 
4.0 (7.644181728363037,2.7338852882385254) (0.7806288599967957,-0.0602102130651474) 0.5 -0.1709219078438797 (10.0,2.6830647643793983) 3.0 -0.0769779875072663 (7.0,5.0) (0,0) 1e-07 -0.1709219078438797 (7.0,1.0) (0,0) 1e-07 -0.1709219078438797 
5.0 (8.508224487304688,2.729351043701172) (0.8640425205230713,-0.004534363746643066) 0.5 -0.1709219078438797 (10.0,2.6830647643793983) 3.0 -0.005247799748635082 (7.0,5.0) (0,0) 1e-07 -0.1709219078438797 (7.0,1.0) (0,0) 1e-07 -0.1709219078438797 
6.0 (9.395925521850586,2.730766773223877) (0.8877006769180298,0.001415848731994629) 0.5 -0.1709219078438797 (10.0,2.6830647643793983) 3.0 0.0015949605179056108 (7.0,5.0) (0,0) 1e-07 -0.1709219078438797 (7.0,1.0) (0,0) 1e-07 -0.1709219078438797 
7.0 (10.273350715637207,2.7310736179351807) (0.8774251341819763,0.000306837260723114) 0.5 -0.1709219078438797 (10.0,2.6830647643793983) 3.0 0.0003497019133163113 (7.0,5.0) (0,0) 1e-07 -0.1709219078438797 (7.0,1.0) (0,0) 1e-07 -0.1709219078438797 
