[[(7.0, 6.0), (0, 6.0), (0, 5.0), (7.0, 5.0)], [(7.0, 1.0), (0, 1.0), (0, 0), (7.0, 0)]]
timestamp position0 velocity0 radius0 heading0 goal pref_speed theta position1 velocity1 radius1 heading1 position2 velocity2 radius2 heading2 position3 velocity3 radius3 heading3 position4 velocity4 radius4 heading4 position5 velocity5 radius5 heading5 position6 velocity6 radius6 heading6 
0.0 (6.0,3.4653735160827637) (0.0,0.0) 0.5 -0.09657069573167565 (10.0,2.8371360811748128) 3.0 0.0 (6.0,5.0) (0,0) 1e-07 -0.09657069573167565 (6.0,1.0) (0,0) 1e-07 -0.09657069573167565 
1.0 (6.114157199859619,3.2670392990112305) (0.11415711790323257,-0.19833429157733917) 0.5 -0.09657069573167565 (10.0,2.8371360811748128) 3.0 -1.0485267769808528 (6.114157199859619,5.0) (0,0) 1e-07 -0.09657069573167565 (6.114157199859619,1.0) (0,0) 1e-07 -0.09657069573167565 
2.0 (6.36149263381958,2.982996940612793) (0.24733544886112213,-0.28404223918914795) 0.5 -0.09657069573167565 (10.0,2.8371360811748128) 3.0 -0.8543671310410438 (6.36149263381958,5.0) (0,0) 1e-07 -0.09657069573167565 (6.36149263381958,1.0) (0,0) 1e-07 -0.09657069573167565 
3.0 (6.939390659332275,2.8174185752868652) (0.5778979063034058,-0.16557829082012177) 0.5 -0.09657069573167565 (10.0,2.8371360811748128) 3.0 -0.2790427792362377 (6.939390659332275,5.0) (0,0) 1e-07 -0.09657069573167565 (6.939390659332275,1.0) (0,0) 1e-07 -0.09657069573167565 
4.0 (7.7364277839660645,2.7673232555389404) (0.7970370054244995,-0.05009523779153824) 0.5 -0.09657069573167565 (10.0,2.8371360811748128) 3.0 -0.06276926759463716 (7.0,5.0) (0,0) 1e-07 -0.09657069573167565 (7.0,1.0) (0,0) 1e-07 -0.09657069573167565 
5.0 (8.608452796936035,2.771486759185791) (0.8720251321792603,0.004163622856140137) 0.5 -0.09657069573167565 (10.0,2.8371360811748128) 3.0 0.0047746229587247785 (7.0,5.0) (0,0) 1e-07 -0.09657069573167565 (7.0,1.0) (0,0) 1e-07 -0.09657069573167565 
6.0 (9.495539665222168,2.7849783897399902) (0.8870871067047119,0.01349165290594101) 0.5 -0.09657069573167565 (10.0,2.8371360811748128) 3.0 0.015207765605912414 (7.0,5.0) (0,0) 1e-07 -0.09657069573167565 (7.0,1.0) (0,0) 1e-07 -0.09657069573167565 
7.0 (10.368736267089844,2.797027111053467) (0.8731964826583862,0.012048788368701935) 0.5 -0.09657069573167565 (10.0,2.8371360811748128) 3.0 0.013797609136301583 (7.0,5.0) (0,0) 1e-07 -0.09657069573167565 (7.0,1.0) (0,0) 1e-07 -0.09657069573167565 
