[[(7.0, 6.0), (0, 6.0), (0, 5.0), (7.0, 5.0)], [(7.0, 1.0), (0, 1.0), (0, 0), (7.0, 0)]]
timestamp position0 velocity0 radius0 heading0 goal pref_speed theta position1 velocity1 radius1 heading1 position2 velocity2 radius2 heading2 position3 velocity3 radius3 heading3 position4 velocity4 radius4 heading4 position5 velocity5 radius5 heading5 position6 velocity6 radius6 heading6 
0.0 (6.0,2.6800827980041504) (0.0,0.0) 0.5 -0.06061178382177784 (10.0,3.417755124442541) 3.0 0.0 (6.0,5.0) (0,0) 1e-07 -0.06061178382177784 (6.0,1.0) (0,0) 1e-07 -0.06061178382177784 
1.0 (6.20697021484375,2.619033098220825) (0.20697036385536194,-0.06104958802461624) 0.5 -0.06061178382177784 (10.0,3.417755124442541) 3.0 -0.2868337054968042 (6.20697021484375,5.0) (0,0) 1e-07 -0.06061178382177784 (6.20697021484375,1.0) (0,0) 1e-07 -0.06061178382177784 
2.0 (6.680908203125,2.455723524093628) (0.4739377796649933,-0.16330960392951965) 0.5 -0.06061178382177784 (10.0,3.417755124442541) 3.0 -0.3318384089380313 (6.680908203125,5.0) (0,0) 1e-07 -0.06061178382177784 (6.680908203125,1.0) (0,0) 1e-07 -0.06061178382177784 
3.0 (7.4393415451049805,2.5148684978485107) (0.7584332227706909,0.0591450035572052) 0.5 -0.06061178382177784 (10.0,3.417755124442541) 3.0 0.07782563203946513 (7.0,5.0) (0,0) 1e-07 -0.06061178382177784 (7.0,1.0) (0,0) 1e-07 -0.06061178382177784 
4.0 (8.27979564666748,2.6420276165008545) (0.8404541611671448,0.12715917825698853) 0.5 -0.06061178382177784 (10.0,3.417755124442541) 3.0 0.15015931108317288 (7.0,5.0) (0,0) 1e-07 -0.06061178382177784 (7.0,1.0) (0,0) 1e-07 -0.06061178382177784 
5.0 (9.056446075439453,2.8263871669769287) (0.7766507863998413,0.18435949087142944) 0.5 -0.06061178382177784 (10.0,3.417755124442541) 3.0 0.23306392216399563 (7.0,5.0) (0,0) 1e-07 -0.06061178382177784 (7.0,1.0) (0,0) 1e-07 -0.06061178382177784 
6.0 (9.582101821899414,3.0474977493286133) (0.5256555080413818,0.22111061215400696) 0.5 -0.06061178382177784 (10.0,3.417755124442541) 3.0 0.3981700882667498 (7.0,5.0) (0,0) 1e-07 -0.06061178382177784 (7.0,1.0) (0,0) 1e-07 -0.06061178382177784 
7.0 (9.934259414672852,3.206056594848633) (0.3521576523780823,0.15855875611305237) 0.5 -0.06061178382177784 (10.0,3.417755124442541) 3.0 0.4230612712482766 (7.0,5.0) (0,0) 1e-07 -0.06061178382177784 (7.0,1.0) (0,0) 1e-07 -0.06061178382177784 
