[[(7.0, 6.0), (0, 6.0), (0, 5.0), (7.0, 5.0)], [(7.0, 1.0), (0, 1.0), (0, 0), (7.0, 0)]]
timestamp position0 velocity0 radius0 heading0 goal pref_speed theta position1 velocity1 radius1 heading1 position2 velocity2 radius2 heading2 position3 velocity3 radius3 heading3 position4 velocity4 radius4 heading4 position5 velocity5 radius5 heading5 position6 velocity6 radius6 heading6 
0.0 (6.0,2.748586893081665) (0.0,0.0) 0.5 -0.10332054391230222 (10.0,3.4924426014017245) 3.0 0.0 (6.0,5.0) (0,0) 1e-07 -0.10332054391230222 (6.0,1.0) (0,0) 1e-07 -0.10332054391230222 
1.0 (6.166528701782227,2.640928030014038) (0.16652877628803253,-0.10765878856182098) 0.5 -0.10332054391230222 (10.0,3.4924426014017245) 3.0 -0.5739020808514022 (6.166528701782227,5.0) (0,0) 1e-07 -0.10332054391230222 (6.166528701782227,1.0) (0,0) 1e-07 -0.10332054391230222 
2.0 (6.58983039855957,2.4382691383361816) (0.42330193519592285,-0.20265889167785645) 0.5 -0.10332054391230222 (10.0,3.4924426014017245) 3.0 -0.4465094890593862 (6.58983039855957,5.0) (0,0) 1e-07 -0.10332054391230222 (6.58983039855957,1.0) (0,0) 1e-07 -0.10332054391230222 
3.0 (7.338967323303223,2.4720652103424072) (0.7491369247436523,0.033796101808547974) 0.5 -0.10332054391230222 (10.0,3.4924426014017245) 3.0 0.04508281620902006 (7.0,5.0) (0,0) 1e-07 -0.10332054391230222 (7.0,1.0) (0,0) 1e-07 -0.10332054391230222 
4.0 (8.201074600219727,2.611858367919922) (0.8621073365211487,0.13979321718215942) 0.5 -0.10332054391230222 (10.0,3.4924426014017245) 3.0 0.16075372984863773 (7.0,5.0) (0,0) 1e-07 -0.10332054391230222 (7.0,1.0) (0,0) 1e-07 -0.10332054391230222 
5.0 (8.985204696655273,2.8198094367980957) (0.7841300964355469,0.20795106887817383) 0.5 -0.10332054391230222 (10.0,3.4924426014017245) 3.0 0.25923232056648154 (7.0,5.0) (0,0) 1e-07 -0.10332054391230222 (7.0,1.0) (0,0) 1e-07 -0.10332054391230222 
6.0 (9.511981964111328,3.0600650310516357) (0.5267775058746338,0.24025553464889526) 0.5 -0.10332054391230222 (10.0,3.4924426014017245) 3.0 0.427903016777674 (7.0,5.0) (0,0) 1e-07 -0.10332054391230222 (7.0,1.0) (0,0) 1e-07 -0.10332054391230222 
7.0 (9.88562297821045,3.240867853164673) (0.37364107370376587,0.18080273270606995) 0.5 -0.10332054391230222 (10.0,3.4924426014017245) 3.0 0.4506801165627921 (7.0,5.0) (0,0) 1e-07 -0.10332054391230222 (7.0,1.0) (0,0) 1e-07 -0.10332054391230222 
