[[(7.0, 6.0), (0, 6.0), (0, 5.0), (7.0, 5.0)], [(7.0, 1.0), (0, 1.0), (0, 0), (7.0, 0)]]
timestamp position0 velocity0 radius0 heading0 goal pref_speed theta position1 velocity1 radius1 heading1 position2 velocity2 radius2 heading2 position3 velocity3 radius3 heading3 position4 velocity4 radius4 heading4 position5 velocity5 radius5 heading5 position6 velocity6 radius6 heading6 
0.0 (6.0,2.961364507675171) (0.0,0.0) 0.5 -0.21793668854407275 (10.0,3.4176532583638006) 3.0 0.0 (6.0,5.0) (0,0) 1e-07 -0.21793668854407275 (6.0,1.0) (0,0) 1e-07 -0.21793668854407275 
1.0 (6.141779899597168,2.857510805130005) (0.14177991449832916,-0.10385379195213318) 0.5 -0.21793668854407275 (10.0,3.4176532583638006) 3.0 -0.632206733134847 (6.141779899597168,5.0) (0,0) 1e-07 -0.21793668854407275 (6.141779899597168,1.0) (0,0) 1e-07 -0.21793668854407275 
2.0 (6.480403900146484,2.655928611755371) (0.3386237621307373,-0.2015821635723114) 0.5 -0.21793668854407275 (10.0,3.4176532583638006) 3.0 -0.5369552255453317 (6.480403900146484,5.0) (0,0) 1e-07 -0.21793668854407275 (6.480403900146484,1.0) (0,0) 1e-07 -0.21793668854407275 
3.0 (7.208745956420898,2.6239659786224365) (0.7283418774604797,-0.031962547451257706) 0.5 -0.21793668854407275 (10.0,3.4176532583638006) 3.0 -0.043855851547334866 (7.0,5.0) (0,0) 1e-07 -0.21793668854407275 (7.0,1.0) (0,0) 1e-07 -0.21793668854407275 
4.0 (8.085433959960938,2.734851598739624) (0.87668776512146,0.1108856201171875) 0.5 -0.21793668854407275 (10.0,3.4176532583638006) 3.0 0.12581437447000654 (7.0,5.0) (0,0) 1e-07 -0.21793668854407275 (7.0,1.0) (0,0) 1e-07 -0.21793668854407275 
5.0 (8.94666862487793,2.897808790206909) (0.8612345457077026,0.16295725107192993) 0.5 -0.21793668854407275 (10.0,3.4176532583638006) 3.0 0.18700279475659634 (7.0,5.0) (0,0) 1e-07 -0.21793668854407275 (7.0,1.0) (0,0) 1e-07 -0.21793668854407275 
6.0 (9.593841552734375,3.106297731399536) (0.6471726894378662,0.20848894119262695) 0.5 -0.21793668854407275 (10.0,3.4176532583638006) 3.0 0.3116551787244151 (7.0,5.0) (0,0) 1e-07 -0.21793668854407275 (7.0,1.0) (0,0) 1e-07 -0.21793668854407275 
7.0 (10.05218505859375,3.287961721420288) (0.4583434760570526,0.18166396021842957) 0.5 -0.21793668854407275 (10.0,3.4176532583638006) 3.0 0.37735497200428003 (7.0,5.0) (0,0) 1e-07 -0.21793668854407275 (7.0,1.0) (0,0) 1e-07 -0.21793668854407275 
