[[(7.0, 6.0), (0, 6.0), (0, 5.0), (7.0, 5.0)], [(7.0, 1.0), (0, 1.0), (0, 0), (7.0, 0)]]
timestamp position0 velocity0 radius0 heading0 goal pref_speed theta position1 velocity1 radius1 heading1 position2 velocity2 radius2 heading2 position3 velocity3 radius3 heading3 position4 velocity4 radius4 heading4 position5 velocity5 radius5 heading5 position6 velocity6 radius6 heading6 
0.0 (6.0,2.530461072921753) (0.0,0.0) 0.5 -0.26458147754034833 (10.0,3.2080651804431146) 3.0 0.0 (6.0,5.0) (0,0) 1e-07 -0.26458147754034833 (6.0,1.0) (0,0) 1e-07 -0.26458147754034833 
1.0 (6.1843581199646,2.517528533935547) (0.18435809016227722,-0.012932561337947845) 0.5 -0.26458147754034833 (10.0,3.2080651804431146) 3.0 -0.07003441211895636 (6.1843581199646,5.0) (0,0) 1e-07 -0.26458147754034833 (6.1843581199646,1.0) (0,0) 1e-07 -0.26458147754034833 
2.0 (6.6208319664001465,2.3955130577087402) (0.4364738166332245,-0.12201542407274246) 0.5 -0.26458147754034833 (10.0,3.2080651804431146) 3.0 -0.2725896028094764 (6.6208319664001465,5.0) (0,0) 1e-07 -0.26458147754034833 (6.6208319664001465,1.0) (0,0) 1e-07 -0.26458147754034833 
3.0 (7.36239767074585,2.4335038661956787) (0.7415657639503479,0.03799085319042206) 0.5 -0.26458147754034833 (10.0,3.2080651804431146) 3.0 0.05118584309103044 (7.0,5.0) (0,0) 1e-07 -0.26458147754034833 (7.0,1.0) (0,0) 1e-07 -0.26458147754034833 
4.0 (8.199707984924316,2.545835256576538) (0.8373103141784668,0.11233130097389221) 0.5 -0.26458147754034833 (10.0,3.2080651804431146) 3.0 0.13336103066379543 (7.0,5.0) (0,0) 1e-07 -0.26458147754034833 (7.0,1.0) (0,0) 1e-07 -0.26458147754034833 
5.0 (8.9983549118042,2.703604221343994) (0.7986466288566589,0.15776905417442322) 0.5 -0.26458147754034833 (10.0,3.2080651804431146) 3.0 0.19503436144503655 (7.0,5.0) (0,0) 1e-07 -0.26458147754034833 (7.0,1.0) (0,0) 1e-07 -0.26458147754034833 
6.0 (9.572230339050293,2.897804021835327) (0.5738751888275146,0.19419977068901062) 0.5 -0.26458147754034833 (10.0,3.2080651804431146) 3.0 0.3263042382679845 (7.0,5.0) (0,0) 1e-07 -0.26458147754034833 (7.0,1.0) (0,0) 1e-07 -0.26458147754034833 
7.0 (9.97887134552002,3.061863899230957) (0.4066412150859833,0.1640598177909851) 0.5 -0.26458147754034833 (10.0,3.2080651804431146) 3.0 0.38347785965648884 (7.0,5.0) (0,0) 1e-07 -0.26458147754034833 (7.0,1.0) (0,0) 1e-07 -0.26458147754034833 
