[[(7.0, 6.0), (0, 6.0), (0, 5.0), (7.0, 5.0)], [(7.0, 1.0), (0, 1.0), (0, 0), (7.0, 0)]]
timestamp position0 velocity0 radius0 heading0 goal pref_speed theta position1 velocity1 radius1 heading1 position2 velocity2 radius2 heading2 position3 velocity3 radius3 heading3 position4 velocity4 radius4 heading4 position5 velocity5 radius5 heading5 position6 velocity6 radius6 heading6 
0.0 (6.0,3.438438892364502) (0.0,0.0) 0.5 -0.1804347010652449 (10.0,3.342213858979919) 3.0 0.0 (6.0,5.0) (0,0) 1e-07 -0.1804347010652449 (6.0,1.0) (0,0) 1e-07 -0.1804347010652449 
1.0 (6.027441024780273,3.2871549129486084) (0.027441244572401047,-0.1512838751077652) 0.5 -0.1804347010652449 (10.0,3.342213858979919) 3.0 -1.3913582183655275 (6.027441024780273,5.0) (0,0) 1e-07 -0.1804347010652449 (6.027441024780273,1.0) (0,0) 1e-07 -0.1804347010652449 
2.0 (6.2596330642700195,3.0166890621185303) (0.23219218850135803,-0.2704659104347229) 0.5 -0.1804347010652449 (10.0,3.342213858979919) 3.0 -0.8613941767655297 (6.2596330642700195,5.0) (0,0) 1e-07 -0.1804347010652449 (6.2596330642700195,1.0) (0,0) 1e-07 -0.1804347010652449 
3.0 (6.918277263641357,2.900237560272217) (0.6586443185806274,-0.11645141243934631) 0.5 -0.1804347010652449 (10.0,3.342213858979919) 3.0 -0.17499620350460882 (6.918277263641357,5.0) (0,0) 1e-07 -0.1804347010652449 (6.918277263641357,1.0) (0,0) 1e-07 -0.1804347010652449 
4.0 (7.774026870727539,2.91873836517334) (0.8557496070861816,0.01850081980228424) 0.5 -0.1804347010652449 (10.0,3.342213858979919) 3.0 0.021616063893744746 (7.0,5.0) (0,0) 1e-07 -0.1804347010652449 (7.0,1.0) (0,0) 1e-07 -0.1804347010652449 
5.0 (8.687052726745605,2.998307466506958) (0.913025438785553,0.07956917583942413) 0.5 -0.1804347010652449 (10.0,3.342213858979919) 3.0 0.08692928434892652 (7.0,5.0) (0,0) 1e-07 -0.1804347010652449 (7.0,1.0) (0,0) 1e-07 -0.1804347010652449 
6.0 (9.566633224487305,3.0874440670013428) (0.8795801401138306,0.08913666009902954) 0.5 -0.1804347010652449 (10.0,3.342213858979919) 3.0 0.10099521817810131 (7.0,5.0) (0,0) 1e-07 -0.1804347010652449 (7.0,1.0) (0,0) 1e-07 -0.1804347010652449 
7.0 (10.370354652404785,3.194204807281494) (0.803721010684967,0.10676079988479614) 0.5 -0.1804347010652449 (10.0,3.342213858979919) 3.0 0.13206006134511253 (7.0,5.0) (0,0) 1e-07 -0.1804347010652449 (7.0,1.0) (0,0) 1e-07 -0.1804347010652449 
