[[(7.0, 6.0), (0, 6.0), (0, 5.0), (7.0, 5.0)], [(7.0, 1.0), (0, 1.0), (0, 0), (7.0, 0)]]
timestamp position0 velocity0 radius0 heading0 goal pref_speed theta position1 velocity1 radius1 heading1 position2 velocity2 radius2 heading2 position3 velocity3 radius3 heading3 position4 velocity4 radius4 heading4 position5 velocity5 radius5 heading5 position6 velocity6 radius6 heading6 
0.0 (6.0,2.815157175064087) (0.0,0.0) 0.5 -0.12728488881616856 (10.0,3.452782290483828) 3.0 0.0 (6.0,5.0) (0,0) 1e-07 -0.12728488881616856 (6.0,1.0) (0,0) 1e-07 -0.12728488881616856 
1.0 (6.152226448059082,2.703751564025879) (0.15222662687301636,-0.11140556633472443) 0.5 -0.12728488881616856 (10.0,3.452782290483828) 3.0 -0.6317771807057676 (6.152226448059082,5.0) (0,0) 1e-07 -0.12728488881616856 (6.152226448059082,1.0) (0,0) 1e-07 -0.12728488881616856 
2.0 (6.565277576446533,2.5160999298095703) (0.4130510985851288,-0.18765167891979218) 0.5 -0.12728488881616856 (10.0,3.452782290483828) 3.0 -0.4264291968131169 (6.565277576446533,5.0) (0,0) 1e-07 -0.12728488881616856 (6.565277576446533,1.0) (0,0) 1e-07 -0.12728488881616856 
3.0 (7.326943874359131,2.544023275375366) (0.7616661190986633,0.027923379093408585) 0.5 -0.12728488881616856 (10.0,3.452782290483828) 3.0 0.036644506805532114 (7.0,5.0) (0,0) 1e-07 -0.12728488881616856 (7.0,1.0) (0,0) 1e-07 -0.12728488881616856 
4.0 (8.190382957458496,2.6769137382507324) (0.86343914270401,0.132890522480011) 0.5 -0.12728488881616856 (10.0,3.452782290483828) 3.0 0.15271011839093415 (7.0,5.0) (0,0) 1e-07 -0.12728488881616856 (7.0,1.0) (0,0) 1e-07 -0.12728488881616856 
5.0 (8.971144676208496,2.891355276107788) (0.7807617783546448,0.2144414484500885) 0.5 -0.12728488881616856 (10.0,3.452782290483828) 3.0 0.26804701357539795 (7.0,5.0) (0,0) 1e-07 -0.12728488881616856 (7.0,1.0) (0,0) 1e-07 -0.12728488881616856 
6.0 (9.49215030670166,3.1198291778564453) (0.5210055112838745,0.22847393155097961) 0.5 -0.12728488881616856 (10.0,3.452782290483828) 3.0 0.41327042899789673 (7.0,5.0) (0,0) 1e-07 -0.12728488881616856 (7.0,1.0) (0,0) 1e-07 -0.12728488881616856 
7.0 (9.804146766662598,3.265491008758545) (0.31199657917022705,0.14566195011138916) 0.5 -0.12728488881616856 (10.0,3.452782290483828) 3.0 0.4367943996942516 (7.0,5.0) (0,0) 1e-07 -0.12728488881616856 (7.0,1.0) (0,0) 1e-07 -0.12728488881616856 
