[[(7.0, 6.0), (0, 6.0), (0, 5.0), (7.0, 5.0)], [(7.0, 1.0), (0, 1.0), (0, 0), (7.0, 0)]]
timestamp position0 velocity0 radius0 heading0 goal pref_speed theta position1 velocity1 radius1 heading1 position2 velocity2 radius2 heading2 position3 velocity3 radius3 heading3 position4 velocity4 radius4 heading4 position5 velocity5 radius5 heading5 position6 velocity6 radius6 heading6 
0.0 (6.0,3.081026315689087) (0.0,0.0) 0.5 -0.06361499229129547 (10.0,3.483110317453009) 3.0 0.0 (6.0,5.0) (0,0) 1e-07 -0.06361499229129547 (6.0,1.0) (0,0) 1e-07 -0.06361499229129547 
1.0 (6.084868907928467,2.9471354484558105) (0.08486899733543396,-0.13389074802398682) 0.5 -0.06361499229129547 (10.0,3.483110317453009) 3.0 -1.0058457608863407 (6.084868907928467,5.0) (0,0) 1e-07 -0.06361499229129547 (6.084868907928467,1.0) (0,0) 1e-07 -0.06361499229129547 
2.0 (6.37374210357666,2.702575206756592) (0.2888730764389038,-0.24456024169921875) 0.5 -0.06361499229129547 (10.0,3.483110317453009) 3.0 -0.7025174695475571 (6.37374210357666,5.0) (0,0) 1e-07 -0.06361499229129547 (6.37374210357666,1.0) (0,0) 1e-07 -0.06361499229129547 
3.0 (7.093714714050293,2.6533045768737793) (0.7199724316596985,-0.04927067458629608) 0.5 -0.06361499229129547 (10.0,3.483110317453009) 3.0 -0.06832758112053687 (7.0,5.0) (0,0) 1e-07 -0.06361499229129547 (7.0,1.0) (0,0) 1e-07 -0.06361499229129547 
4.0 (7.976418972015381,2.7481532096862793) (0.8827043771743774,0.09484875202178955) 0.5 -0.06361499229129547 (10.0,3.483110317453009) 3.0 0.10704174635194483 (7.0,5.0) (0,0) 1e-07 -0.06361499229129547 (7.0,1.0) (0,0) 1e-07 -0.06361499229129547 
5.0 (8.86130428314209,2.8871185779571533) (0.8848856687545776,0.13896526396274567) 0.5 -0.06361499229129547 (10.0,3.483110317453009) 3.0 0.15577092994575706 (7.0,5.0) (0,0) 1e-07 -0.06361499229129547 (7.0,1.0) (0,0) 1e-07 -0.06361499229129547 
6.0 (9.645752906799316,3.053997039794922) (0.7844489216804504,0.16687855124473572) 0.5 -0.06361499229129547 (10.0,3.483110317453009) 3.0 0.2096087775292118 (7.0,5.0) (0,0) 1e-07 -0.06361499229129547 (7.0,1.0) (0,0) 1e-07 -0.06361499229129547 
7.0 (10.221939086914062,3.251936435699463) (0.5761858224868774,0.19793951511383057) 0.5 -0.06361499229129547 (10.0,3.483110317453009) 3.0 0.33090303719783687 (7.0,5.0) (0,0) 1e-07 -0.06361499229129547 (7.0,1.0) (0,0) 1e-07 -0.06361499229129547 
