[[(7.0, 6.0), (0, 6.0), (0, 5.0), (7.0, 5.0)], [(7.0, 1.0), (0, 1.0), (0, 0), (7.0, 0)]]
timestamp position0 velocity0 radius0 heading0 goal pref_speed theta position1 velocity1 radius1 heading1 position2 velocity2 radius2 heading2 position3 velocity3 radius3 heading3 position4 velocity4 radius4 heading4 position5 velocity5 radius5 heading5 position6 velocity6 radius6 heading6 
0.0 (6.0,3.4963796138763428) (0.0,0.0) 0.5 -0.15072078487210547 (10.0,3.059052946070836) 3.0 0.0 (6.0,5.0) (0,0) 1e-07 -0.15072078487210547 (6.0,1.0) (0,0) 1e-07 -0.15072078487210547 
1.0 (6.001852989196777,3.3067502975463867) (0.0018528790678828955,-0.18962931632995605) 0.5 -0.15072078487210547 (10.0,3.059052946070836) 3.0 -1.5610255796334214 (6.001852989196777,5.0) (0,0) 1e-07 -0.15072078487210547 (6.001852989196777,1.0) (0,0) 1e-07 -0.15072078487210547 
2.0 (6.232503890991211,3.0042641162872314) (0.2306511402130127,-0.30248627066612244) 0.5 -0.15072078487210547 (10.0,3.059052946070836) 3.0 -0.9193318967871855 (6.232503890991211,5.0) (0,0) 1e-07 -0.15072078487210547 (6.232503890991211,1.0) (0,0) 1e-07 -0.15072078487210547 
3.0 (6.86127233505249,2.8660264015197754) (0.6287684440612793,-0.1382376253604889) 0.5 -0.15072078487210547 (10.0,3.059052946070836) 3.0 -0.21641159895905251 (6.86127233505249,5.0) (0,0) 1e-07 -0.15072078487210547 (6.86127233505249,1.0) (0,0) 1e-07 -0.15072078487210547 
4.0 (7.691379547119141,2.846391439437866) (0.8301072120666504,-0.019634902477264404) 0.5 -0.15072078487210547 (10.0,3.059052946070836) 3.0 -0.023649043887122235 (7.0,5.0) (0,0) 1e-07 -0.15072078487210547 (7.0,1.0) (0,0) 1e-07 -0.15072078487210547 
5.0 (8.579692840576172,2.8728861808776855) (0.8883135318756104,0.026494622230529785) 0.5 -0.15072078487210547 (10.0,3.059052946070836) 3.0 0.029816916152617466 (7.0,5.0) (0,0) 1e-07 -0.15072078487210547 (7.0,1.0) (0,0) 1e-07 -0.15072078487210547 
6.0 (9.47114372253418,2.9048573970794678) (0.8914504647254944,0.03197121620178223) 0.5 -0.15072078487210547 (10.0,3.059052946070836) 3.0 0.03584890066691987 (7.0,5.0) (0,0) 1e-07 -0.15072078487210547 (7.0,1.0) (0,0) 1e-07 -0.15072078487210547 
7.0 (10.33895492553711,2.9478981494903564) (0.8678110837936401,0.04304081201553345) 0.5 -0.15072078487210547 (10.0,3.059052946070836) 3.0 0.049556376204678426 (7.0,5.0) (0,0) 1e-07 -0.15072078487210547 (7.0,1.0) (0,0) 1e-07 -0.15072078487210547 
