[[(7.0, 6.0), (0, 6.0), (0, 5.0), (7.0, 5.0)], [(7.0, 1.0), (0, 1.0), (0, 0), (7.0, 0)]]
timestamp position0 velocity0 radius0 heading0 goal pref_speed theta position1 velocity1 radius1 heading1 position2 velocity2 radius2 heading2 position3 velocity3 radius3 heading3 position4 velocity4 radius4 heading4 position5 velocity5 radius5 heading5 position6 velocity6 radius6 heading6 
0.0 (6.0,2.772355556488037) (0.0,0.0) 0.5 -0.01306446450976928 (10.0,3.4829656511388323) 3.0 0.0 (6.0,5.0) (0,0) 1e-07 -0.01306446450976928 (6.0,1.0) (0,0) 1e-07 -0.01306446450976928 
1.0 (6.192334175109863,2.7022736072540283) (0.19233405590057373,-0.07008195668458939) 0.5 -0.01306446450976928 (10.0,3.4829656511388323) 3.0 -0.3494242999571886 (6.192334175109863,5.0) (0,0) 1e-07 -0.01306446450976928 (6.192334175109863,1.0) (0,0) 1e-07 -0.01306446450976928 
2.0 (6.6546630859375,2.5264153480529785) (0.4623289406299591,-0.17585813999176025) 0.5 -0.01306446450976928 (10.0,3.4829656511388323) 3.0 -0.36347421565174154 (6.6546630859375,5.0) (0,0) 1e-07 -0.01306446450976928 (6.6546630859375,1.0) (0,0) 1e-07 -0.01306446450976928 
3.0 (7.416202545166016,2.5636093616485596) (0.7615392208099365,0.03719396889209747) 0.5 -0.01306446450976928 (10.0,3.4829656511388323) 3.0 0.04880173734536466 (7.0,5.0) (0,0) 1e-07 -0.01306446450976928 (7.0,1.0) (0,0) 1e-07 -0.01306446450976928 
4.0 (8.2738676071167,2.6974689960479736) (0.8576647043228149,0.1338595449924469) 0.5 -0.01306446450976928 (10.0,3.4829656511388323) 3.0 0.15482536878516517 (7.0,5.0) (0,0) 1e-07 -0.01306446450976928 (7.0,1.0) (0,0) 1e-07 -0.01306446450976928 
5.0 (9.044856071472168,2.9128475189208984) (0.7709888219833374,0.21537858247756958) 0.5 -0.01306446450976928 (10.0,3.4829656511388323) 3.0 0.2724092916588319 (7.0,5.0) (0,0) 1e-07 -0.01306446450976928 (7.0,1.0) (0,0) 1e-07 -0.01306446450976928 
6.0 (9.561784744262695,3.136523723602295) (0.5169287919998169,0.22367626428604126) 0.5 -0.01306446450976928 (10.0,3.4829656511388323) 3.0 0.4083764133487573 (7.0,5.0) (0,0) 1e-07 -0.01306446450976928 (7.0,1.0) (0,0) 1e-07 -0.01306446450976928 
7.0 (9.893750190734863,3.2857089042663574) (0.3319650888442993,0.1491851806640625) 0.5 -0.01306446450976928 (10.0,3.4829656511388323) 3.0 0.4223550283941789 (7.0,5.0) (0,0) 1e-07 -0.01306446450976928 (7.0,1.0) (0,0) 1e-07 -0.01306446450976928 
