[[(7.0, 6.0), (0, 6.0), (0, 5.0), (7.0, 5.0)], [(7.0, 1.0), (0, 1.0), (0, 0), (7.0, 0)]]
timestamp position0 velocity0 radius0 heading0 goal pref_speed theta position1 velocity1 radius1 heading1 position2 velocity2 radius2 heading2 position3 velocity3 radius3 heading3 position4 velocity4 radius4 heading4 position5 velocity5 radius5 heading5 position6 velocity6 radius6 heading6 
0.0 (6.0,3.439558267593384) (0.0,0.0) 0.5 -0.12356722286646771 (10.0,3.4403966871624068) 3.0 0.0 (6.0,5.0) (0,0) 1e-07 -0.12356722286646771 (6.0,1.0) (0,0) 1e-07 -0.12356722286646771 
1.0 (6.02585506439209,3.3046083450317383) (0.02585502900183201,-0.13494984805583954) 0.5 -0.12356722286646771 (10.0,3.4403966871624068) 3.0 -1.3815003164382114 (6.02585506439209,5.0) (0,0) 1e-07 -0.12356722286646771 (6.02585506439209,1.0) (0,0) 1e-07 -0.12356722286646771 
2.0 (6.238966464996338,3.0370230674743652) (0.21311147511005402,-0.26758527755737305) 0.5 -0.12356722286646771 (10.0,3.4403966871624068) 3.0 -0.8982393635685078 (6.238966464996338,5.0) (0,0) 1e-07 -0.12356722286646771 (6.238966464996338,1.0) (0,0) 1e-07 -0.12356722286646771 
3.0 (6.902503967285156,2.9239485263824463) (0.6635375618934631,-0.11307443678379059) 0.5 -0.12356722286646771 (10.0,3.4403966871624068) 3.0 -0.16879007975708935 (6.902503967285156,5.0) (0,0) 1e-07 -0.12356722286646771 (6.902503967285156,1.0) (0,0) 1e-07 -0.12356722286646771 
4.0 (7.762415885925293,2.9482688903808594) (0.8599119782447815,0.024320468306541443) 0.5 -0.12356722286646771 (10.0,3.4403966871624068) 3.0 0.02827497160410001 (7.0,5.0) (0,0) 1e-07 -0.12356722286646771 (7.0,1.0) (0,0) 1e-07 -0.12356722286646771 
5.0 (8.678201675415039,3.036858081817627) (0.9157859086990356,0.08858925104141235) 0.5 -0.12356722286646771 (10.0,3.4403966871624068) 3.0 0.09643570368273105 (7.0,5.0) (0,0) 1e-07 -0.12356722286646771 (7.0,1.0) (0,0) 1e-07 -0.12356722286646771 
6.0 (9.552081108093262,3.1359899044036865) (0.8738792538642883,0.09913179278373718) 0.5 -0.12356722286646771 (10.0,3.4403966871624068) 3.0 0.11295590843228613 (7.0,5.0) (0,0) 1e-07 -0.12356722286646771 (7.0,1.0) (0,0) 1e-07 -0.12356722286646771 
7.0 (10.341020584106445,3.254793167114258) (0.7889392971992493,0.1188032478094101) 0.5 -0.12356722286646771 (10.0,3.4403966871624068) 3.0 0.14946304655153805 (7.0,5.0) (0,0) 1e-07 -0.12356722286646771 (7.0,1.0) (0,0) 1e-07 -0.12356722286646771 
