[[(7.0, 6.0), (0, 6.0), (0, 5.0), (7.0, 5.0)], [(7.0, 1.0), (0, 1.0), (0, 0), (7.0, 0)]]
timestamp position0 velocity0 radius0 heading0 goal pref_speed theta position1 velocity1 radius1 heading1 position2 velocity2 radius2 heading2 position3 velocity3 radius3 heading3 position4 velocity4 radius4 heading4 position5 velocity5 radius5 heading5 position6 velocity6 radius6 heading6 
0.0 (6.0,2.678940534591675) (0.0,0.0) 0.5 -0.005754499629888776 (10.0,3.320777894254275) 3.0 0.0 (6.0,5.0) (0,0) 1e-07 -0.005754499629888776 (6.0,1.0) (0,0) 1e-07 -0.005754499629888776 
1.0 (6.153041362762451,2.6178367137908936) (0.15304122865200043,-0.06110391393303871) 0.5 -0.005754499629888776 (10.0,3.320777894254275) 3.0 -0.3798720761191061 (6.153041362762451,5.0) (0,0) 1e-07 -0.005754499629888776 (6.153041362762451,1.0) (0,0) 1e-07 -0.005754499629888776 
2.0 (6.510176658630371,2.5129642486572266) (0.35713550448417664,-0.10487238317728043) 0.5 -0.005754499629888776 (10.0,3.320777894254275) 3.0 -0.2856197933516302 (6.510176658630371,5.0) (0,0) 1e-07 -0.005754499629888776 (6.510176658630371,1.0) (0,0) 1e-07 -0.005754499629888776 
3.0 (7.2545318603515625,2.522923469543457) (0.7443554401397705,0.009959250688552856) 0.5 -0.005754499629888776 (10.0,3.320777894254275) 3.0 0.013378899281073268 (7.0,5.0) (0,0) 1e-07 -0.005754499629888776 (7.0,1.0) (0,0) 1e-07 -0.005754499629888776 
4.0 (8.113473892211914,2.6291236877441406) (0.8589415550231934,0.10620009899139404) 0.5 -0.005754499629888776 (10.0,3.320777894254275) 3.0 0.12301634227539988 (7.0,5.0) (0,0) 1e-07 -0.005754499629888776 (7.0,1.0) (0,0) 1e-07 -0.005754499629888776 
5.0 (8.949919700622559,2.779379367828369) (0.8364459872245789,0.15025565028190613) 0.5 -0.005754499629888776 (10.0,3.320777894254275) 3.0 0.17774015279210598 (7.0,5.0) (0,0) 1e-07 -0.005754499629888776 (7.0,1.0) (0,0) 1e-07 -0.005754499629888776 
6.0 (9.600528717041016,2.979702949523926) (0.6506088376045227,0.2003236711025238) 0.5 -0.005754499629888776 (10.0,3.320777894254275) 3.0 0.2986903489937935 (7.0,5.0) (0,0) 1e-07 -0.005754499629888776 (7.0,1.0) (0,0) 1e-07 -0.005754499629888776 
7.0 (10.063252449035645,3.159541606903076) (0.46272358298301697,0.17983868718147278) 0.5 -0.005754499629888776 (10.0,3.320777894254275) 3.0 0.3706859557834076 (7.0,5.0) (0,0) 1e-07 -0.005754499629888776 (7.0,1.0) (0,0) 1e-07 -0.005754499629888776 
