[[(7.0, 6.0), (0, 6.0), (0, 5.0), (7.0, 5.0)], [(7.0, 1.0), (0, 1.0), (0, 0), (7.0, 0)]]
timestamp position0 velocity0 radius0 heading0 goal pref_speed theta position1 velocity1 radius1 heading1 position2 velocity2 radius2 heading2 position3 velocity3 radius3 heading3 position4 velocity4 radius4 heading4 position5 velocity5 radius5 heading5 position6 velocity6 radius6 heading6 
0.0 (6.0,2.771812677383423) (0.0,0.0) 0.5 -0.3535733592467951 (10.0,3.305883352445203) 3.0 0.0 (6.0,5.0) (0,0) 1e-07 -0.3535733592467951 (6.0,1.0) (0,0) 1e-07 -0.3535733592467951 
1.0 (6.192018032073975,2.6916263103485107) (0.19201791286468506,-0.0801863744854927) 0.5 -0.3535733592467951 (10.0,3.305883352445203) 3.0 -0.3955847657342205 (6.192018032073975,5.0) (0,0) 1e-07 -0.3535733592467951 (6.192018032073975,1.0) (0,0) 1e-07 -0.3535733592467951 
2.0 (6.620666027069092,2.5112087726593018) (0.4286477863788605,-0.1804174780845642) 0.5 -0.3535733592467951 (10.0,3.305883352445203) 3.0 -0.3983920479455603 (6.620666027069092,5.0) (0,0) 1e-07 -0.3535733592467951 (6.620666027069092,1.0) (0,0) 1e-07 -0.3535733592467951 
3.0 (7.367852210998535,2.5421323776245117) (0.747186005115509,0.030923688784241676) 0.5 -0.3535733592467951 (10.0,3.305883352445203) 3.0 0.041363262400877496 (7.0,5.0) (0,0) 1e-07 -0.3535733592467951 (7.0,1.0) (0,0) 1e-07 -0.3535733592467951 
4.0 (8.21441650390625,2.665053129196167) (0.8465641140937805,0.12292076647281647) 0.5 -0.3535733592467951 (10.0,3.305883352445203) 3.0 0.14419190105419227 (7.0,5.0) (0,0) 1e-07 -0.3535733592467951 (7.0,1.0) (0,0) 1e-07 -0.3535733592467951 
5.0 (8.986673355102539,2.852637767791748) (0.7722568511962891,0.18758472800254822) 0.5 -0.3535733592467951 (10.0,3.305883352445203) 3.0 0.2382895551711692 (7.0,5.0) (0,0) 1e-07 -0.3535733592467951 (7.0,1.0) (0,0) 1e-07 -0.3535733592467951 
6.0 (9.49782657623291,3.0543947219848633) (0.5111535787582397,0.20175686478614807) 0.5 -0.3535733592467951 (10.0,3.305883352445203) 3.0 0.37593677503251194 (7.0,5.0) (0,0) 1e-07 -0.3535733592467951 (7.0,1.0) (0,0) 1e-07 -0.3535733592467951 
7.0 (9.814325332641602,3.1903417110443115) (0.3164989948272705,0.13594701886177063) 0.5 -0.3535733592467951 (10.0,3.305883352445203) 3.0 0.40570454861902006 (7.0,5.0) (0,0) 1e-07 -0.3535733592467951 (7.0,1.0) (0,0) 1e-07 -0.3535733592467951 
