[[(7.0, 6.0), (0, 6.0), (0, 5.0), (7.0, 5.0)], [(7.0, 1.0), (0, 1.0), (0, 0), (7.0, 0)]]
timestamp position0 velocity0 radius0 heading0 goal pref_speed theta position1 velocity1 radius1 heading1 position2 velocity2 radius2 heading2 position3 velocity3 radius3 heading3 position4 velocity4 radius4 heading4 position5 velocity5 radius5 heading5 position6 velocity6 radius6 heading6 
0.0 (6.0,2.7834742069244385) (0.0,0.0) 0.5 -0.21028995218813332 (10.0,3.4162948018498853) 3.0 0.0 (6.0,5.0) (0,0) 1e-07 -0.21028995218813332 (6.0,1.0) (0,0) 1e-07 -0.21028995218813332 
1.0 (6.143727779388428,2.6861467361450195) (0.14372779428958893,-0.09732747077941895) 0.5 -0.21028995218813332 (10.0,3.4162948018498853) 3.0 -0.5952356933695698 (6.143727779388428,5.0) (0,0) 1e-07 -0.21028995218813332 (6.143727779388428,1.0) (0,0) 1e-07 -0.21028995218813332 
2.0 (6.463103294372559,2.5734128952026367) (0.319375604391098,-0.11273384839296341) 0.5 -0.21028995218813332 (10.0,3.4162948018498853) 3.0 -0.33932894003895414 (6.463103294372559,5.0) (0,0) 1e-07 -0.21028995218813332 (6.463103294372559,1.0) (0,0) 1e-07 -0.21028995218813332 
3.0 (7.194969654083252,2.5865066051483154) (0.7318664789199829,0.013093613088130951) 0.5 -0.21028995218813332 (10.0,3.4162948018498853) 3.0 0.01788880450554872 (7.0,5.0) (0,0) 1e-07 -0.21028995218813332 (7.0,1.0) (0,0) 1e-07 -0.21028995218813332 
4.0 (8.049508094787598,2.6982851028442383) (0.8545386791229248,0.11177858710289001) 0.5 -0.21028995218813332 (10.0,3.4162948018498853) 3.0 0.1300672978284724 (7.0,5.0) (0,0) 1e-07 -0.21028995218813332 (7.0,1.0) (0,0) 1e-07 -0.21028995218813332 
5.0 (8.87269115447998,2.8564441204071045) (0.8231832981109619,0.158159077167511) 0.5 -0.21028995218813332 (10.0,3.4162948018498853) 3.0 0.18981794643364852 (7.0,5.0) (0,0) 1e-07 -0.21028995218813332 (7.0,1.0) (0,0) 1e-07 -0.21028995218813332 
6.0 (9.489864349365234,3.048539638519287) (0.6171727776527405,0.192095547914505) 0.5 -0.21028995218813332 (10.0,3.4162948018498853) 3.0 0.3017464428469043 (7.0,5.0) (0,0) 1e-07 -0.21028995218813332 (7.0,1.0) (0,0) 1e-07 -0.21028995218813332 
7.0 (9.931296348571777,3.214468479156494) (0.4414323568344116,0.16592887043952942) 0.5 -0.21028995218813332 (10.0,3.4162948018498853) 3.0 0.3595484566843062 (7.0,5.0) (0,0) 1e-07 -0.21028995218813332 (7.0,1.0) (0,0) 1e-07 -0.21028995218813332 
