[[(7.0, 6.0), (0, 6.0), (0, 5.0), (7.0, 5.0)], [(7.0, 1.0), (0, 1.0), (0, 0), (7.0, 0)]]
timestamp position0 velocity0 radius0 heading0 goal pref_speed theta position1 velocity1 radius1 heading1 position2 velocity2 radius2 heading2 position3 velocity3 radius3 heading3 position4 velocity4 radius4 heading4 position5 velocity5 radius5 heading5 position6 velocity6 radius6 heading6 
0.0 (6.0,2.6880712509155273) (0.0,0.0) 0.5 -0.3203930926624263 (10.0,3.3487344343519827) 3.0 0.0 (6.0,5.0) (0,0) 1e-07 -0.3203930926624263 (6.0,1.0) (0,0) 1e-07 -0.3203930926624263 
1.0 (6.215507507324219,2.6585888862609863) (0.2155074179172516,-0.029482334852218628) 0.5 -0.3203930926624263 (10.0,3.3487344343519827) 3.0 -0.13596027743902808 (6.215507507324219,5.0) (0,0) 1e-07 -0.3203930926624263 (6.215507507324219,1.0) (0,0) 1e-07 -0.3203930926624263 
2.0 (6.657001495361328,2.5134310722351074) (0.44149380922317505,-0.14515793323516846) 0.5 -0.3203930926624263 (10.0,3.3487344343519827) 3.0 -0.31765432779322045 (6.657001495361328,5.0) (0,0) 1e-07 -0.3203930926624263 (6.657001495361328,1.0) (0,0) 1e-07 -0.3203930926624263 
3.0 (7.408296585083008,2.560755968093872) (0.7512952089309692,0.04732479155063629) 0.5 -0.3203930926624263 (10.0,3.3487344343519827) 3.0 0.06290782490069168 (7.0,5.0) (0,0) 1e-07 -0.3203930926624263 (7.0,1.0) (0,0) 1e-07 -0.3203930926624263 
4.0 (8.241485595703125,2.681952476501465) (0.833188533782959,0.12119638919830322) 0.5 -0.3203930926624263 (10.0,3.3487344343519827) 3.0 0.14444784263398586 (7.0,5.0) (0,0) 1e-07 -0.3203930926624263 (7.0,1.0) (0,0) 1e-07 -0.3203930926624263 
5.0 (8.995668411254883,2.8677964210510254) (0.7541829943656921,0.18584394454956055) 0.5 -0.3203930926624263 (10.0,3.3487344343519827) 3.0 0.24160413730500363 (7.0,5.0) (0,0) 1e-07 -0.3203930926624263 (7.0,1.0) (0,0) 1e-07 -0.3203930926624263 
6.0 (9.500940322875977,3.0672311782836914) (0.5052722692489624,0.19943466782569885) 0.5 -0.3203930926624263 (10.0,3.3487344343519827) 3.0 0.37593541922940565 (7.0,5.0) (0,0) 1e-07 -0.3203930926624263 (7.0,1.0) (0,0) 1e-07 -0.3203930926624263 
7.0 (9.830236434936523,3.1998558044433594) (0.32929590344429016,0.13262471556663513) 0.5 -0.3203930926624263 (10.0,3.3487344343519827) 3.0 0.3828768818118117 (7.0,5.0) (0,0) 1e-07 -0.3203930926624263 (7.0,1.0) (0,0) 1e-07 -0.3203930926624263 
