[[(7.0, 6.0), (0, 6.0), (0, 5.0), (7.0, 5.0)], [(7.0, 1.0), (0, 1.0), (0, 0), (7.0, 0)]]
timestamp position0 velocity0 radius0 heading0 goal pref_speed theta position1 velocity1 radius1 heading1 position2 velocity2 radius2 heading2 position3 velocity3 radius3 heading3 position4 velocity4 radius4 heading4 position5 velocity5 radius5 heading5 position6 velocity6 radius6 heading6 
0.0 (6.0,2.5535194873809814) (0.0,0.0) 0.5 -0.3417573409375321 (10.0,3.3325592621277713) 3.0 0.0 (6.0,5.0) (0,0) 1e-07 -0.3417573409375321 (6.0,1.0) (0,0) 1e-07 -0.3417573409375321 
1.0 (6.201814651489258,2.4858217239379883) (0.2018144726753235,-0.0676976665854454) 0.5 -0.3417573409375321 (10.0,3.3325592621277713) 3.0 -0.32364989700521374 (6.201814651489258,5.0) (0,0) 1e-07 -0.3417573409375321 (6.201814651489258,1.0) (0,0) 1e-07 -0.3417573409375321 
2.0 (6.686856269836426,2.3849000930786133) (0.48504167795181274,-0.10092168301343918) 0.5 -0.3417573409375321 (10.0,3.3325592621277713) 3.0 -0.20514114113601875 (6.686856269836426,5.0) (0,0) 1e-07 -0.3417573409375321 (6.686856269836426,1.0) (0,0) 1e-07 -0.3417573409375321 
3.0 (7.429585933685303,2.4604687690734863) (0.7427294850349426,0.07556863129138947) 0.5 -0.3417573409375321 (10.0,3.3325592621277713) 3.0 0.10139556849203764 (7.0,5.0) (0,0) 1e-07 -0.3417573409375321 (7.0,1.0) (0,0) 1e-07 -0.3417573409375321 
4.0 (8.241517066955566,2.5915985107421875) (0.8119312524795532,0.13112981617450714) 0.5 -0.3417573409375321 (10.0,3.3325592621277713) 3.0 0.16012098109755757 (7.0,5.0) (0,0) 1e-07 -0.3417573409375321 (7.0,1.0) (0,0) 1e-07 -0.3417573409375321 
5.0 (8.960472106933594,2.7744128704071045) (0.7189555168151855,0.18281444907188416) 0.5 -0.3417573409375321 (10.0,3.3325592621277713) 3.0 0.24900078640520906 (7.0,5.0) (0,0) 1e-07 -0.3417573409375321 (7.0,1.0) (0,0) 1e-07 -0.3417573409375321 
6.0 (9.450020790100098,2.967015266418457) (0.4895484447479248,0.19260245561599731) 0.5 -0.3417573409375321 (10.0,3.3325592621277713) 3.0 0.3748287425441369 (7.0,5.0) (0,0) 1e-07 -0.3417573409375321 (7.0,1.0) (0,0) 1e-07 -0.3417573409375321 
7.0 (9.800127029418945,3.106799364089966) (0.3501059412956238,0.1397840678691864) 0.5 -0.3417573409375321 (10.0,3.3325592621277713) 3.0 0.3798701796620706 (7.0,5.0) (0,0) 1e-07 -0.3417573409375321 (7.0,1.0) (0,0) 1e-07 -0.3417573409375321 
