[[(7.0, 6.0), (0, 6.0), (0, 5.0), (7.0, 5.0)], [(7.0, 1.0), (0, 1.0), (0, 0), (7.0, 0)]]
timestamp position0 velocity0 radius0 heading0 goal pref_speed theta position1 velocity1 radius1 heading1 position2 velocity2 radius2 heading2 position3 velocity3 radius3 heading3 position4 velocity4 radius4 heading4 position5 velocity5 radius5 heading5 position6 velocity6 radius6 heading6 
0.0 (6.0,2.567450523376465) (0.0,0.0) 0.5 -0.2742420598012463 (10.0,3.1200786408471757) 3.0 0.0 (6.0,5.0) (0,0) 1e-07 -0.2742420598012463 (6.0,1.0) (0,0) 1e-07 -0.2742420598012463 
1.0 (6.190877437591553,2.52410888671875) (0.1908772736787796,-0.043341681361198425) 0.5 -0.2742420598012463 (10.0,3.1200786408471757) 3.0 -0.22327973139943416 (6.190877437591553,5.0) (0,0) 1e-07 -0.2742420598012463 (6.190877437591553,1.0) (0,0) 1e-07 -0.2742420598012463 
2.0 (6.628330230712891,2.3686394691467285) (0.43745261430740356,-0.1554693877696991) 0.5 -0.2742420598012463 (10.0,3.1200786408471757) 3.0 -0.341474806191654 (6.628330230712891,5.0) (0,0) 1e-07 -0.2742420598012463 (6.628330230712891,1.0) (0,0) 1e-07 -0.2742420598012463 
3.0 (7.364469528198242,2.392343759536743) (0.736139178276062,0.02370418608188629) 0.5 -0.2742420598012463 (10.0,3.1200786408471757) 3.0 0.03218956284746053 (7.0,5.0) (0,0) 1e-07 -0.2742420598012463 (7.0,1.0) (0,0) 1e-07 -0.2742420598012463 
4.0 (8.203018188476562,2.505155324935913) (0.8385488390922546,0.11281147599220276) 0.5 -0.2742420598012463 (10.0,3.1200786408471757) 3.0 0.13372886944237525 (7.0,5.0) (0,0) 1e-07 -0.2742420598012463 (7.0,1.0) (0,0) 1e-07 -0.2742420598012463 
5.0 (8.996794700622559,2.66575288772583) (0.7937762141227722,0.16059750318527222) 0.5 -0.2742420598012463 (10.0,3.1200786408471757) 3.0 0.19962617719334194 (7.0,5.0) (0,0) 1e-07 -0.2742420598012463 (7.0,1.0) (0,0) 1e-07 -0.2742420598012463 
6.0 (9.554173469543457,2.8556325435638428) (0.5573786497116089,0.18987974524497986) 0.5 -0.2742420598012463 (10.0,3.1200786408471757) 3.0 0.3283350364030367 (7.0,5.0) (0,0) 1e-07 -0.2742420598012463 (7.0,1.0) (0,0) 1e-07 -0.2742420598012463 
7.0 (9.947183609008789,3.008979320526123) (0.3930097222328186,0.15334674715995789) 0.5 -0.2742420598012463 (10.0,3.1200786408471757) 3.0 0.3720171893063268 (7.0,5.0) (0,0) 1e-07 -0.2742420598012463 (7.0,1.0) (0,0) 1e-07 -0.2742420598012463 
