[[(7.0, 6.0), (0, 6.0), (0, 5.0), (7.0, 5.0)], [(7.0, 1.0), (0, 1.0), (0, 0), (7.0, 0)]]
timestamp position0 velocity0 radius0 heading0 goal pref_speed theta position1 velocity1 radius1 heading1 position2 velocity2 radius2 heading2 position3 velocity3 radius3 heading3 position4 velocity4 radius4 heading4 position5 velocity5 radius5 heading5 position6 velocity6 radius6 heading6 
0.0 (6.0,3.4777004718780518) (0.0,0.0) 0.5 -0.2743090350507741 (10.0,2.6699702520447794) 3.0 0.0 (6.0,5.0) (0,0) 1e-07 -0.2743090350507741 (6.0,1.0) (0,0) 1e-07 -0.2743090350507741 
1.0 (6.036364555358887,3.277212142944336) (0.03636445477604866,-0.2004884034395218) 0.5 -0.2743090350507741 (10.0,2.6699702520447794) 3.0 -1.3913676563390918 (6.036364555358887,5.0) (0,0) 1e-07 -0.2743090350507741 (6.036364555358887,1.0) (0,0) 1e-07 -0.2743090350507741 
2.0 (6.269782543182373,2.9882278442382812) (0.23341816663742065,-0.28898441791534424) 0.5 -0.2743090350507741 (10.0,2.6699702520447794) 3.0 -0.8913664480643537 (6.269782543182373,5.0) (0,0) 1e-07 -0.2743090350507741 (6.269782543182373,1.0) (0,0) 1e-07 -0.2743090350507741 
3.0 (6.8245978355407715,2.806056499481201) (0.5548152327537537,-0.18217137455940247) 0.5 -0.2743090350507741 (10.0,2.6699702520447794) 3.0 -0.3172552785309805 (6.8245978355407715,5.0) (0,0) 1e-07 -0.2743090350507741 (6.8245978355407715,1.0) (0,0) 1e-07 -0.2743090350507741 
4.0 (7.621575832366943,2.752044916152954) (0.7969778180122375,-0.05401155352592468) 0.5 -0.2743090350507741 (10.0,2.6699702520447794) 3.0 -0.06766699236134065 (7.0,5.0) (0,0) 1e-07 -0.2743090350507741 (7.0,1.0) (0,0) 1e-07 -0.2743090350507741 
5.0 (8.493024826049805,2.755100727081299) (0.8714494705200195,0.0030559301376342773) 0.5 -0.2743090350507741 (10.0,2.6699702520447794) 3.0 0.003506706601762913 (7.0,5.0) (0,0) 1e-07 -0.2743090350507741 (7.0,1.0) (0,0) 1e-07 -0.2743090350507741 
6.0 (9.37490463256836,2.7613680362701416) (0.8818800449371338,0.0062673985958099365) 0.5 -0.2743090350507741 (10.0,2.6699702520447794) 3.0 0.007106741011065793 (7.0,5.0) (0,0) 1e-07 -0.2743090350507741 (7.0,1.0) (0,0) 1e-07 -0.2743090350507741 
7.0 (10.230567932128906,2.763378858566284) (0.8556631803512573,0.0020109042525291443) 0.5 -0.2743090350507741 (10.0,2.6699702520447794) 3.0 0.002350107608491102 (7.0,5.0) (0,0) 1e-07 -0.2743090350507741 (7.0,1.0) (0,0) 1e-07 -0.2743090350507741 
