[[(7.0, 6.0), (0, 6.0), (0, 5.0), (7.0, 5.0)], [(7.0, 1.0), (0, 1.0), (0, 0), (7.0, 0)]]
timestamp position0 velocity0 radius0 heading0 goal pref_speed theta position1 velocity1 radius1 heading1 position2 velocity2 radius2 heading2 position3 velocity3 radius3 heading3 position4 velocity4 radius4 heading4 position5 velocity5 radius5 heading5 position6 velocity6 radius6 heading6 
0.0 (6.0,3.423752546310425) (0.0,0.0) 0.5 -0.11316766248508486 (10.0,3.0355560694483184) 3.0 0.0 (6.0,5.0) (0,0) 1e-07 -0.11316766248508486 (6.0,1.0) (0,0) 1e-07 -0.11316766248508486 
1.0 (6.022119522094727,3.2267539501190186) (0.022119291126728058,-0.1969984918832779) 0.5 -0.11316766248508486 (10.0,3.0355560694483184) 3.0 -1.458983113908627 (6.022119522094727,5.0) (0,0) 1e-07 -0.11316766248508486 (6.022119522094727,1.0) (0,0) 1e-07 -0.11316766248508486 
2.0 (6.270208358764648,2.937098741531372) (0.2480890154838562,-0.2896551489830017) 0.5 -0.11316766248508486 (10.0,3.0355560694483184) 3.0 -0.8625419945896998 (6.270208358764648,5.0) (0,0) 1e-07 -0.11316766248508486 (6.270208358764648,1.0) (0,0) 1e-07 -0.11316766248508486 
3.0 (6.906123638153076,2.797096014022827) (0.6359151601791382,-0.14000272750854492) 0.5 -0.11316766248508486 (10.0,3.0355560694483184) 3.0 -0.2167023821796006 (6.906123638153076,5.0) (0,0) 1e-07 -0.11316766248508486 (6.906123638153076,1.0) (0,0) 1e-07 -0.11316766248508486 
4.0 (7.744165420532227,2.7894816398620605) (0.8380415439605713,-0.007614299654960632) 0.5 -0.11316766248508486 (10.0,3.0355560694483184) 3.0 -0.009085576000848175 (7.0,5.0) (0,0) 1e-07 -0.11316766248508486 (7.0,1.0) (0,0) 1e-07 -0.11316766248508486 
5.0 (8.635820388793945,2.832038164138794) (0.891655445098877,0.04255649447441101) 0.5 -0.11316766248508486 (10.0,3.0355560694483184) 3.0 0.04769132004766543 (7.0,5.0) (0,0) 1e-07 -0.11316766248508486 (7.0,1.0) (0,0) 1e-07 -0.11316766248508486 
6.0 (9.511452674865723,2.8857719898223877) (0.8756319284439087,0.053733885288238525) 0.5 -0.11316766248508486 (10.0,3.0355560694483184) 3.0 0.06128897975648693 (7.0,5.0) (0,0) 1e-07 -0.11316766248508486 (7.0,1.0) (0,0) 1e-07 -0.11316766248508486 
7.0 (10.330629348754883,2.9528775215148926) (0.819176435470581,0.06710559129714966) 0.5 -0.11316766248508486 (10.0,3.0355560694483184) 3.0 0.08173585474328944 (7.0,5.0) (0,0) 1e-07 -0.11316766248508486 (7.0,1.0) (0,0) 1e-07 -0.11316766248508486 
