[[(7.0, 6.0), (0, 6.0), (0, 5.0), (7.0, 5.0)], [(7.0, 1.0), (0, 1.0), (0, 0), (7.0, 0)]]
timestamp position0 velocity0 radius0 heading0 goal pref_speed theta position1 velocity1 radius1 heading1 position2 velocity2 radius2 heading2 position3 velocity3 radius3 heading3 position4 velocity4 radius4 heading4 position5 velocity5 radius5 heading5 position6 velocity6 radius6 heading6 
0.0 (6.0,2.7877981662750244) (0.0,0.0) 0.5 -0.27950517172268596 (10.0,3.34070459747635) 3.0 0.0 (6.0,5.0) (0,0) 1e-07 -0.27950517172268596 (6.0,1.0) (0,0) 1e-07 -0.27950517172268596 
1.0 (6.153999328613281,2.669931173324585) (0.15399926900863647,-0.11786693334579468) 0.5 -0.27950517172268596 (10.0,3.34070459747635) 3.0 -0.653267657886699 (6.153999328613281,5.0) (0,0) 1e-07 -0.27950517172268596 (6.153999328613281,1.0) (0,0) 1e-07 -0.27950517172268596 
2.0 (6.574507713317871,2.474367141723633) (0.4205082952976227,-0.19556409120559692) 0.5 -0.27950517172268596 (10.0,3.34070459747635) 3.0 -0.4353118993336415 (6.574507713317871,5.0) (0,0) 1e-07 -0.27950517172268596 (6.574507713317871,1.0) (0,0) 1e-07 -0.27950517172268596 
3.0 (7.324422836303711,2.497408151626587) (0.7499149441719055,0.02304111421108246) 0.5 -0.27950517172268596 (10.0,3.34070459747635) 3.0 0.030715307170233942 (7.0,5.0) (0,0) 1e-07 -0.27950517172268596 (7.0,1.0) (0,0) 1e-07 -0.27950517172268596 
4.0 (8.184711456298828,2.6214780807495117) (0.8602886199951172,0.12407003343105316) 0.5 -0.27950517172268596 (10.0,3.34070459747635) 3.0 0.1432314979096909 (7.0,5.0) (0,0) 1e-07 -0.27950517172268596 (7.0,1.0) (0,0) 1e-07 -0.27950517172268596 
5.0 (8.989239692687988,2.7998669147491455) (0.8045282959938049,0.1783888041973114) 0.5 -0.27950517172268596 (10.0,3.34070459747635) 3.0 0.21820072095243767 (7.0,5.0) (0,0) 1e-07 -0.27950517172268596 (7.0,1.0) (0,0) 1e-07 -0.27950517172268596 
6.0 (9.535558700561523,3.0098862648010254) (0.5463188886642456,0.21001946926116943) 0.5 -0.27950517172268596 (10.0,3.34070459747635) 3.0 0.36700929714646535 (7.0,5.0) (0,0) 1e-07 -0.27950517172268596 (7.0,1.0) (0,0) 1e-07 -0.27950517172268596 
7.0 (9.921339988708496,3.175790786743164) (0.3857811391353607,0.16590449213981628) 0.5 -0.27950517172268596 (10.0,3.34070459747635) 3.0 0.40613875290267326 (7.0,5.0) (0,0) 1e-07 -0.27950517172268596 (7.0,1.0) (0,0) 1e-07 -0.27950517172268596 
