[[(2, 2.1), (0, 2.1), (0, 1.8), (2, 1.8)], [(2, 0.3), (0, 0.3), (0, 0), (2, 0)]]
timestamp position0 velocity0 radius0 heading0 goal pref_speed theta position1 velocity1 radius1 heading1 position2 velocity2 radius2 heading2 position3 velocity3 radius3 heading3 position4 velocity4 radius4 heading4 position5 velocity5 radius5 position6 velocity6 radius6
0 (1.4913,0.928899) (0,0) 0.188114 -0.284918 (5.99563,1.71825) 1.58914 0 (2.29518,0.564635) (0,0) 0.189254 -0.0777981 (2.24656,0.923184) (0,0) 0.216091 0.391854 (2.38204,1.31879) (0,0) 0.155381 0.266338 (2.28576,1.61565) (0,0) 0.178935 0.108033 (1.4913,1.8) (0,0) 0.001 -0.284918 (1.4913,0.3) (0,0) 0.001 -0.284918
0.25 (1.50022,0.947727) (0.035679,0.0753124) 0.188114 -0.284918 (5.99563,1.71825) 1.58914 1.12837 (2.38936,0.544174) (0.376704,-0.0818432) 0.189254 -0.0777981 (2.23137,0.936507) (-0.0607659,0.053289) 0.216091 0.391854 (2.42405,1.32073) (0.168048,0.00776624) 0.155381 0.266338 (2.31962,1.63832) (0.135462,0.0906683) 0.178935 0.108033 (1.50022,1.8) (0,0) 0.001 -0.284918 (1.50022,0.3) (0,0) 0.001 -0.284918
0.5 (1.51261,0.980935) (0.0495568,0.132832) 0.188114 -0.284918 (5.99563,1.71825) 1.58914 1.21371 (2.48353,0.52371) (0.376701,-0.0818553) 0.189254 -0.0777981 (2.25852,0.923112) (0.1086,-0.0535772) 0.216091 0.391854 (2.46405,1.33372) (0.16,0.0519649) 0.155381 0.266338 (2.35839,1.6509) (0.155046,0.050314) 0.178935 0.108033 (1.51261,1.8) (0,0) 0.001 -0.284918 (1.51261,0.3) (0,0) 0.001 -0.284918
0.75 (1.55903,1.01248) (0.185694,0.12619) 0.188114 -0.284918 (5.99563,1.71825) 1.58914 0.596875 (2.57771,0.503244) (0.3767,-0.0818633) 0.189254 -0.0777981 (2.32203,0.910601) (0.254022,-0.0500448) 0.216091 0.391854 (2.50405,1.34671) (0.159998,0.0519695) 0.155381 0.266338 (2.39715,1.66347) (0.155048,0.0503094) 0.178935 0.108033 (1.55903,1.8) (0,0) 0.001 -0.284918 (1.55903,0.3) (0,0) 0.001 -0.284918
1 (1.71796,1.13005) (0.635738,0.470262) 0.188114 -0.284918 (5.99563,1.71825) 1.58914 0.636883 (2.67188,0.482778) (0.3767,-0.0818627) 0.189254 -0.0777981 (2.39447,0.883582) (0.289762,-0.108077) 0.216091 0.391854 (2.54405,1.3597) (0.159995,0.0519792) 0.155381 0.266338 (2.43591,1.67605) (0.155051,0.0502997) 0.178935 0.108033 (1.71796,1.8) (0,0) 0.001 -0.284918 (1.71796,0.3) (0,0) 0.001 -0.284918
1.25 (1.83813,1.23401) (0.480678,0.415834) 0.188114 -0.284918 (5.99563,1.71825) 1.58914 0.713194 (2.76606,0.462313) (0.3767,-0.0818636) 0.189254 -0.0777981 (2.46691,0.856568) (0.28977,-0.108054) 0.216091 0.391854 (2.58405,1.3727) (0.159992,0.0519887) 0.155381 0.266338 (2.47632,1.67076) (0.161625,-0.0211688) 0.178935 0.108033 (1.83813,1.8) (0,0) 0.001 -0.284918 (1.83813,0.3) (0,0) 0.001 -0.284918
1.5 (1.9454,1.33565) (0.429051,0.406583) 0.188114 -0.284918 (5.99563,1.71825) 1.58914 0.758517 (2.86023,0.441843) (0.376696,-0.0818799) 0.189254 -0.0777981 (2.53935,0.829556) (0.289772,-0.108051) 0.216091 0.391854 (2.62582,1.36781) (0.167086,-0.0195619) 0.155381 0.266338 (2.51707,1.67075) (0.163006,-3.33562e-05) 0.178935 0.108033 (1.9454,1.8) (0,0) 0.001 -0.284918 (1.9454,0.3) (0,0) 0.001 -0.284918
1.75 (2.04222,1.43327) (0.387278,0.390477) 0.188114 -0.284918 (5.99563,1.71825) 1.58914 0.789511 (2.9544,0.421375) (0.376698,-0.0818705) 0.189254 -0.0777981 (2.61179,0.802534) (0.289759,-0.108084) 0.216091 0.391854 (2.66687,1.35868) (0.164212,-0.0365347) 0.155381 0.266338 (2.55772,1.66784) (0.162591,-0.0116146) 0.178935 0.108033 (2,1.8) (0,0) 0.001 -0.284918 (2,0.3) (0,0) 0.001 -0.284918
2 (2.13224,1.526) (0.360091,0.37093) 0.188114 -0.284918 (5.99563,1.71825) 1.58914 0.800224 (3.04858,0.400914) (0.376704,-0.0818418) 0.189254 -0.0777981 (2.68423,0.775518) (0.289766,-0.108066) 0.216091 0.391854 (2.70787,1.3493) (0.163988,-0.0375276) 0.155381 0.266338 (2.59802,1.66181) (0.161208,-0.0241393) 0.178935 0.108033 (2,1.8) (0,0) 0.001 -0.284918 (2,0.3) (0,0) 0.001 -0.284918
2.25 (2.21765,1.61361) (0.341638,0.350406) 0.188114 -0.284918 (5.99563,1.71825) 1.58914 0.798067 (3.14276,0.38045) (0.376701,-0.0818563) 0.189254 -0.0777981 (2.75667,0.748498) (0.289762,-0.108078) 0.216091 0.391854 (2.74891,1.3401) (0.16416,-0.0367677) 0.155381 0.266338 (2.63798,1.65383) (0.159849,-0.0319242) 0.178935 0.108033 (2,1.8) (0,0) 0.001 -0.284918 (2,0.3) (0,0) 0.001 -0.284918
2.5 (2.29943,1.69597) (0.327106,0.32947) 0.188114 -0.284918 (5.99563,1.71825) 1.58914 0.788999 (3.23693,0.359983) (0.376698,-0.0818693) 0.189254 -0.0777981 (2.82911,0.72148) (0.289763,-0.108075) 0.216091 0.391854 (2.78994,1.33088) (0.164131,-0.0368981) 0.155381 0.266338 (2.67772,1.64479) (0.158948,-0.0361422) 0.178935 0.108033 (2,1.8) (0,0) 0.001 -0.284918 (2,0.3) (0,0) 0.001 -0.284918
2.75 (2.37772,1.77268) (0.313165,0.306813) 0.188114 -0.284918 (5.99563,1.71825) 1.58914 0.775153 (3.33111,0.339519) (0.376701,-0.0818554) 0.189254 -0.0777981 (2.90156,0.69446) (0.289761,-0.108079) 0.216091 0.391854 (2.83093,1.32146) (0.163957,-0.0376623) 0.155381 0.266338 (2.71728,1.63503) (0.158262,-0.0390359) 0.178935 0.108033 (2,1.8) (0,0) 0.001 -0.284918 (2,0.3) (0,0) 0.001 -0.284918
3 (2.48197,1.87746) (0.417,0.419125) 0.188114 -0.284918 (5.99563,1.71825) 1.58914 0.787939 (3.42528,0.319064) (0.376709,-0.08182) 0.189254 -0.0777981 (2.97399,0.667437) (0.289756,-0.108091) 0.216091 0.391854 (2.87183,1.31169) (0.163617,-0.0391111) 0.155381 0.266338 (2.75801,1.6336) (0.162905,-0.00572549) 0.178935 0.108033 (2,1.8) (0,0) 0.001 -0.284918 (2,0.3) (0,0) 0.001 -0.284918
3.25 (2.61543,1.98754) (0.533836,0.440322) 0.188114 -0.284918 (5.99563,1.71825) 1.58914 0.689697 (3.51946,0.298592) (0.376694,-0.081889) 0.189254 -0.0777981 (3.04643,0.640417) (0.289761,-0.108079) 0.216091 0.391854 (2.91356,1.30644) (0.166911,-0.0209988) 0.155381 0.266338 (2.79728,1.6445) (0.157068,0.0435943) 0.178935 0.108033 (2,1.8) (0,0) 0.001 -0.284918 (2,0.3) (0,0) 0.001 -0.284918
3.5 (2.84844,2.071) (0.932074,0.333862) 0.188114 -0.284918 (5.99563,1.71825) 1.58914 0.343955 (3.61363,0.27814) (0.376712,-0.0818075) 0.189254 -0.0777981 (3.11887,0.613397) (0.289761,-0.108079) 0.216091 0.391854 (2.95545,1.31017) (0.167562,0.0149472) 0.155381 0.266338 (2.83654,1.6554) (0.157066,0.0436003) 0.178935 0.108033 (2,1.8) (0,0) 0.001 -0.284918 (2,0.3) (0,0) 0.001 -0.284918
3.75 (3.10166,2.05153) (1.01287,-0.0779115) 0.188114 -0.284918 (5.99563,1.71825) 1.58914 -0.0767706 (3.70781,0.257675) (0.376701,-0.0818589) 0.189254 -0.0777981 (3.19131,0.586378) (0.289762,-0.108077) 0.216091 0.391854 (2.99667,1.31853) (0.164871,0.033436) 0.155381 0.266338 (2.87581,1.6663) (0.157068,0.043595) 0.178935 0.108033 (2,1.8) (0,0) 0.001 -0.284918 (2,0.3) (0,0) 0.001 -0.284918
4 (3.35,2.02291) (0.993352,-0.114443) 0.188114 -0.284918 (5.99563,1.71825) 1.58914 -0.114703 (3.78816,0.240256) (0.321407,-0.069676) 0.189254 -0.0777981 (3.26375,0.559357) (0.289759,-0.108086) 0.216091 0.391854 (3.03734,1.32923) (0.162689,0.0428092) 0.155381 0.266338 (2.91508,1.6772) (0.157067,0.0435991) 0.178935 0.108033 (2,1.8) (0,0) 0.001 -0.284918 (2,0.3) (0,0) 0.001 -0.284918
4.25 (3.59836,1.99434) (0.99345,-0.114317) 0.188114 -0.284918 (5.99563,1.71825) 1.58914 -0.114567 (3.86154,0.224864) (0.293517,-0.0615686) 0.189254 -0.0777981 (3.33619,0.532337) (0.289762,-0.108078) 0.216091 0.391854 (3.07769,1.34111) (0.161379,0.0475106) 0.155381 0.266338 (2.95434,1.6881) (0.157068,0.0435954) 0.178935 0.108033 (2,1.8) (0,0) 0.001 -0.284918 (2,0.3) (0,0) 0.001 -0.284918
4.5 (3.84673,1.96573) (0.99346,-0.114427) 0.188114 -0.284918 (5.99563,1.71825) 1.58914 -0.114675 (3.93166,0.212157) (0.280469,-0.0508307) 0.189254 -0.0777981 (3.40864,0.505318) (0.289761,-0.108078) 0.216091 0.391854 (3.11786,1.35356) (0.160687,0.049799) 0.155381 0.266338 (2.99361,1.69899) (0.157071,0.0435841) 0.178935 0.108033 (2,1.8) (0,0) 0.001 -0.284918 (2,0.3) (0,0) 0.001 -0.284918
4.75 (4.09508,1.93714) (0.993423,-0.114362) 0.188114 -0.284918 (5.99563,1.71825) 1.58914 -0.114615 (4.0001,0.20652) (0.273752,-0.0225465) 0.189254 -0.0777981 (3.48108,0.478297) (0.28976,-0.108083) 0.216091 0.391854 (3.15795,1.36627) (0.160363,0.0508336) 0.155381 0.266338 (3.03288,1.70989) (0.157069,0.0435894) 0.178935 0.108033 (2,1.8) (0,0) 0.001 -0.284918 (2,0.3) (0,0) 0.001 -0.284918
5 (4.34346,1.90853) (0.993519,-0.114434) 0.188114 -0.284918 (5.99563,1.71825) 1.58914 -0.114675 (4.0597,0.222424) (0.238407,0.0636144) 0.189254 -0.0777981 (3.55352,0.451283) (0.289771,-0.108054) 0.216091 0.391854 (3.19801,1.37908) (0.160237,0.0512277) 0.155381 0.266338 (3.07215,1.72079) (0.157069,0.0435908) 0.178935 0.108033 (2,1.8) (0,0) 0.001 -0.284918 (2,0.3) (0,0) 0.001 -0.284918
5.25 (4.59183,1.87991) (0.99348,-0.114478) 0.188114 -0.284918 (5.99563,1.71825) 1.58914 -0.114723 (4.11809,0.239255) (0.233585,0.0673269) 0.189254 -0.0777981 (3.62596,0.424266) (0.289764,-0.10807) 0.216091 0.391854 (3.23806,1.3919) (0.160217,0.0512912) 0.155381 0.266338 (3.11141,1.73169) (0.157066,0.0436004) 0.178935 0.108033 (2,1.8) (0,0) 0.001 -0.284918 (2,0.3) (0,0) 0.001 -0.284918
5.5 (4.84019,1.85133) (0.993418,-0.11434) 0.188114 -0.284918 (5.99563,1.71825) 1.58914 -0.114593 (4.17573,0.256834) (0.230526,0.0703146) 0.189254 -0.0777981 (3.6984,0.397238) (0.289749,-0.108111) 0.216091 0.391854 (3.27813,1.4047) (0.160249,0.0511926) 0.155381 0.266338 (3.15067,1.74262) (0.157038,0.0437006) 0.178935 0.108033 (2,1.8) (0,0) 0.001 -0.284918 (2,0.3) (0,0) 0.001 -0.284918
5.75 (5.08855,1.82272) (0.993435,-0.114429) 0.188114 -0.284918 (5.99563,1.71825) 1.58914 -0.11468 (4.23286,0.274988) (0.228531,0.072618) 0.189254 -0.0777981 (3.77084,0.370216) (0.289757,-0.108089) 0.216091 0.391854 (3.3182,1.41746) (0.16029,0.051063) 0.155381 0.266338 (3.18992,1.75357) (0.157002,0.0438325) 0.178935 0.108033 (2,1.8) (0,0) 0.001 -0.284918 (2,0.3) (0,0) 0.001 -0.284918
6 (5.31532,1.79661) (0.907079,-0.104443) 0.188114 -0.284918 (5.99563,1.71825) 1.58914 -0.114637 (4.28967,0.293566) (0.227235,0.0743114) 0.189254 -0.0777981 (3.84328,0.343207) (0.289778,-0.108034) 0.216091 0.391854 (3.35828,1.4302) (0.160329,0.0509404) 0.155381 0.266338 (3.22916,1.76456) (0.156967,0.0439571) 0.178935 0.108033 (2,1.8) (0,0) 0.001 -0.284918 (2,0.3) (0,0) 0.001 -0.284918
6.25 (5.48541,1.77701) (0.680375,-0.0783751) 0.188114 -0.284918 (5.99563,1.71825) 1.58914 -0.114688 (4.34625,0.312481) (0.226348,0.0756601) 0.189254 -0.0777981 (3.91572,0.316186) (0.289759,-0.108085) 0.216091 0.391854 (3.39837,1.44291) (0.160366,0.0508243) 0.155381 0.266338 (3.2684,1.77558) (0.156934,0.044075) 0.178935 0.108033 (2,1.8) (0,0) 0.001 -0.284918 (2,0.3) (0,0) 0.001 -0.284918
6.5 (5.61295,1.7623) (0.510175,-0.0588435) 0.188114 -0.284918 (5.99563,1.71825) 1.58914 -0.114832 (4.40269,0.33162) (0.225732,0.0765558) 0.189254 -0.0777981 (3.97171,0.295313) (0.223973,-0.0834901) 0.216091 0.391854 (3.43847,1.45558) (0.160401,0.0507146) 0.155381 0.266338 (3.30762,1.78663) (0.156902,0.0441865) 0.178935 0.108033 (2,1.8) (0,0) 0.001 -0.284918 (2,0.3) (0,0) 0.001 -0.284918
6.75 (5.70863,1.75131) (0.382702,-0.0439854) 0.188114 -0.284918 (5.99563,1.71825) 1.58914 -0.114432 (4.44384,0.362728) (0.164595,0.124433) 0.189254 -0.0777981 (4.0137,0.27964) (0.167951,-0.0626935) 0.216091 0.391854 (3.47858,1.46824) (0.160433,0.0506108) 0.155381 0.266338 (3.34684,1.7977) (0.156873,0.0442918) 0.178935 0.108033 (2,1.8) (0,0) 0.001 -0.284918 (2,0.3) (0,0) 0.001 -0.284918
7 (5.78037,1.74302) (0.286963,-0.033139) 0.188114 -0.284918 (5.99563,1.71825) 1.58914 -0.114973 (4.46325,0.404269) (0.0776549,0.166163) 0.189254 -0.0777981 (4.04518,0.267884) (0.125918,-0.0470244) 0.216091 0.391854 (3.5187,1.48086) (0.160464,0.0505126) 0.155381 0.266338 (3.38605,1.8088) (0.156845,0.0443913) 0.178935 0.108033 (2,1.8) (0,0) 0.001 -0.284918 (2,0.3) (0,0) 0.001 -0.284918
7.25 (5.83418,1.73684) (0.215235,-0.0247115) 0.188114 -0.284918 (5.99563,1.71825) 1.58914 -0.114312 (4.46258,0.449333) (-0.00269261,0.180254) 0.189254 -0.0777981 (4.06879,0.259077) (0.0944561,-0.0352288) 0.216091 0.391854 (3.55882,1.49347) (0.160493,0.0504199) 0.155381 0.266338 (3.42526,1.81992) (0.156818,0.0444853) 0.178935 0.108033 (2,1.8) (0,0) 0.001 -0.284918 (2,0.3) (0,0) 0.001 -0.284918
7.5 (5.87453,1.73218) (0.161408,-0.0186421) 0.188114 -0.284918 (5.99563,1.71825) 1.58914 -0.114988 (4.44623,0.492653) (-0.0653993,0.173282) 0.189254 -0.0777981 (4.08651,0.252464) (0.070861,-0.026449) 0.216091 0.391854 (3.59895,1.50605) (0.160521,0.0503323) 0.155381 0.266338 (3.46446,1.83106) (0.156793,0.0445741) 0.178935 0.108033 (2,1.8) (0,0) 0.001 -0.284918 (2,0.3) (0,0) 0.001 -0.284918
7.75 (5.90482,1.72868) (0.121148,-0.0140158) 0.188114 -0.284918 (5.99563,1.71825) 1.58914 -0.11518 (4.41878,0.53133) (-0.109799,0.154709) 0.189254 -0.0777981 (4.09981,0.247506) (0.0532038,-0.0198327) 0.216091 0.391854 (3.63909,1.51862) (0.160547,0.0502495) 0.155381 0.266338 (3.50365,1.84223) (0.156769,0.0446579) 0.178935 0.108033 (2,1.8) (0,0) 0.001 -0.284918 (2,0.3) (0,0) 0.001 -0.284918
8 (5.92754,1.72608) (0.0908789,-0.0103966) 0.188114 -0.284918 (5.99563,1.71825) 1.58914 -0.113906 (4.38399,0.564209) (-0.139161,0.131515) 0.189254 -0.0777981 (4.10977,0.243785) (0.0398376,-0.0148834) 0.216091 0.391854 (3.67923,1.53116) (0.160571,0.0501715) 0.155381 0.266338 (3.54283,1.85341) (0.156746,0.044737) 0.178935 0.108033 (2,1.8) (0,0) 0.001 -0.284918 (2,0.3) (0,0) 0.001 -0.284918
8.25 (5.94458,1.72412) (0.0681797,-0.00782708) 0.188114 -0.284918 (5.99563,1.71825) 1.58914 -0.1143 (4.3446,0.591095) (-0.157546,0.107545) 0.189254 -0.0777981 (4.11723,0.241004) (0.0298576,-0.0111253) 0.216091 0.391854 (3.71938,1.54368) (0.160594,0.0500978) 0.155381 0.266338 (3.58202,1.86462) (0.156725,0.0448116) 0.178935 0.108033 (2,1.8) (0,0) 0.001 -0.284918 (2,0.3) (0,0) 0.001 -0.284918
8.5 (5.95733,1.72267) (0.0510002,-0.00580517) 0.188114 -0.284918 (5.99563,1.71825) 1.58914 -0.113339 (4.3024,0.61227) (-0.168784,0.0847001) 0.189254 -0.0777981 (4.12284,0.238916) (0.02243,-0.0083523) 0.216091 0.391854 (3.75953,1.55619) (0.160616,0.0500282) 0.155381 0.266338 (3.62119,1.87584) (0.156705,0.0448819) 0.178935 0.108033 (2,1.8) (0,0) 0.001 -0.284918 (2,0.3) (0,0) 0.001 -0.284918
8.75 (5.96693,1.72157) (0.0383942,-0.00439211) 0.188114 -0.284918 (5.99563,1.71825) 1.58914 -0.1139 (4.25833,0.628125) (-0.176283,0.0634183) 0.189254 -0.0777981 (4.12705,0.237362) (0.0168474,-0.00621671) 0.216091 0.391854 (3.79969,1.56868) (0.160636,0.0499627) 0.155381 0.266338 (3.66036,1.88707) (0.156686,0.0449482) 0.178935 0.108033 (2,1.8) (0,0) 0.001 -0.284918 (2,0.3) (0,0) 0.001 -0.284918
