timestamp position0 velocity0 radius0 goal pref_speed theta position1 velocity1 radius1 position2 velocity2 radius2 position3 velocity3 radius3 position4 velocity4 radius4 position5 velocity5 radius5
0 (1.45885,1.20428) (0,0) 0.12533 (5.75561,0.902615) 1.94598 0 (2.17873,0.603038) (0,0) 0.142734 (2.11353,1.05035) (0,0) 0.181215 (2.3569,1.44385) (0,0) 0.1365 (1.45885,2.1) (0,0) 0.3 (1.45885,0) (0,0) 0.3
0.25 (1.47194,1.21997) (0.052353,0.062764) 0.12533 (5.75561,0.902615) 1.94598 0.875591 (2.32751,0.561981) (0.595131,-0.164226) 0.142734 (2.12334,1.04855) (0.0392411,-0.00722487) 0.181215 (2.38993,1.46212) (0.13213,0.0730702) 0.1365 (1.47194,2.1) (0,0) 0.3 (1.47194,0) (0,0) 0.3
0.5 (1.50728,1.24271) (0.141375,0.0909398) 0.12533 (5.75561,0.902615) 1.94598 0.571617 (2.47629,0.520914) (0.595119,-0.164268) 0.142734 (2.19859,1.01414) (0.30101,-0.137617) 0.181215 (2.42296,1.48039) (0.132126,0.0730768) 0.1365 (1.50728,2.1) (0,0) 0.3 (1.50728,0) (0,0) 0.3
0.75 (1.56503,1.22635) (0.230969,-0.0654046) 0.12533 (5.75561,0.902615) 1.94598 -0.275951 (2.62508,0.479865) (0.595138,-0.164198) 0.142734 (2.30212,0.985535) (0.414122,-0.114432) 0.181215 (2.45599,1.49866) (0.132134,0.0730611) 0.1365 (1.56503,2.1) (0,0) 0.3 (1.56503,0) (0,0) 0.3
1 (1.66123,1.2153) (0.38482,-0.0442171) 0.12533 (5.75561,0.902615) 1.94598 -0.114402 (2.77386,0.438813) (0.595137,-0.164204) 0.142734 (2.40565,0.956921) (0.414116,-0.114455) 0.181215 (2.48903,1.51692) (0.132136,0.073059) 0.1365 (1.66123,2.1) (0,0) 0.3 (1.66123,0) (0,0) 0.3
1.25 (1.79307,1.22211) (0.527372,0.027249) 0.12533 (5.75561,0.902615) 1.94598 0.0516236 (2.92264,0.397753) (0.595126,-0.164243) 0.142734 (2.50918,0.928305) (0.414113,-0.114464) 0.181215 (2.52206,1.53519) (0.132129,0.073072) 0.1365 (1.79307,2.1) (0,0) 0.3 (1.79307,0) (0,0) 0.3
1.5 (2.03839,1.22801) (0.981251,0.0236027) 0.12533 (5.75561,0.902615) 1.94598 0.0240491 (3.05612,0.360924) (0.533896,-0.147316) 0.142734 (2.61271,0.899694) (0.414118,-0.114445) 0.181215 (2.55509,1.55345) (0.13213,0.0730685) 0.1365 (2,2.1) (0,0) 0.3 (2,0) (0,0) 0.3
1.75 (2.28772,1.21385) (0.997336,-0.0566686) 0.12533 (5.75561,0.902615) 1.94598 -0.0567589 (3.16408,0.328003) (0.431855,-0.131685) 0.142734 (2.71624,0.871081) (0.414117,-0.114451) 0.181215 (2.58812,1.57172) (0.132131,0.0730677) 0.1365 (2,2.1) (0,0) 0.3 (2,0) (0,0) 0.3
2 (2.5367,1.19151) (0.99592,-0.0893629) 0.12533 (5.75561,0.902615) 1.94598 -0.0894894 (3.25039,0.293142) (0.345233,-0.139443) 0.142734 (2.81977,0.842475) (0.414123,-0.114427) 0.181215 (2.62116,1.58999) (0.132131,0.0730674) 0.1365 (2,2.1) (0,0) 0.3 (2,0) (0,0) 0.3
2.25 (2.78569,1.16916) (0.995969,-0.0893958) 0.12533 (5.75561,0.902615) 1.94598 -0.0895177 (3.3044,0.263125) (0.216048,-0.120065) 0.142734 (2.9233,0.813869) (0.414124,-0.114424) 0.181215 (2.65419,1.60826) (0.132126,0.0730761) 0.1365 (2,2.1) (0,0) 0.3 (2,0) (0,0) 0.3
2.5 (3.03472,1.14681) (0.996089,-0.0893806) 0.12533 (5.75561,0.902615) 1.94598 -0.0894918 (3.34007,0.255202) (0.142675,-0.0316932) 0.142734 (3.02683,0.78525) (0.414111,-0.114473) 0.181215 (2.68722,1.62653) (0.132129,0.0730705) 0.1365 (2,2.1) (0,0) 0.3 (2,0) (0,0) 0.3
2.75 (3.28372,1.12449) (0.996008,-0.0893007) 0.12533 (5.75561,0.902615) 1.94598 -0.0894196 (3.3692,0.254) (0.116517,-0.00481004) 0.142734 (3.13035,0.756632) (0.41411,-0.114474) 0.181215 (2.72025,1.64479) (0.132133,0.073063) 0.1365 (2,2.1) (0,0) 0.3 (2,0) (0,0) 0.3
3 (3.53272,1.10214) (0.996024,-0.0893783) 0.12533 (5.75561,0.902615) 1.94598 -0.0894954 (3.39103,0.253103) (0.0873218,-0.0035873) 0.142734 (3.23388,0.728019) (0.414116,-0.114453) 0.181215 (2.75329,1.66306) (0.132132,0.0730654) 0.1365 (2,2.1) (0,0) 0.3 (2,0) (0,0) 0.3
3.25 (3.78171,1.07978) (0.995944,-0.0894258) 0.12533 (5.75561,0.902615) 1.94598 -0.0895499 (3.40743,0.252448) (0.0655859,-0.00261955) 0.142734 (3.33741,0.699399) (0.414109,-0.11448) 0.181215 (2.78632,1.68133) (0.132126,0.0730758) 0.1365 (2,2.1) (0,0) 0.3 (2,0) (0,0) 0.3
3.5 (4.0307,1.05745) (0.995946,-0.0893428) 0.12533 (5.75561,0.902615) 1.94598 -0.089467 (3.41971,0.251943) (0.0491355,-0.00201788) 0.142734 (3.44094,0.670777) (0.414107,-0.114486) 0.181215 (2.81935,1.69959) (0.132131,0.0730672) 0.1365 (2,2.1) (0,0) 0.3 (2,0) (0,0) 0.3
3.75 (4.2797,1.03512) (0.996007,-0.0893315) 0.12533 (5.75561,0.902615) 1.94598 -0.0894503 (3.42892,0.251563) (0.0368264,-0.00152308) 0.142734 (3.54447,0.642161) (0.414114,-0.114462) 0.181215 (2.85239,1.71786) (0.132134,0.0730619) 0.1365 (2,2.1) (0,0) 0.3 (2,0) (0,0) 0.3
4 (4.52871,1.01276) (0.996035,-0.0894328) 0.12533 (5.75561,0.902615) 1.94598 -0.0895487 (3.43583,0.251277) (0.0276556,-0.00114168) 0.142734 (3.64799,0.613545) (0.414113,-0.114464) 0.181215 (2.88542,1.73612) (0.132137,0.0730574) 0.1365 (2,2.1) (0,0) 0.3 (2,0) (0,0) 0.3
4.25 (4.7777,0.9904) (0.995977,-0.0894298) 0.12533 (5.75561,0.902615) 1.94598 -0.0895509 (3.44101,0.251051) (0.0207352,-0.00090675) 0.142734 (3.75152,0.584935) (0.41412,-0.11444) 0.181215 (2.91845,1.75439) (0.132137,0.073057) 0.1365 (2,2.1) (0,0) 0.3 (2,0) (0,0) 0.3
4.5 (5.02218,0.968442) (0.977925,-0.0878343) 0.12533 (5.75561,0.902615) 1.94598 -0.0895766 (3.4449,0.250877) (0.0155583,-0.000694629) 0.142734 (3.85505,0.556322) (0.414117,-0.114451) 0.181215 (2.95149,1.77265) (0.132135,0.0730605) 0.1365 (2,2.1) (0,0) 0.3 (2,0) (0,0) 0.3
4.75 (5.20552,0.951974) (0.73337,-0.0658727) 0.12533 (5.75561,0.902615) 1.94598 -0.0895815 (3.44781,0.250764) (0.0116473,-0.000452002) 0.142734 (3.95087,0.529859) (0.38328,-0.105854) 0.181215 (2.98452,1.79092) (0.132136,0.0730581) 0.1365 (2,2.1) (0,0) 0.3 (2,0) (0,0) 0.3
5 (5.34305,0.939615) (0.550095,-0.0494339) 0.12533 (5.75561,0.902615) 1.94598 -0.0896236 (3.44998,0.25068) (0.00865946,-0.000337493) 0.142734 (4.02274,0.50999) (0.28749,-0.0794766) 0.181215 (3.01755,1.80918) (0.132129,0.0730711) 0.1365 (2,2.1) (0,0) 0.3 (2,0) (0,0) 0.3
