timestamp position0 velocity0 radius0 goal pref_speed theta position1 velocity1 radius1 position2 velocity2 radius2 position3 velocity3 radius3 position4 velocity4 radius4 position5 velocity5 radius5 position6 velocity6 radius6
0 (1.00577,1.13846) (0,0) 0.149304 (5.75561,0.939461) 1.5906 0 (2.25773,0.472723) (0,0) 0.155753 (2.34383,0.922358) (0,0) 0.178942 (2.27467,1.15876) (0,0) 0.166306 (2.31324,1.67052) (0,0) 0.214445 (1.00577,2.1) (0,0) 0.3 (1.00577,0) (0,0) 0.3
0.25 (1.25556,1.128) (0.999166,-0.0418461) 0.149304 (5.75561,0.939461) 1.5906 -0.0418566 (2.35036,0.45136) (0.370507,-0.0854502) 0.155753 (2.39028,0.897516) (0.185811,-0.0993667) 0.178942 (2.26871,1.1851) (-0.023852,0.105378) 0.166306 (2.36558,1.68876) (0.209391,0.0729545) 0.214445 (1.25556,2.1) (0,0) 0.3 (1.25556,0) (0,0) 0.3
0.5 (1.50532,1.11752) (0.99907,-0.0419433) 0.149304 (5.75561,0.939461) 1.5906 -0.0419577 (2.44299,0.430006) (0.370515,-0.0854166) 0.155753 (2.44117,0.883895) (0.203546,-0.0544854) 0.178942 (2.29243,1.20669) (0.0949002,0.0863433) 0.166306 (2.41793,1.70699) (0.20939,0.0729565) 0.214445 (1.50532,2.1) (0,0) 0.3 (1.50532,0) (0,0) 0.3
0.75 (1.68853,1.10885) (0.73282,-0.0346732) 0.149304 (5.75561,0.939461) 1.5906 -0.0472795 (2.53561,0.408643) (0.370506,-0.0854547) 0.155753 (2.48874,0.86126) (0.19027,-0.0905369) 0.178942 (2.31732,1.24647) (0.0995475,0.159135) 0.166306 (2.47028,1.72524) (0.209379,0.0729868) 0.214445 (1.68853,2.1) (0,0) 0.3 (1.68853,0) (0,0) 0.3
1 (1.87173,1.10018) (0.73282,-0.0346732) 0.149304 (5.75561,0.939461) 1.5906 -0.0472795 (2.62824,0.387294) (0.37052,-0.0853942) 0.155753 (2.53631,0.838626) (0.19027,-0.0905369) 0.178942 (2.35098,1.28357) (0.134621,0.148401) 0.166306 (2.52262,1.74349) (0.209382,0.0729787) 0.214445 (1.87173,2.1) (0,0) 0.3 (1.87173,0) (0,0) 0.3
1.25 (2.05494,1.09151) (0.73282,-0.0346732) 0.149304 (5.75561,0.939461) 1.5906 -0.0472795 (2.72087,0.365935) (0.37051,-0.0854359) 0.155753 (2.58387,0.815992) (0.19027,-0.0905369) 0.178942 (2.38928,1.31925) (0.15322,0.142709) 0.166306 (2.57497,1.76173) (0.209379,0.0729866) 0.214445 (2,2.1) (0,0) 0.3 (2,0) (0,0) 0.3
1.5 (2.23814,1.08284) (0.73282,-0.0346732) 0.149304 (5.75561,0.939461) 1.5906 -0.0472795 (2.8135,0.344573) (0.370507,-0.0854493) 0.155753 (2.63144,0.793358) (0.19027,-0.0905369) 0.178942 (2.43006,1.35417) (0.163109,0.139682) 0.166306 (2.62732,1.77997) (0.209393,0.072948) 0.214445 (2,2.1) (0,0) 0.3 (2,0) (0,0) 0.3
1.75 (2.42135,1.07418) (0.73282,-0.0346732) 0.149304 (5.75561,0.939461) 1.5906 -0.0472794 (2.90612,0.323208) (0.370505,-0.0854585) 0.155753 (2.67901,0.770724) (0.19027,-0.0905369) 0.178942 (2.47215,1.38869) (0.168378,0.13807) 0.166306 (2.67966,1.79821) (0.20939,0.0729554) 0.214445 (2,2.1) (0,0) 0.3 (2,0) (0,0) 0.3
2 (2.67029,1.07228) (0.995775,-0.0075979) 0.149304 (5.75561,0.939461) 1.5906 -0.00762999 (2.99875,0.301859) (0.370519,-0.0853968) 0.155753 (2.72658,0.748089) (0.19027,-0.0905369) 0.178942 (2.52612,1.40298) (0.215858,0.0571704) 0.166306 (2.73201,1.81644) (0.209395,0.0729406) 0.214445 (2,2.1) (0,0) 0.3 (2,0) (0,0) 0.3
2.25 (2.91915,1.07037) (0.995429,-0.00763331) 0.149304 (5.75561,0.939461) 1.5906 -0.00766821 (3.09138,0.280494) (0.370505,-0.0854606) 0.155753 (2.77414,0.725455) (0.19027,-0.0905371) 0.178942 (2.5972,1.41498) (0.284324,0.0480093) 0.166306 (2.78436,1.83469) (0.209381,0.0729819) 0.214445 (2,2.1) (0,0) 0.3 (2,0) (0,0) 0.3
2.5 (3.16888,1.05887) (0.998923,-0.0460084) 0.149304 (5.75561,0.939461) 1.5906 -0.0460255 (3.18401,0.259159) (0.370533,-0.0853385) 0.155753 (2.82551,0.713796) (0.205487,-0.0466353) 0.178942 (2.66735,1.4316) (0.280587,0.0664547) 0.166306 (2.8367,1.85293) (0.209386,0.0729676) 0.214445 (2,2.1) (0,0) 0.3 (2,0) (0,0) 0.3
2.75 (3.41862,1.04734) (0.998937,-0.0461161) 0.149304 (5.75561,0.939461) 1.5906 -0.0461324 (3.2657,0.240322) (0.326739,-0.0753498) 0.155753 (2.87689,0.702137) (0.205486,-0.0466368) 0.178942 (2.73687,1.45065) (0.278093,0.0762198) 0.166306 (2.88905,1.87117) (0.209383,0.072976) 0.214445 (2,2.1) (0,0) 0.3 (2,0) (0,0) 0.3
3 (3.66834,1.03581) (0.998884,-0.0461123) 0.149304 (5.75561,0.939461) 1.5906 -0.0461311 (3.32696,0.226213) (0.245058,-0.0564353) 0.155753 (2.92826,0.690477) (0.205485,-0.0466405) 0.178942 (2.80602,1.47101) (0.276612,0.0814314) 0.166306 (2.9414,1.88941) (0.20939,0.0729551) 0.214445 (2,2.1) (0,0) 0.3 (2,0) (0,0) 0.3
3.25 (3.91808,1.02429) (0.998988,-0.0460591) 0.149304 (5.75561,0.939461) 1.5906 -0.0460731 (3.37487,0.213912) (0.191619,-0.0492036) 0.155753 (2.97963,0.678818) (0.205487,-0.0466351) 0.178942 (2.87497,1.49206) (0.275777,0.0842168) 0.166306 (2.99374,1.90767) (0.209373,0.0730065) 0.214445 (2,2.1) (0,0) 0.3 (2,0) (0,0) 0.3
3.5 (4.16781,1.01275) (0.998923,-0.0461827) 0.149304 (5.75561,0.939461) 1.5906 -0.0461996 (3.41204,0.201662) (0.148683,-0.0490016) 0.155753 (3.031,0.667161) (0.205488,-0.0466292) 0.178942 (2.94379,1.5135) (0.275304,0.0857493) 0.166306 (3.04609,1.9259) (0.209394,0.0729446) 0.214445 (2,2.1) (0,0) 0.3 (2,0) (0,0) 0.3
3.75 (4.41756,1.00121) (0.99898,-0.0461449) 0.149304 (5.75561,0.939461) 1.5906 -0.0461592 (3.43795,0.191013) (0.103667,-0.0425959) 0.155753 (3.08237,0.655498) (0.205483,-0.0466521) 0.178942 (3.01256,1.53514) (0.275054,0.086549) 0.166306 (3.09843,1.94415) (0.20938,0.0729842) 0.214445 (2,2.1) (0,0) 0.3 (2,0) (0,0) 0.3
4 (4.6673,0.989698) (0.998963,-0.0460536) 0.149304 (5.75561,0.939461) 1.5906 -0.0460688 (3.45533,0.186628) (0.0695143,-0.0175375) 0.155753 (3.13374,0.643839) (0.205486,-0.0466368) 0.178942 (3.08128,1.55689) (0.274908,0.0870094) 0.166306 (3.15078,1.96238) (0.209395,0.0729408) 0.214445 (2,2.1) (0,0) 0.3 (2,0) (0,0) 0.3
4.25 (4.91703,0.978171) (0.998933,-0.0461099) 0.149304 (5.75561,0.939461) 1.5906 -0.0461264 (3.46899,0.185376) (0.054646,-0.00501009) 0.155753 (3.18512,0.632182) (0.205489,-0.0466249) 0.178942 (3.14999,1.5787) (0.274835,0.0872401) 0.166306 (3.1912,1.9779) (0.161682,0.0620878) 0.214445 (2,2.1) (0,0) 0.3 (2,0) (0,0) 0.3
4.5 (5.12667,0.968497) (0.838561,-0.0386951) 0.149304 (5.75561,0.939461) 1.5906 -0.046112 (3.47944,0.18498) (0.0417635,-0.00158359) 0.155753 (3.23649,0.620521) (0.205485,-0.0466443) 0.178942 (3.2187,1.60051) (0.274835,0.0872401) 0.166306 (3.22117,1.9911) (0.119871,0.0527938) 0.214445 (2,2.1) (0,0) 0.3 (2,0) (0,0) 0.3
4.75 (5.28391,0.961221) (0.628954,-0.029103) 0.149304 (5.75561,0.939461) 1.5906 -0.0462391 (3.48727,0.184693) (0.0313281,-0.00114597) 0.155753 (3.28786,0.608867) (0.20549,-0.0466194) 0.178942 (3.28741,1.62232) (0.274835,0.0872402) 0.166306 (3.2433,2.00256) (0.0885005,0.0458205) 0.214445 (2,2.1) (0,0) 0.3 (2,0) (0,0) 0.3
