timestamp position0 velocity0 radius0 goal pref_speed theta position1 velocity1 radius1 position2 velocity2 radius2 position3 velocity3 radius3 position4 velocity4 radius4 position5 velocity5 radius5
0 (1.41212,1.19761) (0,0) 0.216584 (5.75561,0.902615) 1.90853 0 (2.32503,0.69949) (0,0) 0.161684 (2.22111,0.832671) (0,0) 0.192496 (2.16118,1.51613) (0,0) 0.16151 (1.41212,2.1) (0,0) 0.3 (1.41212,0) (0,0) 0.3
0.25 (1.42458,1.19614) (0.0498489,-0.0058417) 0.216584 (5.75561,0.902615) 1.90853 -0.116656 (2.46648,0.643356) (0.565796,-0.224534) 0.161684 (2.1769,0.863585) (-0.176857,0.123656) 0.192496 (2.23211,1.54572) (0.283739,0.118388) 0.16151 (1.42458,2.1) (0,0) 0.3 (1.42458,0) (0,0) 0.3
0.5 (1.44452,1.16217) (0.0797545,-0.135912) 0.216584 (5.75561,0.902615) 1.90853 -1.04013 (2.60793,0.587226) (0.5658,-0.224523) 0.161684 (2.21462,0.845031) (0.150877,-0.0742178) 0.192496 (2.30305,1.57532) (0.28374,0.118387) 0.16151 (1.44452,2.1) (0,0) 0.3 (1.44452,0) (0,0) 0.3
0.75 (1.48253,1.14876) (0.152057,-0.0536253) 0.216584 (5.75561,0.902615) 1.90853 -0.339049 (2.74938,0.531098) (0.565805,-0.224511) 0.161684 (2.31937,0.837689) (0.419026,-0.0293681) 0.192496 (2.37399,1.60491) (0.283752,0.118356) 0.16151 (1.48253,2.1) (0,0) 0.3 (1.48253,0) (0,0) 0.3
1 (1.56617,1.14888) (0.33455,0.000488557) 0.216584 (5.75561,0.902615) 1.90853 0.00146034 (2.89083,0.474954) (0.56578,-0.224574) 0.161684 (2.42457,0.816458) (0.420778,-0.0849232) 0.192496 (2.44492,1.6345) (0.283753,0.118356) 0.16151 (1.56617,2.1) (0,0) 0.3 (1.56617,0) (0,0) 0.3
1.25 (1.7095,1.19679) (0.573336,0.191636) 0.216584 (5.75561,0.902615) 1.90853 0.322573 (3.03226,0.418838) (0.565719,-0.224466) 0.161684 (2.52976,0.795227) (0.420777,-0.0849257) 0.192496 (2.51586,1.66409) (0.283746,0.118372) 0.16151 (1.7095,2.1) (0,0) 0.3 (1.7095,0) (0,0) 0.3
1.5 (1.95771,1.21366) (0.992849,0.0674536) 0.216584 (5.75561,0.902615) 1.90853 0.0678352 (3.14128,0.374154) (0.436085,-0.178734) 0.161684 (2.63496,0.773998) (0.420779,-0.0849163) 0.192496 (2.5845,1.69869) (0.274541,0.138386) 0.16151 (1.95771,2.1) (0,0) 0.3 (1.95771,0) (0,0) 0.3
1.75 (2.20755,1.20821) (0.999327,-0.0217631) 0.216584 (5.75561,0.902615) 1.90853 -0.0217743 (3.22619,0.334138) (0.339671,-0.160065) 0.161684 (2.74015,0.752763) (0.420775,-0.0849381) 0.192496 (2.6556,1.72788) (0.284402,0.116786) 0.16151 (2,2.1) (0,0) 0.3 (2,0) (0,0) 0.3
2 (2.45681,1.18882) (0.997072,-0.0775574) 0.216584 (5.75561,0.902615) 1.90853 -0.0776289 (3.28486,0.302621) (0.234671,-0.126067) 0.161684 (2.84535,0.731532) (0.420778,-0.0849241) 0.192496 (2.7267,1.75708) (0.284399,0.116794) 0.16151 (2,2.1) (0,0) 0.3 (2,0) (0,0) 0.3
2.25 (2.70589,1.1672) (0.996305,-0.0864997) 0.216584 (5.75561,0.902615) 1.90853 -0.0866034 (3.32667,0.282659) (0.167246,-0.0798504) 0.161684 (2.95054,0.710292) (0.42077,-0.0849612) 0.192496 (2.7978,1.78628) (0.284409,0.116769) 0.16151 (2,2.1) (0,0) 0.3 (2,0) (0,0) 0.3
2.5 (2.95496,1.1456) (0.996281,-0.086382) 0.216584 (5.75561,0.902615) 1.90853 -0.0864882 (3.35824,0.269612) (0.126253,-0.0521885) 0.161684 (3.05573,0.689051) (0.42077,-0.0849614) 0.192496 (2.8689,1.81547) (0.284401,0.116788) 0.16151 (2,2.1) (0,0) 0.3 (2,0) (0,0) 0.3
2.75 (3.20403,1.12402) (0.996263,-0.0863572) 0.216584 (5.75561,0.902615) 1.90853 -0.086465 (3.3821,0.2611) (0.0954604,-0.0340476) 0.161684 (3.16092,0.667818) (0.420776,-0.0849318) 0.192496 (2.94,1.84467) (0.284406,0.116778) 0.16151 (2,2.1) (0,0) 0.3 (2,0) (0,0) 0.3
3 (3.45307,1.10241) (0.996159,-0.0864374) 0.216584 (5.75561,0.902615) 1.90853 -0.0865539 (3.40015,0.255729) (0.0721868,-0.0214812) 0.161684 (3.26612,0.646598) (0.420786,-0.0848805) 0.192496 (3.0111,1.87387) (0.28439,0.116816) 0.16151 (2,2.1) (0,0) 0.3 (2,0) (0,0) 0.3
3.25 (3.70214,1.0808) (0.996273,-0.0864215) 0.216584 (5.75561,0.902615) 1.90853 -0.0865282 (3.41388,0.252679) (0.0549328,-0.0122) 0.161684 (3.37131,0.625362) (0.420773,-0.0849473) 0.192496 (3.0822,1.90306) (0.284418,0.116748) 0.16151 (2,2.1) (0,0) 0.3 (2,0) (0,0) 0.3
3.5 (3.9512,1.05919) (0.996257,-0.0864449) 0.216584 (5.75561,0.902615) 1.90853 -0.0865529 (3.42442,0.251573) (0.0421346,-0.00442424) 0.161684 (3.47651,0.604133) (0.42078,-0.0849128) 0.192496 (3.1533,1.93226) (0.284388,0.116821) 0.16151 (2,2.1) (0,0) 0.3 (2,0) (0,0) 0.3
3.75 (4.20026,1.03758) (0.996242,-0.0864328) 0.216584 (5.75561,0.902615) 1.90853 -0.0865421 (3.43247,0.251289) (0.0322122,-0.00113566) 0.161684 (3.5817,0.582906) (0.420781,-0.0849077) 0.192496 (3.2244,1.96145) (0.284418,0.116748) 0.16151 (2,2.1) (0,0) 0.3 (2,0) (0,0) 0.3
4 (4.44932,1.01598) (0.996245,-0.086417) 0.216584 (5.75561,0.902615) 1.90853 -0.0865261 (3.43851,0.251069) (0.0241462,-0.000880945) 0.161684 (3.6869,0.561672) (0.420775,-0.0849391) 0.192496 (3.29091,1.98877) (0.266023,0.109267) 0.16151 (2,2.1) (0,0) 0.3 (2,0) (0,0) 0.3
4.25 (4.69837,0.994356) (0.996192,-0.0864845) 0.216584 (5.75561,0.902615) 1.90853 -0.086598 (3.44301,0.250889) (0.0180186,-0.000722896) 0.161684 (3.79209,0.540444) (0.42078,-0.0849101) 0.192496 (3.34079,2.00925) (0.199505,0.0819354) 0.16151 (2,2.1) (0,0) 0.3 (2,0) (0,0) 0.3
4.5 (4.94744,0.972744) (0.9963,-0.0864454) 0.216584 (5.75561,0.902615) 1.90853 -0.0865497 (3.4464,0.25075) (0.013576,-0.000554965) 0.161684 (3.89729,0.519208) (0.420774,-0.0849437) 0.192496 (3.37817,2.0246) (0.149524,0.0613786) 0.16151 (2,2.1) (0,0) 0.3 (2,0) (0,0) 0.3
4.75 (5.14948,0.955209) (0.808164,-0.0701404) 0.216584 (5.75561,0.902615) 1.90853 -0.0865728 (3.44893,0.250667) (0.0101058,-0.000331562) 0.161684 (3.98254,0.502005) (0.341012,-0.0688115) 0.192496 (3.40622,2.03611) (0.112218,0.0460716) 0.16151 (2,2.1) (0,0) 0.3 (2,0) (0,0) 0.3
