timestamp position0 velocity0 radius0 goal pref_speed theta position1 velocity1 radius1 position2 velocity2 radius2 position3 velocity3 radius3 position4 velocity4 radius4 position5 velocity5 radius5
0 (1.26235,1.04806) (0,0) 0.202307 (5.75561,0.902615) 1.6465 0 (2.16315,0.653154) (0,0) 0.155787 (2.19727,0.881969) (0,0) 0.120982 (2.3426,1.44369) (0,0) 0.198843 (1.26235,2.1) (0,0) 0.3 (1.26235,0) (0,0) 0.3
0.25 (1.28313,1.07554) (0.0831365,0.109927) 0.202307 (5.75561,0.902615) 1.6465 0.923281 (2.29565,0.610434) (0.530009,-0.170883) 0.155787 (2.17772,0.900874) (-0.078192,0.0756213) 0.120982 (2.37802,1.46304) (0.141705,0.0774009) 0.198843 (1.28313,2.1) (0,0) 0.3 (1.28313,0) (0,0) 0.3
0.5 (1.30195,1.10165) (0.0752697,0.10443) 0.202307 (5.75561,0.902615) 1.6465 0.946269 (2.42862,0.5692) (0.53189,-0.164935) 0.155787 (2.20705,0.87688) (0.117335,-0.0959785) 0.120982 (2.41345,1.48239) (0.141704,0.0774024) 0.198843 (1.30195,2.1) (0,0) 0.3 (1.30195,0) (0,0) 0.3
0.75 (1.36893,1.12645) (0.267945,0.0992087) 0.202307 (5.75561,0.902615) 1.6465 0.354607 (2.5616,0.527964) (0.531887,-0.164942) 0.155787 (2.26262,0.865213) (0.222249,-0.0466657) 0.120982 (2.44888,1.50174) (0.141704,0.0774016) 0.198843 (1.36893,2.1) (0,0) 0.3 (1.36893,0) (0,0) 0.3
1 (1.55658,1.20608) (0.750603,0.31853) 0.202307 (5.75561,0.902615) 1.6465 0.401333 (2.69457,0.486727) (0.531885,-0.16495) 0.155787 (2.31818,0.853551) (0.222252,-0.0466505) 0.120982 (2.4843,1.52109) (0.141706,0.077398) 0.198843 (1.55658,2.1) (0,0) 0.3 (1.55658,0) (0,0) 0.3
1.25 (1.70835,1.29298) (0.607046,0.347602) 0.202307 (5.75561,0.902615) 1.6465 0.520039 (2.82753,0.445474) (0.531866,-0.165011) 0.155787 (2.37374,0.841881) (0.222246,-0.04668) 0.120982 (2.52324,1.51043) (0.155741,-0.0426129) 0.198843 (1.70835,2.1) (0,0) 0.3 (1.70835,0) (0,0) 0.3
1.5 (1.85387,1.37846) (0.582106,0.341911) 0.202307 (5.75561,0.902615) 1.6465 0.53108 (2.9605,0.404231) (0.531878,-0.164973) 0.155787 (2.4293,0.830215) (0.22225,-0.046663) 0.120982 (2.55959,1.49288) (0.145398,-0.0702178) 0.198843 (1.85387,2.1) (0,0) 0.3 (1.85387,0) (0,0) 0.3
1.75 (1.99591,1.46065) (0.568141,0.328731) 0.202307 (5.75561,0.902615) 1.6465 0.524542 (3.08453,0.365777) (0.496122,-0.153817) 0.155787 (2.48487,0.818553) (0.222253,-0.0466485) 0.120982 (2.59594,1.47533) (0.145398,-0.0702178) 0.198843 (1.99591,2.1) (0,0) 0.3 (1.99591,0) (0,0) 0.3
2 (2.13428,1.53937) (0.553501,0.314916) 0.202307 (5.75561,0.902615) 1.6465 0.517277 (3.17756,0.336947) (0.372094,-0.115318) 0.155787 (2.54043,0.806892) (0.222253,-0.0466453) 0.120982 (2.63229,1.45777) (0.145398,-0.0702179) 0.198843 (2,2.1) (0,0) 0.3 (2,0) (0,0) 0.3
2.25 (2.2688,1.61446) (0.538061,0.300344) 0.202307 (5.75561,0.902615) 1.6465 0.509115 (3.24732,0.315304) (0.27906,-0.0865711) 0.155787 (2.59599,0.795221) (0.222246,-0.0466817) 0.120982 (2.66864,1.44022) (0.145398,-0.0702175) 0.198843 (2,2.1) (0,0) 0.3 (2,0) (0,0) 0.3
2.5 (2.39928,1.68574) (0.521923,0.285115) 0.202307 (5.75561,0.902615) 1.6465 0.499981 (3.29965,0.299086) (0.209306,-0.0648717) 0.155787 (2.65155,0.783555) (0.222249,-0.0466647) 0.120982 (2.70499,1.42266) (0.145398,-0.0702175) 0.198843 (2,2.1) (0,0) 0.3 (2,0) (0,0) 0.3
2.75 (2.52559,1.75308) (0.505235,0.269365) 0.202307 (5.75561,0.902615) 1.6465 0.489813 (3.33889,0.286923) (0.156974,-0.0486553) 0.155787 (2.70712,0.771894) (0.222254,-0.0466441) 0.120982 (2.74134,1.40511) (0.145399,-0.0702161) 0.198843 (2,2.1) (0,0) 0.3 (2,0) (0,0) 0.3
3 (2.71935,1.81947) (0.775055,0.26556) 0.202307 (5.75561,0.902615) 1.6465 0.330098 (3.36837,0.277693) (0.117931,-0.0369188) 0.155787 (2.76268,0.760227) (0.222249,-0.046667) 0.120982 (2.7806,1.41448) (0.157057,0.0374744) 0.198843 (2,2.1) (0,0) 0.3 (2,0) (0,0) 0.3
3.25 (2.96418,1.85049) (0.979322,0.124096) 0.202307 (5.75561,0.902615) 1.6465 0.126044 (3.39043,0.270871) (0.0882211,-0.0272883) 0.155787 (2.81824,0.748558) (0.222246,-0.0466786) 0.120982 (2.81024,1.44188) (0.11856,0.109611) 0.198843 (2,2.1) (0,0) 0.3 (2,0) (0,0) 0.3
3.5 (3.20782,1.77729) (0.974553,-0.292826) 0.202307 (5.75561,0.902615) 1.6465 -0.29189 (3.40698,0.265755) (0.0662115,-0.0204633) 0.155787 (2.8738,0.73689) (0.222248,-0.0466712) 0.120982 (2.83988,1.46928) (0.11856,0.109612) 0.198843 (2,2.1) (0,0) 0.3 (2,0) (0,0) 0.3
3.75 (3.44429,1.6961) (0.945866,-0.324751) 0.202307 (5.75561,0.902615) 1.6465 -0.330727 (3.41936,0.261929) (0.0495056,-0.0153048) 0.155787 (2.92937,0.725226) (0.222251,-0.0466572) 0.120982 (2.86952,1.49668) (0.118563,0.109608) 0.198843 (2,2.1) (0,0) 0.3 (2,0) (0,0) 0.3
4 (3.68073,1.61492) (0.945772,-0.324712) 0.202307 (5.75561,0.902615) 1.6465 -0.33072 (3.42866,0.259058) (0.0372081,-0.0114825) 0.155787 (2.98493,0.713564) (0.222253,-0.0466479) 0.120982 (2.89916,1.52409) (0.118564,0.109608) 0.198843 (2,2.1) (0,0) 0.3 (2,0) (0,0) 0.3
4.25 (3.91718,1.53373) (0.945794,-0.324775) 0.202307 (5.75561,0.902615) 1.6465 -0.330773 (3.43564,0.256899) (0.0278964,-0.00863845) 0.155787 (3.04049,0.701897) (0.222249,-0.0466646) 0.120982 (2.9288,1.55149) (0.118569,0.109601) 0.198843 (2,2.1) (0,0) 0.3 (2,0) (0,0) 0.3
4.5 (4.15362,1.45257) (0.945782,-0.324624) 0.202307 (5.75561,0.902615) 1.6465 -0.330634 (3.44086,0.255275) (0.0208908,-0.00649265) 0.155787 (3.09605,0.69023) (0.222248,-0.0466698) 0.120982 (2.95845,1.57889) (0.11857,0.109601) 0.198843 (2,2.1) (0,0) 0.3 (2,0) (0,0) 0.3
4.75 (4.39008,1.3714) (0.945827,-0.324695) 0.202307 (5.75561,0.902615) 1.6465 -0.330687 (3.44479,0.25407) (0.015728,-0.00482339) 0.155787 (3.15162,0.678565) (0.22225,-0.0466597) 0.120982 (2.98809,1.60629) (0.118562,0.109609) 0.198843 (2,2.1) (0,0) 0.3 (2,0) (0,0) 0.3
5 (4.62655,1.29022) (0.945887,-0.324704) 0.202307 (5.75561,0.902615) 1.6465 -0.330675 (3.44774,0.253137) (0.011808,-0.00372972) 0.155787 (3.20718,0.666899) (0.222249,-0.0466648) 0.120982 (3.01773,1.63369) (0.118562,0.10961) 0.198843 (2,2.1) (0,0) 0.3 (2,0) (0,0) 0.3
5.25 (4.863,1.20905) (0.945803,-0.324674) 0.202307 (5.75561,0.902615) 1.6465 -0.330674 (3.44992,0.252451) (0.00872569,-0.00274507) 0.155787 (3.26274,0.655236) (0.222252,-0.0466531) 0.120982 (3.04737,1.66109) (0.11856,0.109611) 0.198843 (2,2.1) (0,0) 0.3 (2,0) (0,0) 0.3
5.5 (5.08615,1.13243) (0.892581,-0.306482) 0.202307 (5.75561,0.902615) 1.6465 -0.330752 (3.4516,0.251929) (0.00669065,-0.00208892) 0.155787 (3.3183,0.643571) (0.222251,-0.0466578) 0.120982 (3.07701,1.6885) (0.118562,0.10961) 0.198843 (2,2.1) (0,0) 0.3 (2,0) (0,0) 0.3
5.75 (5.25351,1.07497) (0.669429,-0.229843) 0.202307 (5.75561,0.902615) 1.6465 -0.330731 (3.45285,0.251556) (0.00499871,-0.0014905) 0.155787 (3.37387,0.631905) (0.222249,-0.046666) 0.120982 (3.10665,1.7159) (0.118561,0.109611) 0.198843 (2,2.1) (0,0) 0.3 (2,0) (0,0) 0.3
