timestamp position0 velocity0 radius0 goal pref_speed theta position1 velocity1 radius1 position2 velocity2 radius2 position3 velocity3 radius3 position4 velocity4 radius4 position5 velocity5 radius5 position6 velocity6 radius6
0 (1.47974,1.17009) (0,0) 0.202201 (5.75561,0.939461) 1.762 0 (2.34569,0.522674) (0,0) 0.190059 (2.32427,0.812463) (0,0) 0.2033 (2.28516,1.25514) (0,0) 0.161387 (2.28418,1.52765) (0,0) 0.197034 (1.47974,2.1) (0,0) 0.3 (1.47974,0) (0,0) 0.3
0.25 (1.49149,1.16504) (0.0470118,-0.0201899) 0.202201 (5.75561,0.939461) 1.762 -0.405646 (2.42428,0.476951) (0.31438,-0.182891) 0.190059 (2.35694,0.841893) (0.130664,0.117719) 0.2033 (2.2571,1.23134) (-0.112255,-0.095224) 0.161387 (2.30051,1.5589) (0.0653126,0.124972) 0.197034 (1.49149,2.1) (0,0) 0.3 (1.49149,0) (0,0) 0.3
0.5 (1.52273,1.17638) (0.124961,0.0453613) 0.202201 (5.75561,0.939461) 1.762 0.348211 (2.51207,0.453261) (0.351147,-0.094761) 0.190059 (2.40089,0.842694) (0.175822,0.00320551) 0.2033 (2.21039,1.19284) (-0.186827,-0.15399) 0.161387 (2.32658,1.58262) (0.104297,0.094899) 0.197034 (1.52273,2.1) (0,0) 0.3 (1.52273,0) (0,0) 0.3
0.75 (1.56544,1.19591) (0.170849,0.0781348) 0.202201 (5.75561,0.939461) 1.762 0.428935 (2.59986,0.429577) (0.351154,-0.0947367) 0.190059 (2.44362,0.832327) (0.170892,-0.0414663) 0.2033 (2.21033,1.1757) (-0.00024524,-0.0685754) 0.161387 (2.35882,1.59688) (0.128964,0.057026) 0.197034 (1.56544,2.1) (0,0) 0.3 (1.56544,0) (0,0) 0.3
1 (1.61536,1.21533) (0.199687,0.0776629) 0.202201 (5.75561,0.939461) 1.762 0.370922 (2.68764,0.405889) (0.35115,-0.0947504) 0.190059 (2.48634,0.821963) (0.170894,-0.0414568) 0.2033 (2.23553,1.16945) (0.100811,-0.0249761) 0.161387 (2.39106,1.61113) (0.128966,0.0570219) 0.197034 (1.61536,2.1) (0,0) 0.3 (1.61536,0) (0,0) 0.3
1.25 (1.67028,1.23257) (0.219641,0.0689495) 0.202201 (5.75561,0.939461) 1.762 0.304177 (2.77543,0.382208) (0.351157,-0.0947241) 0.190059 (2.52906,0.811596) (0.170891,-0.0414689) 0.2033 (2.27819,1.17152) (0.17061,0.00826674) 0.161387 (2.4233,1.62539) (0.128957,0.0570422) 0.197034 (1.67028,2.1) (0,0) 0.3 (1.67028,0) (0,0) 0.3
1.5 (1.72886,1.24815) (0.234334,0.0623205) 0.202201 (5.75561,0.939461) 1.762 0.259931 (2.86322,0.358519) (0.351149,-0.0947552) 0.190059 (2.57179,0.80123) (0.170893,-0.0414626) 0.2033 (2.37191,1.1868) (0.374904,0.0611133) 0.161387 (2.45554,1.63965) (0.128961,0.0570317) 0.197034 (1.72886,2.1) (0,0) 0.3 (1.72886,0) (0,0) 0.3
1.75 (1.80598,1.25406) (0.308496,0.0236571) 0.202201 (5.75561,0.939461) 1.762 0.0765356 (2.95101,0.334834) (0.351153,-0.0947402) 0.190059 (2.61451,0.790863) (0.170891,-0.0414705) 0.2033 (2.46565,1.21822) (0.374961,0.125677) 0.161387 (2.48778,1.65391) (0.128959,0.0570377) 0.197034 (1.80598,2.1) (0,0) 0.3 (1.80598,0) (0,0) 0.3
2 (1.90653,1.25363) (0.402206,-0.00173169) 0.202201 (5.75561,0.939461) 1.762 -0.00430545 (3.0388,0.311159) (0.351163,-0.0947036) 0.190059 (2.65723,0.780497) (0.170893,-0.0414627) 0.2033 (2.55611,1.25812) (0.361824,0.159604) 0.161387 (2.52002,1.66817) (0.128961,0.0570323) 0.197034 (1.90653,2.1) (0,0) 0.3 (1.90653,0) (0,0) 0.3
2.25 (2.0492,1.24198) (0.570675,-0.046601) 0.202201 (5.75561,0.939461) 1.762 -0.0814787 (3.12659,0.28747) (0.351149,-0.0947536) 0.190059 (2.69995,0.77013) (0.170891,-0.0414688) 0.2033 (2.64569,1.29995) (0.358325,0.167312) 0.161387 (2.55226,1.68242) (0.128966,0.0570222) 0.197034 (2,2.1) (0,0) 0.3 (2,0) (0,0) 0.3
2.5 (2.21986,1.22326) (0.682611,-0.0748792) 0.202201 (5.75561,0.939461) 1.762 -0.109258 (3.21437,0.263778) (0.351145,-0.0947682) 0.190059 (2.74268,0.759762) (0.17089,-0.0414723) 0.2033 (2.73527,1.34177) (0.358337,0.167287) 0.161387 (2.58451,1.69668) (0.128961,0.0570319) 0.197034 (2,2.1) (0,0) 0.3 (2,0) (0,0) 0.3
2.75 (2.40928,1.1999) (0.757698,-0.0934347) 0.202201 (5.75561,0.939461) 1.762 -0.122694 (3.28845,0.243789) (0.296321,-0.0799547) 0.190059 (2.7854,0.749391) (0.170888,-0.0414813) 0.2033 (2.82485,1.3836) (0.358312,0.167341) 0.161387 (2.61675,1.71094) (0.128963,0.0570291) 0.197034 (2,2.1) (0,0) 0.3 (2,0) (0,0) 0.3
3 (2.61289,1.17316) (0.814428,-0.106961) 0.202201 (5.75561,0.939461) 1.762 -0.130586 (3.34402,0.228795) (0.222277,-0.0599759) 0.190059 (2.82812,0.739025) (0.170892,-0.0414645) 0.2033 (2.91443,1.42543) (0.358325,0.167313) 0.161387 (2.64899,1.7252) (0.128961,0.0570319) 0.197034 (2,2.1) (0,0) 0.3 (2,0) (0,0) 0.3
3.25 (2.83068,1.14329) (0.871171,-0.119485) 0.202201 (5.75561,0.939461) 1.762 -0.136304 (3.3857,0.217539) (0.16671,-0.0450264) 0.190059 (2.87085,0.728659) (0.170892,-0.0414639) 0.2033 (3.00401,1.46727) (0.358307,0.16735) 0.161387 (2.68123,1.73945) (0.128963,0.0570271) 0.197034 (2,2.1) (0,0) 0.3 (2,0) (0,0) 0.3
3.5 (3.0765,1.11601) (0.983276,-0.109126) 0.202201 (5.75561,0.939461) 1.762 -0.110529 (3.41758,0.20843) (0.127508,-0.0364361) 0.190059 (2.91357,0.718288) (0.170887,-0.0414858) 0.2033 (3.09359,1.50909) (0.35834,0.167279) 0.161387 (2.71347,1.75371) (0.128966,0.057021) 0.197034 (2,2.1) (0,0) 0.3 (2,0) (0,0) 0.3
3.75 (3.32594,1.09956) (0.997759,-0.065779) 0.202201 (5.75561,0.939461) 1.762 -0.0658315 (3.44221,0.199968) (0.0985451,-0.0338456) 0.190059 (2.95629,0.707921) (0.170891,-0.0414695) 0.2033 (3.18317,1.55092) (0.358316,0.167333) 0.161387 (2.74571,1.76797) (0.128961,0.057032) 0.197034 (2,2.1) (0,0) 0.3 (2,0) (0,0) 0.3
4 (3.57539,1.08313) (0.99781,-0.0657433) 0.202201 (5.75561,0.939461) 1.762 -0.0657925 (3.46033,0.192179) (0.07247,-0.031159) 0.190059 (2.99901,0.69755) (0.170889,-0.0414803) 0.2033 (3.272,1.59238) (0.355286,0.165838) 0.161387 (2.77795,1.78223) (0.128959,0.0570369) 0.197034 (2,2.1) (0,0) 0.3 (2,0) (0,0) 0.3
4.25 (3.82486,1.06669) (0.997857,-0.0657503) 0.202201 (5.75561,0.939461) 1.762 -0.0657964 (3.47266,0.186321) (0.0493221,-0.0234301) 0.190059 (3.04173,0.687182) (0.17089,-0.0414737) 0.2033 (3.33861,1.6235) (0.266476,0.124474) 0.161387 (2.81019,1.79649) (0.128958,0.0570396) 0.197034 (2,2.1) (0,0) 0.3 (2,0) (0,0) 0.3
4.5 (4.07432,1.05025) (0.99784,-0.0657716) 0.202201 (5.75561,0.939461) 1.762 -0.0658187 (3.48141,0.182459) (0.0350007,-0.0154503) 0.190059 (3.08446,0.676818) (0.170895,-0.0414547) 0.2033 (3.38857,1.64681) (0.199824,0.0932488) 0.161387 (2.84243,1.81075) (0.128953,0.0570495) 0.197034 (2,2.1) (0,0) 0.3 (2,0) (0,0) 0.3
4.75 (4.32377,1.03382) (0.997835,-0.0657236) 0.202201 (5.75561,0.939461) 1.762 -0.0657713 (3.48803,0.179719) (0.0264956,-0.0109582) 0.190059 (3.12718,0.666448) (0.170888,-0.0414837) 0.2033 (3.42605,1.66431) (0.149924,0.0699876) 0.161387 (2.87467,1.82501) (0.128957,0.0570409) 0.197034 (2,2.1) (0,0) 0.3 (2,0) (0,0) 0.3
5 (4.57322,1.01738) (0.997801,-0.0657564) 0.202201 (5.75561,0.939461) 1.762 -0.0658061 (3.49299,0.177703) (0.0198198,-0.00806244) 0.190059 (3.1699,0.656079) (0.17089,-0.0414752) 0.2033 (3.45517,1.67728) (0.116474,0.0518806) 0.161387 (2.90691,1.83926) (0.128967,0.0570181) 0.197034 (2,2.1) (0,0) 0.3 (2,0) (0,0) 0.3
5.25 (4.8227,1.00095) (0.997912,-0.0656974) 0.202201 (5.75561,0.939461) 1.762 -0.06574 (3.49671,0.176159) (0.0148969,-0.00617827) 0.190059 (3.21263,0.64571) (0.170889,-0.0414768) 0.2033 (3.47839,1.68625) (0.0928898,0.035888) 0.161387 (2.93915,1.85352) (0.128967,0.0570181) 0.197034 (2,2.1) (0,0) 0.3 (2,0) (0,0) 0.3
5.5 (5.05593,0.98558) (0.932896,-0.0614864) 0.202201 (5.75561,0.939461) 1.762 -0.065814 (3.49948,0.17494) (0.0110514,-0.00487637) 0.190059 (3.25535,0.635342) (0.170891,-0.0414702) 0.2033 (3.49612,1.69182) (0.0709125,0.0222581) 0.161387 (2.97139,1.86778) (0.128956,0.0570446) 0.197034 (2,2.1) (0,0) 0.3 (2,0) (0,0) 0.3
5.75 (5.23086,0.974033) (0.699741,-0.0461873) 0.202201 (5.75561,0.939461) 1.762 -0.0659107 (3.50153,0.173944) (0.00820538,-0.00398213) 0.190059 (3.29807,0.624976) (0.170892,-0.0414653) 0.2033 (3.50834,1.69558) (0.0488914,0.0150583) 0.161387 (3.00363,1.88204) (0.128963,0.0570281) 0.197034 (2,2.1) (0,0) 0.3 (2,0) (0,0) 0.3
