timestamp position0 velocity0 radius0 goal pref_speed theta position1 velocity1 radius1 position2 velocity2 radius2 position3 velocity3 radius3 position4 velocity4 radius4 position5 velocity5 radius5 position6 velocity6 radius6
0 (1.10447,1.10122) (0,0) 0.19378 (5.75561,0.939461) 1.61658 0 (2.38242,0.400717) (0,0) 0.205714 (2.21736,0.916508) (0,0) 0.125702 (2.23602,1.26288) (0,0) 0.193592 (2.21684,1.60203) (0,0) 0.200985 (1.10447,2.1) (0,0) 0.3 (1.10447,0) (0,0) 0.3
0.25 (1.3543,1.09252) (0.999329,-0.0347814) 0.19378 (5.75561,0.939461) 1.61658 -0.0347907 (2.40718,0.395959) (0.09901,-0.0190294) 0.205714 (2.23396,0.916305) (0.0664002,-0.00081479) 0.125702 (2.28741,1.24886) (0.205567,-0.0560773) 0.193592 (2.24296,1.63099) (0.104451,0.115852) 0.200985 (1.3543,2.1) (0,0) 0.3 (1.3543,0) (0,0) 0.3
0.5 (1.48203,1.08715) (0.510908,-0.0214857) 0.19378 (5.75561,0.939461) 1.61658 -0.0420292 (2.43193,0.391201) (0.0990093,-0.0190328) 0.205714 (2.22645,0.89018) (-0.0300519,-0.104499) 0.125702 (2.36351,1.25724) (0.304408,0.0335398) 0.193592 (2.27962,1.64428) (0.146648,0.0531631) 0.200985 (1.48203,2.1) (0,0) 0.3 (1.48203,0) (0,0) 0.3
0.75 (1.60736,1.08254) (0.501306,-0.0184377) 0.19378 (5.75561,0.939461) 1.61658 -0.0367628 (2.45668,0.386443) (0.0990096,-0.0190314) 0.205714 (2.23242,0.865186) (0.023876,-0.0999769) 0.125702 (2.43827,1.27375) (0.29905,0.0660142) 0.193592 (2.31628,1.65757) (0.146645,0.0531689) 0.200985 (1.60736,2.1) (0,0) 0.3 (1.60736,0) (0,0) 0.3
1 (1.74271,1.07964) (0.54141,-0.0115884) 0.19378 (5.75561,0.939461) 1.61658 -0.0214009 (2.48143,0.381686) (0.0990101,-0.0190288) 0.205714 (2.24561,0.841425) (0.0527661,-0.0950429) 0.125702 (2.51087,1.29808) (0.290376,0.0973193) 0.193592 (2.35294,1.67086) (0.146651,0.0531545) 0.200985 (1.74271,2.1) (0,0) 0.3 (1.74271,0) (0,0) 0.3
1.25 (1.89361,1.0794) (0.603611,-0.000965158) 0.19378 (5.75561,0.939461) 1.61658 -0.00159897 (2.50619,0.376928) (0.0990092,-0.0190335) 0.205714 (2.26258,0.81831) (0.0678775,-0.0924621) 0.125702 (2.58177,1.32697) (0.283605,0.115573) 0.193592 (2.3896,1.68415) (0.146648,0.0531617) 0.200985 (1.89361,2.1) (0,0) 0.3 (1.89361,0) (0,0) 0.3
1.5 (2.05982,1.08177) (0.664816,0.00948791) 0.19378 (5.75561,0.939461) 1.61658 0.0142705 (2.53094,0.372169) (0.0990093,-0.0190328) 0.205714 (2.28153,0.795532) (0.0757946,-0.0911099) 0.125702 (2.65267,1.35586) (0.283605,0.115574) 0.193592 (2.42627,1.69744) (0.146649,0.0531599) 0.200985 (2,2.1) (0,0) 0.3 (2,0) (0,0) 0.3
1.75 (2.23537,1.08574) (0.70222,0.0158759) 0.19378 (5.75561,0.939461) 1.61658 0.0226043 (2.55569,0.367411) (0.0990095,-0.0190318) 0.205714 (2.30151,0.772932) (0.0799506,-0.0903999) 0.125702 (2.72357,1.38476) (0.283607,0.115569) 0.193592 (2.46293,1.71074) (0.146646,0.0531662) 0.200985 (2,2.1) (0,0) 0.3 (2,0) (0,0) 0.3
2 (2.41692,1.09074) (0.726206,0.0199729) 0.19378 (5.75561,0.939461) 1.61658 0.0274961 (2.58044,0.362653) (0.0990092,-0.0190334) 0.205714 (2.32205,0.750425) (0.0821372,-0.0900269) 0.125702 (2.79447,1.41365) (0.283609,0.115563) 0.193592 (2.49959,1.72403) (0.146648,0.0531615) 0.200985 (2,2.1) (0,0) 0.3 (2,0) (0,0) 0.3
2.25 (2.66665,1.07942) (0.998928,-0.0452855) 0.19378 (5.75561,0.939461) 1.61658 -0.0453031 (2.6052,0.357895) (0.0990091,-0.0190341) 0.205714 (2.34722,0.749043) (0.100682,-0.00552981) 0.125702 (2.86538,1.44254) (0.283606,0.115571) 0.193592 (2.53625,1.73732) (0.146645,0.0531696) 0.200985 (2,2.1) (0,0) 0.3 (2,0) (0,0) 0.3
2.5 (2.91641,1.06809) (0.999042,-0.0452905) 0.19378 (5.75561,0.939461) 1.61658 -0.0453029 (2.62995,0.353137) (0.0990095,-0.0190319) 0.205714 (2.3933,0.75361) (0.184324,0.0182696) 0.125702 (2.93628,1.47143) (0.283614,0.115552) 0.193592 (2.57291,1.75061) (0.146646,0.0531665) 0.200985 (2,2.1) (0,0) 0.3 (2,0) (0,0) 0.3
2.75 (3.16616,1.05679) (0.999001,-0.045226) 0.19378 (5.75561,0.939461) 1.61658 -0.0452403 (2.6547,0.348378) (0.0990088,-0.0190357) 0.205714 (2.43952,0.750824) (0.184892,-0.0111459) 0.125702 (3.00718,1.50032) (0.283602,0.115581) 0.193592 (2.60958,1.7639) (0.14665,0.0531564) 0.200985 (2,2.1) (0,0) 0.3 (2,0) (0,0) 0.3
3 (3.41593,1.04548) (0.999064,-0.0452242) 0.19378 (5.75561,0.939461) 1.61658 -0.0452357 (2.67945,0.343619) (0.0990093,-0.0190332) 0.205714 (2.48536,0.744221) (0.183335,-0.0264104) 0.125702 (3.07808,1.52922) (0.283607,0.115568) 0.193592 (2.64624,1.77719) (0.14665,0.0531569) 0.200985 (2,2.1) (0,0) 0.3 (2,0) (0,0) 0.3
3.25 (3.66568,1.03416) (0.998997,-0.0452931) 0.19378 (5.75561,0.939461) 1.61658 -0.0453075 (2.70421,0.338861) (0.0990093,-0.0190332) 0.205714 (2.53085,0.735608) (0.181995,-0.0344525) 0.125702 (3.14898,1.55812) (0.283593,0.115603) 0.193592 (2.6829,1.79048) (0.146648,0.0531616) 0.200985 (2,2.1) (0,0) 0.3 (2,0) (0,0) 0.3
3.5 (3.9154,1.02284) (0.998901,-0.0452708) 0.19378 (5.75561,0.939461) 1.61658 -0.0452897 (2.72896,0.334101) (0.0990076,-0.0190416) 0.205714 (2.57623,0.726367) (0.181502,-0.0369641) 0.125702 (3.21988,1.58701) (0.283599,0.115589) 0.193592 (2.71956,1.80377) (0.146648,0.053162) 0.200985 (2,2.1) (0,0) 0.3 (2,0) (0,0) 0.3
3.75 (4.16515,1.01154) (0.998984,-0.0452067) 0.19378 (5.75561,0.939461) 1.61658 -0.0452218 (2.75371,0.329343) (0.0990099,-0.0190298) 0.205714 (2.6216,0.717122) (0.181499,-0.036979) 0.125702 (3.29078,1.6159) (0.283612,0.115556) 0.193592 (2.75622,1.81706) (0.146649,0.0531579) 0.200985 (2,2.1) (0,0) 0.3 (2,0) (0,0) 0.3
4 (4.4149,1.00022) (0.998985,-0.0452508) 0.19378 (5.75561,0.939461) 1.61658 -0.0452658 (2.77846,0.324583) (0.0990075,-0.0190426) 0.205714 (2.66698,0.707878) (0.181499,-0.0369773) 0.125702 (3.35272,1.64111) (0.247742,0.100838) 0.193592 (2.79289,1.83035) (0.146649,0.0531592) 0.200985 (2,2.1) (0,0) 0.3 (2,0) (0,0) 0.3
4.25 (4.66464,0.988891) (0.998966,-0.045336) 0.19378 (5.75561,0.939461) 1.61658 -0.0453518 (2.80321,0.319824) (0.0990093,-0.0190331) 0.205714 (2.71235,0.698634) (0.1815,-0.0369753) 0.125702 (3.39916,1.66004) (0.185765,0.0757068) 0.193592 (2.82955,1.84364) (0.146645,0.0531712) 0.200985 (2,2.1) (0,0) 0.3 (2,0) (0,0) 0.3
4.5 (4.91439,0.977567) (0.999011,-0.0452959) 0.19378 (5.75561,0.939461) 1.61658 -0.0453097 (2.82797,0.315064) (0.099008,-0.0190399) 0.205714 (2.75773,0.68939) (0.1815,-0.0369752) 0.125702 (3.43576,1.67407) (0.146397,0.0561091) 0.193592 (2.86621,1.85693) (0.146652,0.0531502) 0.200985 (2,2.1) (0,0) 0.3 (2,0) (0,0) 0.3
4.75 (5.12471,0.968021) (0.841256,-0.0381829) 0.19378 (5.75561,0.939461) 1.61658 -0.0453568 (2.85272,0.310304) (0.0990078,-0.0190407) 0.205714 (2.8031,0.680144) (0.181497,-0.0369861) 0.125702 (3.46582,1.68344) (0.120242,0.0374962) 0.193592 (2.90287,1.87022) (0.146648,0.0531623) 0.200985 (2,2.1) (0,0) 0.3 (2,0) (0,0) 0.3
5 (5.28242,0.960858) (0.630868,-0.0286504) 0.19378 (5.75561,0.939461) 1.61658 -0.0453831 (2.87747,0.305546) (0.0990094,-0.0190323) 0.205714 (2.84848,0.670901) (0.1815,-0.0369717) 0.125702 (3.48979,1.68822) (0.0958677,0.0191296) 0.193592 (2.93953,1.88351) (0.146642,0.0531793) 0.200985 (2,2.1) (0,0) 0.3 (2,0) (0,0) 0.3
