timestamp position0 velocity0 radius0 goal pref_speed theta position1 velocity1 radius1 position2 velocity2 radius2 position3 velocity3 radius3 position4 velocity4 radius4
0 (1.42083,1.463) (0,0) 0.139363 (5.25561,1.00865) 1.70078 0 (2.52531,0.83883) (0,0) 0.213065 (2.45684,1.67044) (0,0) 0.157844 (1.42083,2.1) (0,0) 0.3 (1.42083,0) (0,0) 0.3
0.25 (1.6691,1.43361) (0.993066,-0.11757) 0.139363 (5.25561,1.00865) 1.70078 -0.117842 (2.57204,0.801131) (0.18692,-0.150794) 0.213065 (2.51572,1.69506) (0.23553,0.0984522) 0.157844 (1.6691,2.1) (0,0) 0.3 (1.6691,0) (0,0) 0.3
0.5 (1.91736,1.4042) (0.993046,-0.117625) 0.139363 (5.25561,1.00865) 1.70078 -0.1179 (2.61877,0.763432) (0.186919,-0.150796) 0.213065 (2.5746,1.71967) (0.235532,0.0984463) 0.157844 (1.91736,2.1) (0,0) 0.3 (1.91736,0) (0,0) 0.3
0.75 (2.16563,1.37478) (0.993064,-0.117694) 0.139363 (5.25561,1.00865) 1.70078 -0.117965 (2.6655,0.725731) (0.186914,-0.150802) 0.213065 (2.63349,1.74428) (0.235541,0.0984248) 0.157844 (2,2.1) (0,0) 0.3 (2,0) (0,0) 0.3
1 (2.41388,1.34536) (0.992997,-0.117696) 0.139363 (5.25561,1.00865) 1.70078 -0.117975 (2.71223,0.688033) (0.186919,-0.150795) 0.213065 (2.69237,1.76889) (0.235535,0.0984392) 0.157844 (2,2.1) (0,0) 0.3 (2,0) (0,0) 0.3
1.25 (2.66213,1.31594) (0.993005,-0.117655) 0.139363 (5.25561,1.00865) 1.70078 -0.117934 (2.75896,0.650333) (0.186916,-0.1508) 0.213065 (2.75126,1.79349) (0.235535,0.0984394) 0.157844 (2,2.1) (0,0) 0.3 (2,0) (0,0) 0.3
1.5 (2.91038,1.28653) (0.993022,-0.117641) 0.139363 (5.25561,1.00865) 1.70078 -0.117918 (2.80569,0.612634) (0.186919,-0.150795) 0.213065 (2.81014,1.81811) (0.235529,0.0984539) 0.157844 (2,2.1) (0,0) 0.3 (2,0) (0,0) 0.3
1.75 (3.15864,1.25714) (0.993028,-0.117573) 0.139363 (5.25561,1.00865) 1.70078 -0.11785 (2.85242,0.574939) (0.186931,-0.150781) 0.213065 (2.86902,1.84272) (0.235537,0.0984347) 0.157844 (2,2.1) (0,0) 0.3 (2,0) (0,0) 0.3
2 (3.40691,1.22772) (0.993058,-0.117695) 0.139363 (5.25561,1.00865) 1.70078 -0.117968 (2.89915,0.537237) (0.186909,-0.150809) 0.213065 (2.92791,1.86733) (0.235532,0.0984469) 0.157844 (2,2.1) (0,0) 0.3 (2,0) (0,0) 0.3
2.25 (3.65516,1.19829) (0.993007,-0.117697) 0.139363 (5.25561,1.00865) 1.70078 -0.117976 (2.94588,0.499535) (0.18691,-0.150807) 0.213065 (2.98679,1.89194) (0.235538,0.0984339) 0.157844 (2,2.1) (0,0) 0.3 (2,0) (0,0) 0.3
2.5 (3.90342,1.16887) (0.993039,-0.117674) 0.139363 (5.25561,1.00865) 1.70078 -0.117949 (2.99261,0.46184) (0.186932,-0.150779) 0.213065 (3.04567,1.91655) (0.235528,0.0984559) 0.157844 (2,2.1) (0,0) 0.3 (2,0) (0,0) 0.3
2.75 (4.15167,1.13947) (0.993019,-0.117609) 0.139363 (5.25561,1.00865) 1.70078 -0.117887 (3.03934,0.424147) (0.186938,-0.150772) 0.213065 (3.10456,1.94116) (0.235538,0.0984336) 0.157844 (2,2.1) (0,0) 0.3 (2,0) (0,0) 0.3
3 (4.39995,1.11006) (0.993097,-0.117621) 0.139363 (5.25561,1.00865) 1.70078 -0.11789 (3.08607,0.386444) (0.186906,-0.150812) 0.213065 (3.16344,1.96577) (0.235535,0.0984403) 0.157844 (2,2.1) (0,0) 0.3 (2,0) (0,0) 0.3
3.25 (4.61385,1.08471) (0.855598,-0.101412) 0.139363 (5.25561,1.00865) 1.70078 -0.117978 (3.1328,0.348746) (0.186923,-0.150791) 0.213065 (3.22232,1.99038) (0.235533,0.0984439) 0.157844 (2,2.1) (0,0) 0.3 (2,0) (0,0) 0.3
3.5 (4.77428,1.06569) (0.641735,-0.0760852) 0.139363 (5.25561,1.00865) 1.70078 -0.118011 (3.17953,0.311048) (0.186923,-0.150791) 0.213065 (3.28121,2.01499) (0.235536,0.0984383) 0.157844 (2,2.1) (0,0) 0.3 (2,0) (0,0) 0.3
