timestamp position0 velocity0 radius0 goal pref_speed theta position1 velocity1 radius1 position2 velocity2 radius2 position3 velocity3 radius3 position4 velocity4 radius4
0 (1.20658,1.48129) (0,0) 0.202327 (5.25561,1.00865) 1.82943 0 (2.36283,0.840018) (0,0) 0.175134 (2.43711,1.75888) (0,0) 0.195476 (1.20658,2.1) (0,0) 0.3 (1.20658,0) (0,0) 0.3
0.25 (1.4549,1.45232) (0.993295,-0.115903) 0.202327 (5.25561,1.00865) 1.82943 -0.11616 (2.40711,0.809533) (0.17712,-0.12194) 0.175134 (2.47448,1.77195) (0.149457,0.0522748) 0.195476 (1.4549,2.1) (0,0) 0.3 (1.4549,0) (0,0) 0.3
0.5 (1.70322,1.42333) (0.993257,-0.115958) 0.202327 (5.25561,1.00865) 1.82943 -0.116219 (2.45139,0.77905) (0.177128,-0.121929) 0.175134 (2.51184,1.78502) (0.149456,0.0522764) 0.195476 (1.70322,2.1) (0,0) 0.3 (1.70322,0) (0,0) 0.3
0.75 (1.95154,1.39436) (0.993296,-0.115877) 0.202327 (5.25561,1.00865) 1.82943 -0.116134 (2.49568,0.748569) (0.177129,-0.121927) 0.175134 (2.5492,1.79809) (0.149458,0.0522729) 0.195476 (1.95154,2.1) (0,0) 0.3 (1.95154,0) (0,0) 0.3
1 (2.19986,1.36538) (0.99329,-0.115914) 0.202327 (5.25561,1.00865) 1.82943 -0.116171 (2.53996,0.718087) (0.177131,-0.121925) 0.175134 (2.58657,1.81116) (0.149456,0.0522779) 0.195476 (2,2.1) (0,0) 0.3 (2,0) (0,0) 0.3
1.25 (2.44817,1.33639) (0.99324,-0.115955) 0.202327 (5.25561,1.00865) 1.82943 -0.116218 (2.58424,0.687607) (0.177132,-0.121923) 0.175134 (2.62393,1.82423) (0.149459,0.052268) 0.195476 (2,2.1) (0,0) 0.3 (2,0) (0,0) 0.3
1.5 (2.69648,1.30741) (0.993247,-0.115933) 0.202327 (5.25561,1.00865) 1.82943 -0.116195 (2.62852,0.657124) (0.177125,-0.121932) 0.175134 (2.6613,1.8373) (0.149453,0.0522847) 0.195476 (2,2.1) (0,0) 0.3 (2,0) (0,0) 0.3
1.75 (2.9448,1.27842) (0.993261,-0.11595) 0.202327 (5.25561,1.00865) 1.82943 -0.116211 (2.67281,0.626642) (0.177129,-0.121928) 0.175134 (2.69866,1.85037) (0.149455,0.0522787) 0.195476 (2,2.1) (0,0) 0.3 (2,0) (0,0) 0.3
2 (3.19313,1.24942) (0.993304,-0.116027) 0.202327 (5.25561,1.00865) 1.82943 -0.116282 (2.71709,0.59616) (0.17713,-0.121925) 0.175134 (2.73602,1.86344) (0.149456,0.0522774) 0.195476 (2,2.1) (0,0) 0.3 (2,0) (0,0) 0.3
2.25 (3.44143,1.22041) (0.99322,-0.116008) 0.202327 (5.25561,1.00865) 1.82943 -0.116273 (2.76137,0.565681) (0.177135,-0.121918) 0.175134 (2.77339,1.87651) (0.149456,0.0522762) 0.195476 (2,2.1) (0,0) 0.3 (2,0) (0,0) 0.3
2.5 (3.68975,1.19142) (0.993274,-0.115956) 0.202327 (5.25561,1.00865) 1.82943 -0.116215 (2.80565,0.535197) (0.177124,-0.121934) 0.175134 (2.81075,1.88957) (0.149456,0.0522768) 0.195476 (2,2.1) (0,0) 0.3 (2,0) (0,0) 0.3
2.75 (3.93806,1.16244) (0.993253,-0.115942) 0.202327 (5.25561,1.00865) 1.82943 -0.116204 (2.84993,0.50471) (0.177114,-0.121948) 0.175134 (2.84812,1.90264) (0.14946,0.0522669) 0.195476 (2,2.1) (0,0) 0.3 (2,0) (0,0) 0.3
3 (4.18637,1.13346) (0.993236,-0.115912) 0.202327 (5.25561,1.00865) 1.82943 -0.116176 (2.89421,0.474227) (0.177126,-0.121932) 0.175134 (2.88548,1.91571) (0.149457,0.052275) 0.195476 (2,2.1) (0,0) 0.3 (2,0) (0,0) 0.3
3.25 (4.43468,1.10445) (0.993237,-0.116039) 0.202327 (5.25561,1.00865) 1.82943 -0.116302 (2.9385,0.443749) (0.177139,-0.121912) 0.175134 (2.92285,1.92878) (0.149459,0.0522676) 0.195476 (2,2.1) (0,0) 0.3 (2,0) (0,0) 0.3
3.5 (4.63993,1.08051) (0.820994,-0.0957671) 0.202327 (5.25561,1.00865) 1.82943 -0.116123 (2.98278,0.41327) (0.177135,-0.121918) 0.175134 (2.96021,1.94185) (0.149456,0.0522774) 0.195476 (2,2.1) (0,0) 0.3 (2,0) (0,0) 0.3
3.75 (4.79384,1.06254) (0.615642,-0.0718591) 0.202327 (5.25561,1.00865) 1.82943 -0.116196 (3.02706,0.382787) (0.177127,-0.12193) 0.175134 (2.99757,1.95491) (0.149458,0.0522715) 0.195476 (2,2.1) (0,0) 0.3 (2,0) (0,0) 0.3
