timestamp position0 velocity0 radius0 goal pref_speed theta position1 velocity1 radius1 position2 velocity2 radius2 position3 velocity3 radius3 position4 velocity4 radius4 position5 velocity5 radius5
0 (1.34313,1.17211) (0,0) 0.171693 (5.75561,0.902615) 1.55286 0 (2.13761,0.655666) (0,0) 0.214315 (2.17659,0.971987) (0,0) 0.201047 (2.3482,1.4436) (0,0) 0.164632 (1.34313,2.1) (0,0) 0.3 (1.34313,0) (0,0) 0.3
0.25 (1.36106,1.19492) (0.0717255,0.0912391) 0.171693 (5.75561,0.902615) 1.55286 0.904572 (2.24265,0.60607) (0.420166,-0.198384) 0.214315 (2.16284,1.00206) (-0.0549763,0.120296) 0.201047 (2.39436,1.46894) (0.184627,0.101352) 0.164632 (1.36106,2.1) (0,0) 0.3 (1.36106,0) (0,0) 0.3
0.5 (1.37352,1.21659) (0.0498734,0.0866771) 0.171693 (5.75561,0.902615) 1.55286 1.04867 (2.35412,0.573405) (0.445897,-0.13066) 0.214315 (2.19042,0.995155) (0.110312,-0.0276258) 0.201047 (2.44051,1.49429) (0.184616,0.101372) 0.164632 (1.37352,2.1) (0,0) 0.3 (1.37352,0) (0,0) 0.3
0.75 (1.41583,1.23718) (0.169215,0.0823433) 0.171693 (5.75561,0.902615) 1.55286 0.452886 (2.4656,0.540741) (0.445898,-0.130654) 0.214315 (2.27089,0.986151) (0.321898,-0.0360146) 0.201047 (2.48667,1.51963) (0.184621,0.101362) 0.164632 (1.41583,2.1) (0,0) 0.3 (1.41583,0) (0,0) 0.3
1 (1.51818,1.29448) (0.409401,0.229198) 0.171693 (5.75561,0.902615) 1.55286 0.510366 (2.57707,0.508086) (0.445908,-0.130622) 0.214315 (2.38779,0.982302) (0.467595,-0.0153951) 0.201047 (2.53282,1.54497) (0.184616,0.101372) 0.164632 (1.51818,2.1) (0,0) 0.3 (1.51818,0) (0,0) 0.3
1.25 (1.69856,1.36214) (0.721538,0.27065) 0.171693 (5.75561,0.902615) 1.55286 0.358859 (2.68855,0.475429) (0.445906,-0.130628) 0.214315 (2.50304,0.962327) (0.460974,-0.0799028) 0.201047 (2.57898,1.57031) (0.184624,0.101357) 0.164632 (1.69856,2.1) (0,0) 0.3 (1.69856,0) (0,0) 0.3
1.5 (1.8671,1.44752) (0.674161,0.341537) 0.171693 (5.75561,0.902615) 1.55286 0.468922 (2.80002,0.442766) (0.445899,-0.130651) 0.214315 (2.61643,0.933651) (0.453569,-0.114703) 0.201047 (2.6315,1.57407) (0.210078,0.0150466) 0.164632 (1.8671,2.1) (0,0) 0.3 (1.8671,0) (0,0) 0.3
1.75 (2.03201,1.53035) (0.659644,0.331324) 0.171693 (5.75561,0.902615) 1.55286 0.465467 (2.9115,0.410104) (0.4459,-0.130649) 0.214315 (2.72852,0.900247) (0.448362,-0.133615) 0.201047 (2.68402,1.57783) (0.210078,0.0150466) 0.164632 (2,2.1) (0,0) 0.3 (2,0) (0,0) 0.3
2 (2.19299,1.61042) (0.643916,0.320259) 0.171693 (5.75561,0.902615) 1.55286 0.461534 (3.02297,0.377434) (0.445892,-0.130677) 0.214315 (2.84061,0.866847) (0.448366,-0.133602) 0.201047 (2.73654,1.58159) (0.210078,0.0150466) 0.164632 (2,2.1) (0,0) 0.3 (2,0) (0,0) 0.3
2.25 (2.34971,1.68749) (0.626877,0.308271) 0.171693 (5.75561,0.902615) 1.55286 0.457032 (3.13136,0.345689) (0.433544,-0.126982) 0.214315 (2.9527,0.833451) (0.448373,-0.133581) 0.201047 (2.78906,1.58535) (0.210078,0.0150465) 0.164632 (2,2.1) (0,0) 0.3 (2,0) (0,0) 0.3
2.5 (2.50188,1.76135) (0.608654,0.295451) 0.171693 (5.75561,0.902615) 1.55286 0.451914 (3.21546,0.309678) (0.336406,-0.144045) 0.214315 (3.0648,0.800051) (0.448367,-0.133601) 0.201047 (2.84158,1.58912) (0.210078,0.0150465) 0.164632 (2,2.1) (0,0) 0.3 (2,0) (0,0) 0.3
2.75 (2.64915,1.83177) (0.589097,0.281693) 0.171693 (5.75561,0.902615) 1.55286 0.446038 (3.2736,0.288618) (0.232564,-0.0842394) 0.214315 (3.17689,0.766655) (0.448371,-0.133585) 0.201047 (2.8941,1.59288) (0.210078,0.0150463) 0.164632 (2,2.1) (0,0) 0.3 (2,0) (0,0) 0.3
3 (2.79127,1.89857) (0.568479,0.267188) 0.171693 (5.75561,0.902615) 1.55286 0.439364 (3.3183,0.276239) (0.178794,-0.0495154) 0.214315 (3.28898,0.733258) (0.448371,-0.133586) 0.201047 (2.94662,1.59664) (0.210078,0.0150466) 0.164632 (2,2.1) (0,0) 0.3 (2,0) (0,0) 0.3
3.25 (2.97706,1.96487) (0.743156,0.265219) 0.171693 (5.75561,0.902615) 1.55286 0.342792 (3.35286,0.269787) (0.138258,-0.0258081) 0.214315 (3.40107,0.69986) (0.448368,-0.133596) 0.201047 (2.99593,1.61509) (0.19727,0.0737814) 0.164632 (2,2.1) (0,0) 0.3 (2,0) (0,0) 0.3
3.5 (3.23372,1.97475) (1.02666,0.0395173) 0.171693 (5.75561,0.902615) 1.55286 0.0384722 (3.37879,0.264961) (0.103716,-0.0193038) 0.214315 (3.51317,0.666461) (0.448368,-0.133595) 0.201047 (3.03466,1.65076) (0.154892,0.142715) 0.164632 (2,2.1) (0,0) 0.3 (2,0) (0,0) 0.3
3.75 (3.4638,1.87695) (0.920302,-0.391212) 0.171693 (5.75561,0.902615) 1.55286 -0.401947 (3.39823,0.261316) (0.0777652,-0.0145811) 0.214315 (3.62526,0.633064) (0.44837,-0.133589) 0.201047 (3.07338,1.68644) (0.154894,0.142713) 0.164632 (2,2.1) (0,0) 0.3 (2,0) (0,0) 0.3
4 (3.69386,1.77914) (0.920257,-0.391255) 0.171693 (5.75561,0.902615) 1.55286 -0.402005 (3.4128,0.258596) (0.0582513,-0.01088) 0.214315 (3.73735,0.599653) (0.448354,-0.133643) 0.201047 (3.1121,1.72213) (0.154874,0.142735) 0.164632 (2,2.1) (0,0) 0.3 (2,0) (0,0) 0.3
4.25 (3.92395,1.68131) (0.920354,-0.391306) 0.171693 (5.75561,0.902615) 1.55286 -0.402014 (3.42375,0.256557) (0.0438199,-0.0081536) 0.214315 (3.84944,0.566254) (0.448368,-0.133595) 0.201047 (3.15082,1.7578) (0.154901,0.142706) 0.164632 (2,2.1) (0,0) 0.3 (2,0) (0,0) 0.3
4.5 (4.15401,1.58351) (0.920219,-0.391209) 0.171693 (5.75561,0.902615) 1.55286 -0.401978 (3.43196,0.255011) (0.0328172,-0.00618508) 0.214315 (3.94667,0.53729) (0.388918,-0.115857) 0.201047 (3.18955,1.79348) (0.154894,0.142714) 0.164632 (2,2.1) (0,0) 0.3 (2,0) (0,0) 0.3
4.75 (4.38408,1.48571) (0.920288,-0.391176) 0.171693 (5.75561,0.902615) 1.55286 -0.40192 (3.43811,0.253876) (0.0246277,-0.00454159) 0.214315 (4.01959,0.515564) (0.291689,-0.0869031) 0.201047 (3.22826,1.82917) (0.154872,0.142737) 0.164632 (2,2.1) (0,0) 0.3 (2,0) (0,0) 0.3
5 (4.61416,1.38788) (0.920324,-0.391341) 0.171693 (5.75561,0.902615) 1.55286 -0.402057 (3.44273,0.252997) (0.0184827,-0.00351563) 0.214315 (4.07426,0.499277) (0.21869,-0.0651481) 0.201047 (3.26699,1.86484) (0.154916,0.14269) 0.164632 (2,2.1) (0,0) 0.3 (2,0) (0,0) 0.3
5.25 (4.84422,1.29008) (0.920255,-0.391198) 0.171693 (5.75561,0.902615) 1.55286 -0.401953 (3.44617,0.252355) (0.013747,-0.00256871) 0.214315 (4.11528,0.487061) (0.164077,-0.0488621) 0.201047 (3.30571,1.90053) (0.154856,0.142755) 0.164632 (2,2.1) (0,0) 0.3 (2,0) (0,0) 0.3
5.5 (5.07208,1.19319) (0.911426,-0.387535) 0.171693 (5.75561,0.902615) 1.55286 -0.402037 (3.44876,0.251877) (0.0103632,-0.00191166) 0.214315 (4.14605,0.477882) (0.123065,-0.036719) 0.201047 (3.34443,1.9362) (0.154903,0.142704) 0.164632 (2,2.1) (0,0) 0.3 (2,0) (0,0) 0.3
5.75 (5.24296,1.12056) (0.68353,-0.290547) 0.171693 (5.75561,0.902615) 1.55286 -0.401928 (3.45071,0.251493) (0.00777531,-0.0015333) 0.214315 (4.16911,0.471) (0.0922528,-0.0275255) 0.201047 (3.38092,1.96982) (0.145966,0.134469) 0.164632 (2,2.1) (0,0) 0.3 (2,0) (0,0) 0.3
6 (5.37113,1.06607) (0.512654,-0.217943) 0.171693 (5.75561,0.902615) 1.55286 -0.401977 (3.45217,0.251225) (0.00584923,-0.00107486) 0.214315 (4.18642,0.465848) (0.0692391,-0.0206102) 0.201047 (3.4083,1.99501) (0.10951,0.100779) 0.164632 (2,2.1) (0,0) 0.3 (2,0) (0,0) 0.3
