timestamp position0 velocity0 radius0 goal pref_speed theta position1 velocity1 radius1 position2 velocity2 radius2 position3 velocity3 radius3 position4 velocity4 radius4
0 (1.17185,1.22934) (0,0) 0.120466 (5.25561,1.00865) 1.67465 0 (2.26836,0.647295) (0,0) 0.184176 (2.43638,1.31094) (0,0) 0.123438 (1.17185,2.1) (0,0) 0.3 (1.17185,0) (0,0) 0.3
0.25 (1.4215,1.21583) (0.998582,-0.0540245) 0.120466 (5.25561,1.00865) 1.67465 -0.0540486 (2.29321,0.635567) (0.0993713,-0.046915) 0.184176 (2.50604,1.35728) (0.278622,0.185365) 0.123438 (1.4215,2.1) (0,0) 0.3 (1.4215,0) (0,0) 0.3
0.5 (1.67115,1.20235) (0.998589,-0.0539261) 0.120466 (5.25561,1.00865) 1.67465 -0.0539499 (2.31805,0.623839) (0.0993726,-0.0469123) 0.184176 (2.5757,1.40362) (0.278635,0.185345) 0.123438 (1.67115,2.1) (0,0) 0.3 (1.67115,0) (0,0) 0.3
0.75 (1.92079,1.18886) (0.998571,-0.0539484) 0.120466 (5.25561,1.00865) 1.67465 -0.0539731 (2.34289,0.61211) (0.0993717,-0.0469142) 0.184176 (2.64535,1.44996) (0.278622,0.185364) 0.123438 (1.92079,2.1) (0,0) 0.3 (1.92079,0) (0,0) 0.3
1 (2.17043,1.17538) (0.998569,-0.0539511) 0.120466 (5.25561,1.00865) 1.67465 -0.0539759 (2.36774,0.600383) (0.0993745,-0.0469082) 0.184176 (2.71501,1.4963) (0.27861,0.185382) 0.123438 (2,2.1) (0,0) 0.3 (2,0) (0,0) 0.3
1.25 (2.42006,1.16188) (0.998507,-0.0539787) 0.120466 (5.25561,1.00865) 1.67465 -0.0540069 (2.39258,0.588656) (0.099374,-0.0469093) 0.184176 (2.78466,1.54264) (0.278617,0.185372) 0.123438 (2,2.1) (0,0) 0.3 (2,0) (0,0) 0.3
1.5 (2.66968,1.14839) (0.998495,-0.0539571) 0.120466 (5.25561,1.00865) 1.67465 -0.0539859 (2.41742,0.576927) (0.0993708,-0.0469159) 0.184176 (2.85432,1.58898) (0.278636,0.185344) 0.123438 (2,2.1) (0,0) 0.3 (2,0) (0,0) 0.3
1.75 (2.91933,1.1349) (0.99859,-0.0539619) 0.120466 (5.25561,1.00865) 1.67465 -0.0539856 (2.44227,0.565198) (0.0993718,-0.0469139) 0.184176 (2.92397,1.63532) (0.278618,0.185371) 0.123438 (2,2.1) (0,0) 0.3 (2,0) (0,0) 0.3
2 (3.16897,1.12143) (0.998556,-0.0539059) 0.120466 (5.25561,1.00865) 1.67465 -0.0539315 (2.46711,0.553469) (0.0993702,-0.0469173) 0.184176 (2.99363,1.68167) (0.278618,0.18537) 0.123438 (2,2.1) (0,0) 0.3 (2,0) (0,0) 0.3
2.25 (3.4186,1.10794) (0.998521,-0.0539305) 0.120466 (5.25561,1.00865) 1.67465 -0.053958 (2.49195,0.541741) (0.0993735,-0.0469103) 0.184176 (3.06328,1.72801) (0.278603,0.185393) 0.123438 (2,2.1) (0,0) 0.3 (2,0) (0,0) 0.3
2.5 (3.66823,1.09445) (0.998542,-0.0539747) 0.120466 (5.25561,1.00865) 1.67465 -0.054001 (2.51679,0.530013) (0.0993723,-0.0469129) 0.184176 (3.13293,1.77436) (0.278619,0.185368) 0.123438 (2,2.1) (0,0) 0.3 (2,0) (0,0) 0.3
2.75 (3.91787,1.08096) (0.998558,-0.0539759) 0.120466 (5.25561,1.00865) 1.67465 -0.0540013 (2.54164,0.518285) (0.0993722,-0.0469131) 0.184176 (3.20258,1.8207) (0.278606,0.185388) 0.123438 (2,2.1) (0,0) 0.3 (2,0) (0,0) 0.3
3 (4.16751,1.06748) (0.998553,-0.0539005) 0.120466 (5.25561,1.00865) 1.67465 -0.0539262 (2.56648,0.506556) (0.0993707,-0.0469162) 0.184176 (3.27223,1.86705) (0.278598,0.185401) 0.123438 (2,2.1) (0,0) 0.3 (2,0) (0,0) 0.3
3.25 (4.41715,1.05398) (0.998538,-0.053994) 0.120466 (5.25561,1.00865) 1.67465 -0.0540205 (2.59132,0.494828) (0.0993727,-0.0469119) 0.184176 (3.34189,1.91339) (0.278632,0.18535) 0.123438 (2,2.1) (0,0) 0.3 (2,0) (0,0) 0.3
3.5 (4.62676,1.04265) (0.838449,-0.0453144) 0.120466 (5.25561,1.00865) 1.67465 -0.053993 (2.61617,0.483102) (0.0993765,-0.046904) 0.184176 (3.41155,1.95974) (0.278614,0.185377) 0.123438 (2,2.1) (0,0) 0.3 (2,0) (0,0) 0.3
3.75 (4.78396,1.03416) (0.628822,-0.0339636) 0.120466 (5.25561,1.00865) 1.67465 -0.053959 (2.64101,0.471372) (0.09937,-0.0469178) 0.184176 (3.4812,2.00608) (0.278614,0.185377) 0.123438 (2,2.1) (0,0) 0.3 (2,0) (0,0) 0.3
4 (4.90188,1.02778) (0.471646,-0.0255139) 0.120466 (5.25561,1.00865) 1.67465 -0.0540428 (2.66585,0.459643) (0.0993705,-0.0469167) 0.184176 (3.55086,2.05241) (0.278651,0.18532) 0.123438 (2,2.1) (0,0) 0.3 (2,0) (0,0) 0.3
