timestamp position0 velocity0 radius0 goal pref_speed theta position1 velocity1 radius1 position2 velocity2 radius2 position3 velocity3 radius3
0 (0.899207,0.965837) (0,0) 0.231744 (3.63341,3.18798) 1.66996 0 (3.7256,3.12526) (0,0) 0.195852 (2.37082,2.41344) (0,0) 0.216752 (2.50185,0.520711) (0,0) 0.23961
0.25 (0.9358,0.986238) (0.146373,0.0816065) 0.231744 (3.63341,3.18798) 1.66996 0.508601 (3.72318,3.06979) (-0.00968505,-0.221889) 0.195852 (2.41959,2.38071) (0.195062,-0.130931) 0.216752 (2.43949,0.407566) (-0.249409,-0.452579) 0.23961
0.5 (0.985026,1.11453) (0.196903,0.513169) 0.231744 (3.63341,3.18798) 1.66996 1.20442 (3.69072,3.05205) (-0.129844,-0.0709461) 0.195852 (2.54059,2.19355) (0.484023,-0.748642) 0.216752 (2.21303,0.372499) (-0.905847,-0.140269) 0.23961
0.75 (1.13347,1.31304) (0.593794,0.794022) 0.231744 (3.63341,3.18798) 1.66996 0.928685 (3.55306,2.92989) (-0.550603,-0.488639) 0.195852 (2.62962,1.95993) (0.356121,-0.934462) 0.216752 (2.04318,0.34622) (-0.679393,-0.105117) 0.23961
1 (1.3013,1.49849) (0.671286,0.741828) 0.231744 (3.63341,3.18798) 1.66996 0.835276 (3.37602,2.78119) (-0.708177,-0.594788) 0.195852 (2.71865,1.72631) (0.35609,-0.934474) 0.216752 (1.91582,0.326518) (-0.509465,-0.0788045) 0.23961
1.25 (1.47543,1.67682) (0.696553,0.71331) 0.231744 (3.63341,3.18798) 1.66996 0.797283 (3.19509,2.62262) (-0.723719,-0.634295) 0.195852 (2.80767,1.49269) (0.356098,-0.934472) 0.216752 (1.79297,0.319063) (-0.491381,-0.0298236) 0.23961
1.5 (1.65543,1.84835) (0.719983,0.686111) 0.231744 (3.63341,3.18798) 1.66996 0.761313 (3.01225,2.46312) (-0.731382,-0.638014) 0.195852 (2.8967,1.25908) (0.356133,-0.934444) 0.216752 (1.67771,0.326549) (-0.461031,0.0299467) 0.23961
1.75 (1.83898,2.01548) (0.734183,0.668508) 0.231744 (3.63341,3.18798) 1.66996 0.738612 (2.82956,2.30401) (-0.730737,-0.63642) 0.195852 (2.98572,1.02549) (0.356075,-0.934373) 0.216752 (1.56586,0.342444) (-0.447419,0.06358) 0.23961
2 (2.02499,2.17925) (0.744059,0.655084) 0.231744 (3.63341,3.18798) 1.66996 0.721891 (2.64706,2.14536) (-0.729994,-0.634585) 0.195852 (3.07025,0.803692) (0.338123,-0.887191) 0.216752 (1.45656,0.364647) (-0.437207,0.0888104) 0.23961
2.25 (2.21342,2.3397) (0.753725,0.641807) 0.231744 (3.63341,3.18798) 1.66996 0.705372 (2.46478,1.98725) (-0.729141,-0.632477) 0.195852 (3.13366,0.637345) (0.253623,-0.665385) 0.216752 (1.34917,0.391577) (-0.429554,0.10772) 0.23961
2.5 (2.42802,2.46792) (0.858412,0.512894) 0.231744 (3.63341,3.18798) 1.66996 0.538573 (2.28273,1.82972) (-0.728179,-0.630101) 0.195852 (3.18121,0.512569) (0.190204,-0.499106) 0.216752 (1.24323,0.422075) (-0.423777,0.121993) 0.23961
2.75 (2.64265,2.59613) (0.858487,0.512815) 0.231744 (3.63341,3.18798) 1.66996 0.538466 (2.10097,1.67288) (-0.727067,-0.627353) 0.195852 (3.21687,0.418995) (0.142645,-0.374294) 0.216752 (1.13836,0.455248) (-0.419446,0.132692) 0.23961
3 (2.85728,2.72434) (0.858547,0.512842) 0.231744 (3.63341,3.18798) 1.66996 0.538459 (1.91953,1.51685) (-0.725756,-0.624115) 0.195852 (3.24361,0.348816) (0.106971,-0.280716) 0.216752 (1.0343,0.490402) (-0.416239,0.140617) 0.23961
3.25 (3.05131,2.84024) (0.776116,0.463627) 0.231744 (3.63341,3.18798) 1.66996 0.538483 (1.73848,1.36179) (-0.7242,-0.62027) 0.195852 (3.26367,0.29618) (0.0802145,-0.210545) 0.216752 (0.930847,0.527045) (-0.413828,0.146574) 0.23961
3.5 (3.19684,2.92717) (0.582097,0.347726) 0.231744 (3.63341,3.18798) 1.66996 0.538482 (1.5579,1.20788) (-0.722315,-0.615613) 0.195852 (3.27871,0.256713) (0.0601725,-0.15787) 0.216752 (0.827849,0.564823) (-0.411992,0.151109) 0.23961
