timestamp position0 velocity0 radius0 goal pref_speed theta position1 velocity1 radius1 position2 velocity2 radius2 position3 velocity3 radius3
0 (0.233862,3.26812) (0,0) 0.205675 (3.63341,0.45865) 1.17521 0 (3.24758,0.435566) (0,0) 0.158027 (1.50642,2.45116) (0,0) 0.165225 (1.31485,2.69361) (0,0) 0.239072
0.25 (0.227513,3.21465) (-0.0253956,-0.213866) 0.205675 (3.63341,0.45865) 1.17521 -1.68899 (3.16254,0.439415) (-0.340173,0.0153958) 0.158027 (1.53589,2.3993) (0.117853,-0.207446) 0.165225 (1.33244,2.76824) (0.0703746,0.298499) 0.239072
0.5 (0.259699,3.13608) (0.128744,-0.3143) 0.205675 (3.63341,0.45865) 1.17521 -1.18202 (3.04915,0.476885) (-0.453562,0.149881) 0.158027 (1.70154,2.2167) (0.662615,-0.730373) 0.165225 (1.34075,2.77624) (0.033216,0.0319895) 0.239072
0.75 (0.354645,3.03496) (0.379786,-0.404465) 0.205675 (3.63341,0.45865) 1.17521 -0.816856 (2.83514,0.550559) (-0.856035,0.294695) 0.158027 (1.85642,2.02071) (0.619514,-0.783983) 0.165225 (1.4365,2.70747) (0.38301,-0.275059) 0.239072
1 (0.48796,2.86452) (0.533258,-0.681741) 0.205675 (3.63341,0.45865) 1.17521 -0.907003 (2.63313,0.652625) (-0.808059,0.408266) 0.158027 (2.01013,1.82353) (0.614842,-0.788727) 0.165225 (1.53908,2.55272) (0.410326,-0.618988) 0.239072
1.25 (0.620985,2.71235) (0.532101,-0.608717) 0.205675 (3.63341,0.45865) 1.17521 -0.852456 (2.43111,0.754692) (-0.808059,0.408266) 0.158027 (2.16382,1.62637) (0.614783,-0.788608) 0.165225 (1.6421,2.34671) (0.412077,-0.824051) 0.239072
1.5 (0.821174,2.5626) (0.800754,-0.59898) 0.205675 (3.63341,0.45865) 1.17521 -0.642233 (2.23296,0.864074) (-0.792598,0.437526) 0.158027 (2.31755,1.42922) (0.614885,-0.788628) 0.165225 (1.70551,2.15668) (0.25363,-0.760112) 0.239072
1.75 (1.02133,2.41283) (0.800623,-0.599063) 0.205675 (3.63341,0.45865) 1.17521 -0.642377 (2.03931,0.981239) (-0.774595,0.468662) 0.158027 (2.47125,1.23206) (0.614818,-0.788632) 0.165225 (1.75746,1.96754) (0.207816,-0.756563) 0.239072
2 (1.2215,2.26306) (0.800682,-0.599084) 0.205675 (3.63341,0.45865) 1.17521 -0.642359 (1.84567,1.0984) (-0.774595,0.468662) 0.158027 (2.62496,1.0349) (0.614827,-0.788643) 0.165225 (1.80498,1.78394) (0.190056,-0.734414) 0.239072
2.25 (1.42169,2.1133) (0.800744,-0.599051) 0.205675 (3.63341,0.45865) 1.17521 -0.642296 (1.65202,1.21557) (-0.774595,0.468662) 0.158027 (2.77866,0.837727) (0.614808,-0.788686) 0.165225 (1.84717,1.60698) (0.168757,-0.707851) 0.239072
2.5 (1.62188,1.96353) (0.800776,-0.599097) 0.205675 (3.63341,0.45865) 1.17521 -0.642313 (1.45837,1.33274) (-0.774595,0.468662) 0.158027 (2.91496,0.662865) (0.545208,-0.699446) 0.165225 (1.883,1.43794) (0.143335,-0.676145) 0.239072
2.75 (1.82205,1.81378) (0.800666,-0.599002) 0.205675 (3.63341,0.45865) 1.17521 -0.642304 (1.2931,1.48738) (-0.661076,0.618563) 0.158027 (3.01723,0.523507) (0.409084,-0.557435) 0.165225 (1.8115,1.19838) (-0.285984,-0.958234) 0.239072
3 (2.02222,1.66401) (0.800692,-0.599072) 0.205675 (3.63341,0.45865) 1.17521 -0.642344 (1.12784,1.64202) (-0.661053,0.618586) 0.158027 (3.09389,0.427195) (0.306612,-0.385247) 0.165225 (1.74204,0.965637) (-0.277858,-0.930978) 0.239072
3.25 (2.22239,1.51423) (0.80067,-0.599102) 0.205675 (3.63341,0.45865) 1.17521 -0.64238 (0.962557,1.79665) (-0.661115,0.618521) 0.158027 (3.15138,0.35496) (0.229959,-0.288941) 0.165225 (1.68994,0.791079) (-0.208416,-0.69823) 0.239072
3.5 (2.42257,1.36448) (0.800735,-0.599028) 0.205675 (3.63341,0.45865) 1.17521 -0.642283 (0.797291,1.9513) (-0.661065,0.618574) 0.158027 (3.19451,0.300773) (0.172529,-0.216747) 0.165225 (1.65086,0.660156) (-0.1563,-0.523693) 0.239072
3.75 (2.62275,1.21472) (0.800733,-0.599029) 0.205675 (3.63341,0.45865) 1.17521 -0.642285 (0.632022,2.10594) (-0.661077,0.618561) 0.158027 (3.22685,0.260144) (0.12938,-0.162514) 0.165225 (1.62157,0.561979) (-0.117181,-0.39271) 0.239072
4 (2.82294,1.06495) (0.800761,-0.599058) 0.205675 (3.63341,0.45865) 1.17521 -0.642291 (0.474025,2.25379) (-0.631986,0.591398) 0.158027 (3.25111,0.229686) (0.0970319,-0.121835) 0.165225 (1.59959,0.488333) (-0.0879154,-0.294584) 0.239072
4.25 (3.02311,0.915207) (0.800658,-0.598983) 0.205675 (3.63341,0.45865) 1.17521 -0.642293 (0.35552,2.36467) (-0.47402,0.443519) 0.158027 (3.2693,0.206834) (0.0727474,-0.0914049) 0.165225 (1.5831,0.433084) (-0.0659286,-0.220993) 0.239072
4.5 (3.17566,0.801078) (0.61021,-0.456516) 0.205675 (3.63341,0.45865) 1.17521 -0.642303 (0.26664,2.44783) (-0.355523,0.332642) 0.158027 (3.28295,0.189689) (0.054612,-0.0685804) 0.165225 (1.57072,0.391662) (-0.0495181,-0.165689) 0.239072
