timestamp position0 velocity0 radius0 goal pref_speed theta position1 velocity1 radius1 position2 velocity2 radius2 position3 velocity3 radius3
0 (0.470221,0.00725077) (0,0) 0.247863 (3.63341,3.18798) 1.81156 0 (3.79556,2.98578) (0,0) 0.227023 (2.3166,3.06505) (0,0) 0.20572 (1.11746,1.16271) (0,0) 0.191465
0.25 (0.539625,-0.00626512) (0.277617,-0.0540636) 0.247863 (3.63341,3.18798) 1.81156 -0.192335 (3.765,2.90533) (-0.122232,-0.321794) 0.227023 (2.33915,2.99611) (0.0902062,-0.275732) 0.20572 (1.28128,1.04558) (0.655286,-0.468509) 0.191465
0.5 (0.619691,0.0200737) (0.320262,0.105355) 0.247863 (3.63341,3.18798) 1.81156 0.317816 (3.70822,2.79716) (-0.227131,-0.432685) 0.227023 (2.33479,2.89472) (-0.017432,-0.405555) 0.20572 (1.36145,0.84638) (0.320668,-0.796808) 0.191465
0.75 (0.69763,0.0432686) (0.311756,0.0927794) 0.247863 (3.63341,3.18798) 1.81156 0.289256 (3.65455,2.68814) (-0.214681,-0.436068) 0.227023 (2.33173,2.79655) (-0.0122427,-0.392703) 0.20572 (1.42016,0.696356) (0.234824,-0.600095) 0.191465
1 (0.771821,0.0634374) (0.296765,0.0806753) 0.247863 (3.63341,3.18798) 1.81156 0.265435 (3.6047,2.54515) (-0.1994,-0.571981) 0.227023 (2.33245,2.7014) (0.0028847,-0.380605) 0.20572 (1.4686,0.58137) (0.193787,-0.459946) 0.191465
1.25 (0.852227,0.0790515) (0.321625,0.0624566) 0.247863 (3.63341,3.18798) 1.81156 0.191803 (3.52554,2.38064) (-0.316633,-0.658036) 0.227023 (2.39137,2.60164) (0.235663,-0.399039) 0.20572 (1.51188,0.491416) (0.173122,-0.359815) 0.191465
1.5 (0.920455,0.246305) (0.272911,0.669013) 0.247863 (3.63341,3.18798) 1.81156 1.18347 (3.4357,2.20407) (-0.35936,-0.706268) 0.227023 (2.45731,2.48424) (0.263764,-0.469577) 0.20572 (1.55168,0.403802) (0.159195,-0.350457) 0.191465
1.75 (1.06622,0.441047) (0.583068,0.77897) 0.247863 (3.63341,3.18798) 1.81156 0.928248 (3.26533,2.03148) (-0.681493,-0.69038) 0.227023 (2.52764,2.35057) (0.281336,-0.534707) 0.20572 (1.58632,0.312648) (0.138562,-0.364614) 0.191465
2 (1.22812,0.632214) (0.647596,0.764666) 0.247863 (3.63341,3.18798) 1.81156 0.868104 (3.07173,1.85513) (-0.774386,-0.705399) 0.227023 (2.59593,2.21656) (0.273159,-0.536029) 0.20572 (1.61167,0.247613) (0.101404,-0.260142) 0.191465
2.25 (1.39001,0.823373) (0.647569,0.764638) 0.247863 (3.63341,3.18798) 1.81156 0.868107 (2.87813,1.67878) (-0.774385,-0.705399) 0.227023 (2.66215,2.08222) (0.264888,-0.537367) 0.20572 (1.6293,0.202601) (0.0705177,-0.180047) 0.191465
2.5 (1.55193,1.01456) (0.647669,0.764741) 0.247863 (3.63341,3.18798) 1.81156 0.868097 (2.68454,1.50243) (-0.774386,-0.705399) 0.227023 (2.72622,1.94753) (0.256248,-0.538763) 0.20572 (1.64304,0.169322) (0.0549348,-0.133116) 0.191465
2.75 (1.71385,1.20575) (0.647686,0.764759) 0.247863 (3.63341,3.18798) 1.81156 0.868096 (2.50821,1.34393) (-0.705323,-0.634001) 0.227023 (2.81423,1.73675) (0.352073,-0.843109) 0.20572 (1.65488,0.14311) (0.047386,-0.104849) 0.191465
3 (1.87578,1.39694) (0.647698,0.764771) 0.247863 (3.63341,3.18798) 1.81156 0.868095 (2.33315,1.18674) (-0.700242,-0.628749) 0.227023 (2.89017,1.49856) (0.303758,-0.952747) 0.20572 (1.66474,0.122963) (0.0394299,-0.0805879) 0.191465
3.25 (2.0377,1.58813) (0.647691,0.764765) 0.247863 (3.63341,3.18798) 1.81156 0.868096 (2.15967,1.03119) (-0.693908,-0.622201) 0.227023 (2.96612,1.26038) (0.3038,-0.952746) 0.20572 (1.67346,0.106681) (0.0349001,-0.0651274) 0.191465
3.5 (2.21422,1.76513) (0.706098,0.708008) 0.247863 (3.63341,3.18798) 1.81156 0.786749 (1.92889,0.935061) (-0.923135,-0.384507) 0.227023 (3.04206,1.02219) (0.303749,-0.952749) 0.20572 (1.68152,0.093064) (0.0322233,-0.0544684) 0.191465
3.75 (2.39076,1.94214) (0.706156,0.708004) 0.247863 (3.63341,3.18798) 1.81156 0.786705 (1.69813,0.838923) (-0.923014,-0.384553) 0.227023 (3.11251,0.801211) (0.281803,-0.88391) 0.20572 (1.65638,0.124861) (-0.100556,0.127188) 0.191465
4 (2.56731,2.11914) (0.7062,0.708032) 0.247863 (3.63341,3.18798) 1.81156 0.786694 (1.46736,0.742807) (-0.923103,-0.384462) 0.227023 (3.16533,0.635469) (0.211268,-0.66297) 0.20572 (1.62571,0.160492) (-0.122705,0.142524) 0.191465
4.25 (2.74387,2.29616) (0.706227,0.708071) 0.247863 (3.63341,3.18798) 1.81156 0.786702 (1.23658,0.646671) (-0.9231,-0.384545) 0.227023 (3.20494,0.51117) (0.158447,-0.497195) 0.20572 (1.60268,0.187201) (-0.092108,0.106835) 0.191465
4.5 (2.92041,2.47316) (0.706145,0.707978) 0.247863 (3.63341,3.18798) 1.81156 0.786695 (1.00582,0.550522) (-0.923056,-0.384597) 0.227023 (3.23467,0.417927) (0.118898,-0.372974) 0.20572 (1.58543,0.207259) (-0.0689983,0.0802338) 0.191465
4.75 (3.09696,2.65016) (0.706203,0.707999) 0.247863 (3.63341,3.18798) 1.81156 0.786668 (0.775024,0.454393) (-0.923178,-0.384513) 0.227023 (3.25696,0.347994) (0.089157,-0.27973) 0.20572 (1.57249,0.222291) (-0.0517688,0.0601264) 0.191465
5 (3.23109,2.78462) (0.536526,0.53786) 0.247863 (3.63341,3.18798) 1.81156 0.78664 (0.58126,0.373681) (-0.775054,-0.322851) 0.227023 (3.27366,0.295565) (0.06682,-0.209716) 0.20572 (1.56278,0.23356) (-0.0388163,0.0450749) 0.191465
