timestamp position0 velocity0 radius0 goal pref_speed theta position1 velocity1 radius1
0 (0.372777,2.89473) (0,0) 0.215891 (3.63341,0.45865) 1.20273 0 (3.71005,0.235834) (0,0) 0.202213
0.25 (0.452866,2.84083) (0.320355,-0.215577) 0.215891 (3.63341,0.45865) 1.20273 -0.592328 (3.62127,0.278822) (-0.35511,0.171955) 0.202213
0.5 (0.667843,2.73547) (0.859907,-0.421453) 0.215891 (3.63341,0.45865) 1.20273 -0.455708 (3.39845,0.372999) (-0.891303,0.376706) 0.202213
0.75 (0.8704,2.58947) (0.810231,-0.584018) 0.215891 (3.63341,0.45865) 1.20273 -0.624553 (3.18787,0.507934) (-0.842317,0.539741) 0.202213
1 (1.07291,2.44349) (0.810047,-0.583893) 0.215891 (3.63341,0.45865) 1.20273 -0.624559 (2.9773,0.642866) (-0.842299,0.539728) 0.202213
1.25 (1.27539,2.29754) (0.809929,-0.583813) 0.215891 (3.63341,0.45865) 1.20273 -0.624563 (2.76672,0.777797) (-0.842291,0.539724) 0.202213
1.5 (1.47785,2.15161) (0.809816,-0.583736) 0.215891 (3.63341,0.45865) 1.20273 -0.624567 (2.55617,0.912712) (-0.842199,0.539661) 0.202213
1.75 (1.68027,2.0057) (0.809669,-0.583636) 0.215891 (3.63341,0.45865) 1.20273 -0.624571 (2.34562,1.04763) (-0.842205,0.539665) 0.202213
2 (1.88261,1.85984) (0.809365,-0.583429) 0.215891 (3.63341,0.45865) 1.20273 -0.624582 (2.13509,1.18253) (-0.842146,0.539625) 0.202213
2.25 (2.08487,1.71403) (0.809064,-0.583225) 0.215891 (3.63341,0.45865) 1.20273 -0.624592 (1.92455,1.31744) (-0.842128,0.539613) 0.202213
2.5 (2.28703,1.5683) (0.808617,-0.582919) 0.215891 (3.63341,0.45865) 1.20273 -0.624605 (1.71404,1.45233) (-0.842062,0.539566) 0.202213
2.75 (2.47994,1.40931) (0.771639,-0.635974) 0.215891 (3.63341,0.45865) 1.20273 -0.689315 (1.51178,1.59924) (-0.809028,0.587655) 0.202213
3 (2.67286,1.25031) (0.771685,-0.636004) 0.215891 (3.63341,0.45865) 1.20273 -0.689309 (1.30951,1.74617) (-0.809102,0.587717) 0.202213
3.25 (2.86578,1.09129) (0.771685,-0.63606) 0.215891 (3.63341,0.45865) 1.20273 -0.689352 (1.10722,1.89309) (-0.809122,0.587667) 0.202213
3.5 (3.05769,0.933136) (0.767641,-0.632634) 0.215891 (3.63341,0.45865) 1.20273 -0.68928 (0.904939,2.04002) (-0.809143,0.587743) 0.202213
3.75 (3.20162,0.814519) (0.575717,-0.474467) 0.215891 (3.63341,0.45865) 1.20273 -0.689284 (0.702651,2.18695) (-0.809153,0.587708) 0.202213
