timestamp position0 velocity0 radius0 goal pref_speed theta position1 velocity1 radius1 position2 velocity2 radius2 position3 velocity3 radius3
0 (0.0617473,0.786237) (0,0) 0.188461 (3.63341,3.18798) 1.01739 0 (2.93273,3.47686) (0,0) 0.224066 (2.13412,0.0971696) (0,0) 0.178217 (2.34828,3.54194) (0,0) 0.184568
0.25 (0.126428,0.836774) (0.258722,0.202149) 0.188461 (3.63341,3.18798) 1.01739 0.663257 (2.91978,3.40104) (-0.0518226,-0.303258) 0.224066 (2.38397,0.105818) (0.999413,0.0345939) 0.178217 (2.31331,3.46675) (-0.139872,-0.300764) 0.184568
0.5 (0.186369,0.88807) (0.239766,0.205184) 0.188461 (3.63341,3.18798) 1.01739 0.707832 (2.8893,3.21866) (-0.121932,-0.72954) 0.224066 (2.61895,0.113942) (0.939914,0.0324974) 0.178217 (2.2931,3.37397) (-0.0808487,-0.371121) 0.184568
0.75 (0.337792,1.06454) (0.605692,0.70588) 0.188461 (3.63341,3.18798) 1.01739 0.861638 (2.76075,2.99726) (-0.5142,-0.88559) 0.224066 (2.79517,0.120043) (0.704896,0.0244007) 0.178217 (2.21822,3.21121) (-0.299502,-0.651049) 0.184568
1 (0.488345,1.23971) (0.602209,0.70066) 0.188461 (3.63341,3.18798) 1.01739 0.860819 (2.60254,2.78125) (-0.632813,-0.864054) 0.224066 (2.92734,0.124587) (0.528688,0.0181797) 0.178217 (2.13626,3.02749) (-0.327839,-0.734844) 0.184568
1.25 (0.640789,1.41163) (0.60978,0.687701) 0.188461 (3.63341,3.18798) 1.01739 0.845382 (2.44347,2.56487) (-0.636289,-0.865526) 0.224066 (3.02647,0.128009) (0.396489,0.0136858) 0.178217 (2.05684,2.84486) (-0.317702,-0.73055) 0.184568
1.5 (0.794687,1.58041) (0.615592,0.675113) 0.188461 (3.63341,3.18798) 1.01739 0.83148 (2.28343,2.34807) (-0.640174,-0.867172) 0.224066 (3.10081,0.130591) (0.297371,0.0103283) 0.178217 (1.9802,2.6634) (-0.306557,-0.725828) 0.184568
1.75 (0.949897,1.74591) (0.620837,0.66199) 0.188461 (3.63341,3.18798) 1.01739 0.817467 (2.1223,2.13082) (-0.644524,-0.869015) 0.224066 (3.15657,0.132512) (0.223039,0.00768374) 0.178217 (1.9066,2.48323) (-0.294381,-0.720669) 0.184568
2 (1.10651,1.90777) (0.626467,0.647461) 0.188461 (3.63341,3.18798) 1.01739 0.801876 (1.95997,1.91306) (-0.649321,-0.871047) 0.224066 (3.1984,0.133953) (0.167306,0.00576245) 0.178217 (1.83638,2.30449) (-0.280891,-0.714954) 0.184568
2.25 (1.26515,2.06548) (0.634534,0.630836) 0.188461 (3.63341,3.18798) 1.01739 0.782476 (1.78414,1.70206) (-0.703318,-0.843996) 0.224066 (3.22976,0.135035) (0.125459,0.00433083) 0.178217 (1.78611,2.12038) (-0.201073,-0.736478) 0.184568
2.5 (1.44474,2.2095) (0.718391,0.576058) 0.188461 (3.63341,3.18798) 1.01739 0.675882 (1.59313,1.52196) (-0.764015,-0.720397) 0.224066 (3.25327,0.135848) (0.0940505,0.00325199) 0.178217 (1.75928,1.90351) (-0.107343,-0.867476) 0.184568
2.75 (1.67297,2.31153) (0.912895,0.408145) 0.188461 (3.63341,3.18798) 1.01739 0.42043 (1.40477,1.35758) (-0.753449,-0.657525) 0.224066 (3.27094,0.136451) (0.0706806,0.00241309) 0.178217 (1.72512,1.65585) (-0.13662,-0.990624) 0.184568
3 (1.90119,2.41355) (0.912901,0.408088) 0.188461 (3.63341,3.18798) 1.01739 0.420376 (1.21643,1.19318) (-0.753357,-0.657587) 0.224066 (3.28416,0.136922) (0.0528582,0.00188047) 0.178217 (1.69098,1.40819) (-0.136565,-0.990631) 0.184568
3.25 (2.12941,2.5156) (0.912849,0.408205) 0.188461 (3.63341,3.18798) 1.01739 0.420504 (1.02808,1.02879) (-0.753408,-0.657557) 0.224066 (3.29409,0.137265) (0.0397109,0.00137456) 0.178217 (1.65683,1.16052) (-0.136589,-0.990703) 0.184568
3.5 (2.35764,2.61763) (0.912932,0.40809) 0.188461 (3.63341,3.18798) 1.01739 0.420365 (0.839724,0.864409) (-0.753422,-0.657535) 0.224066 (3.30153,0.137523) (0.0297765,0.00103287) 0.178217 (1.62604,0.93723) (-0.12316,-0.893146) 0.184568
3.75 (2.58586,2.71964) (0.912902,0.408065) 0.188461 (3.63341,3.18798) 1.01739 0.420354 (0.651383,0.70003) (-0.753363,-0.657518) 0.224066 (3.30713,0.137709) (0.0223853,0.000740305) 0.178217 (1.60293,0.769752) (-0.0924659,-0.669915) 0.184568
4 (2.81409,2.82168) (0.912912,0.408141) 0.188461 (3.63341,3.18798) 1.01739 0.42042 (0.488538,0.557916) (-0.65138,-0.568455) 0.224066 (3.31131,0.137859) (0.0167345,0.000603718) 0.178217 (1.58562,0.644133) (-0.0692288,-0.502474) 0.184568
4.25 (3.01892,2.91326) (0.819314,0.36631) 0.188461 (3.63341,3.18798) 1.01739 0.420434 (0.366421,0.451326) (-0.488468,-0.42636) 0.224066 (3.31443,0.137959) (0.0124943,0.000397813) 0.178217 (1.57262,0.54994) (-0.0519923,-0.376772) 0.184568
4.5 (3.17256,2.98193) (0.614564,0.274677) 0.188461 (3.63341,3.18798) 1.01739 0.420311 (0.274821,0.371381) (-0.366398,-0.31978) 0.224066 (3.3168,0.138032) (0.00945739,0.000290748) 0.178217 (1.56288,0.479297) (-0.0389507,-0.282574) 0.184568
