timestamp position0 velocity0 radius0 goal pref_speed theta position1 velocity1 radius1
0 (0.991771,3.54922) (0,0) 0.198837 (3.63341,0.45865) 0.802442 0 (2.67714,0.813381) (0,0) 0.169831
0.25 (1.06196,3.50893) (0.280737,-0.161163) 0.198837 (3.63341,0.45865) 0.802442 -0.521137 (2.5559,0.822221) (-0.484949,0.0353622) 0.169831
0.5 (1.19125,3.35554) (0.517197,-0.613531) 0.198837 (3.63341,0.45865) 0.802442 -0.87039 (2.37757,0.953053) (-0.713331,0.523325) 0.169831
0.75 (1.32057,3.20217) (0.517255,-0.613482) 0.198837 (3.63341,0.45865) 0.802442 -0.870295 (2.19924,1.08388) (-0.713344,0.523307) 0.169831
1 (1.44987,3.04879) (0.517205,-0.613524) 0.198837 (3.63341,0.45865) 0.802442 -0.870377 (2.0209,1.21471) (-0.713336,0.523318) 0.169831
1.25 (1.57917,2.89541) (0.517205,-0.613524) 0.198837 (3.63341,0.45865) 0.802442 -0.870376 (1.84257,1.34555) (-0.713315,0.523346) 0.169831
1.5 (1.70848,2.74203) (0.517228,-0.613505) 0.198837 (3.63341,0.45865) 0.802442 -0.870339 (1.66424,1.47637) (-0.713344,0.523308) 0.169831
1.75 (1.83779,2.58866) (0.51724,-0.613494) 0.198837 (3.63341,0.45865) 0.802442 -0.870319 (1.48591,1.60721) (-0.713319,0.523341) 0.169831
2 (1.96709,2.43528) (0.517201,-0.613528) 0.198837 (3.63341,0.45865) 0.802442 -0.870383 (1.30757,1.73803) (-0.713344,0.523306) 0.169831
2.25 (2.09639,2.2819) (0.517211,-0.613519) 0.198837 (3.63341,0.45865) 0.802442 -0.870367 (1.12923,1.86885) (-0.713363,0.523281) 0.169831
2.5 (2.22568,2.12851) (0.517172,-0.613552) 0.198837 (3.63341,0.45865) 0.802442 -0.870431 (0.950897,1.99968) (-0.713336,0.523318) 0.169831
2.75 (2.35498,1.97513) (0.517195,-0.613532) 0.198837 (3.63341,0.45865) 0.802442 -0.870392 (0.772569,2.13052) (-0.713315,0.523347) 0.169831
3 (2.48429,1.82175) (0.51722,-0.613511) 0.198837 (3.63341,0.45865) 0.802442 -0.870351 (0.594236,2.26135) (-0.713329,0.523328) 0.169831
3.25 (2.61359,1.66837) (0.517229,-0.613504) 0.198837 (3.63341,0.45865) 0.802442 -0.870337 (0.445672,2.37034) (-0.594259,0.435936) 0.169831
3.5 (2.7429,1.515) (0.517219,-0.613512) 0.198837 (3.63341,0.45865) 0.802442 -0.870353 (0.334252,2.45208) (-0.445678,0.326971) 0.169831
3.75 (2.87221,1.36162) (0.517223,-0.613509) 0.198837 (3.63341,0.45865) 0.802442 -0.870347 (0.250672,2.51338) (-0.33432,0.245187) 0.169831
4 (3.00151,1.20824) (0.517223,-0.613509) 0.198837 (3.63341,0.45865) 0.802442 -0.870347 (0.188027,2.55936) (-0.250578,0.183937) 0.169831
4.25 (3.13082,1.05487) (0.517241,-0.613494) 0.198837 (3.63341,0.45865) 0.802442 -0.870317 (0.141022,2.59387) (-0.188023,0.138041) 0.169831
4.5 (3.25647,0.905836) (0.502592,-0.596128) 0.198837 (3.63341,0.45865) 0.802442 -0.870326 (0.105775,2.61974) (-0.140986,0.10346) 0.169831
