timestamp position0 velocity0 radius0 goal pref_speed theta position1 velocity1 radius1 position2 velocity2 radius2 position3 velocity3 radius3
0 (0.457128,0.94785) (0,0) 0.16267 (3.63341,3.18798) 1.30107 0 (3.26204,3.06826) (0,0) 0.240328 (3.81961,0.186891) (0,0) 0.176801 (1.9865,3.07995) (0,0) 0.167462
0.25 (0.539408,0.959401) (0.32912,0.0462043) 0.16267 (3.63341,3.18798) 1.30107 0.139476 (3.23971,2.99983) (-0.089293,-0.273719) 0.240328 (3.73517,0.165801) (-0.337755,-0.0843574) 0.176801 (2.00175,2.99844) (0.0610069,-0.326045) 0.167462
0.5 (0.639389,0.955353) (0.399926,-0.0161889) 0.16267 (3.63341,3.18798) 1.30107 -0.0404576 (3.21762,2.92335) (-0.0883887,-0.305926) 0.240328 (3.63234,0.158914) (-0.411342,-0.0275478) 0.176801 (2.02057,2.91795) (0.0752956,-0.321937) 0.167462
0.75 (0.796375,0.939769) (0.627944,-0.0623366) 0.16267 (3.63341,3.18798) 1.30107 -0.0989469 (3.19689,2.84304) (-0.0829233,-0.321219) 0.240328 (3.55521,0.153757) (-0.308497,-0.0206298) 0.176801 (2.01406,2.81857) (-0.0260602,-0.397545) 0.167462
1 (1.04817,1.00153) (1.00717,0.247042) 0.16267 (3.63341,3.18798) 1.30107 0.240535 (3.16471,2.75296) (-0.128708,-0.360315) 0.240328 (3.49736,0.149891) (-0.231386,-0.0154649) 0.176801 (1.94713,2.69788) (-0.267725,-0.482752) 0.167462
1.25 (1.2951,1.07032) (0.987714,0.275175) 0.16267 (3.63341,3.18798) 1.30107 0.271708 (3.09099,2.65917) (-0.294888,-0.375153) 0.240328 (3.454,0.146993) (-0.173458,-0.0115927) 0.176801 (1.88392,2.46794) (-0.252815,-0.919772) 0.167462
1.5 (1.53374,1.15218) (0.954564,0.327437) 0.16267 (3.63341,3.18798) 1.30107 0.330445 (2.90814,2.5321) (-0.731393,-0.508291) 0.240328 (3.42145,0.144832) (-0.130184,-0.00864221) 0.176801 (1.84462,2.22103) (-0.157211,-0.987618) 0.167462
1.75 (1.75789,1.25787) (0.896596,0.422738) 0.16267 (3.63341,3.18798) 1.30107 0.440583 (2.71533,2.37297) (-0.771239,-0.636507) 0.240328 (3.39705,0.143199) (-0.0976155,-0.0065329) 0.176801 (1.80531,1.97414) (-0.157245,-0.987576) 0.167462
2 (1.9787,1.3666) (0.88324,0.43492) 0.16267 (3.63341,3.18798) 1.30107 0.45756 (2.52253,2.21384) (-0.771203,-0.63654) 0.240328 (3.37876,0.141982) (-0.0731721,-0.00486577) 0.176801 (1.76602,1.72724) (-0.157164,-0.987576) 0.167462
2.25 (2.19641,1.47729) (0.870856,0.44278) 0.16267 (3.63341,3.18798) 1.30107 0.470379 (2.32975,2.05468) (-0.771131,-0.636645) 0.240328 (3.36502,0.14105) (-0.0549417,-0.00372984) 0.176801 (1.72672,1.48035) (-0.157188,-0.987556) 0.167462
2.5 (2.41065,1.58991) (0.85695,0.450481) 0.16267 (3.63341,3.18798) 1.30107 0.483979 (2.13695,1.89555) (-0.771183,-0.636506) 0.240328 (3.35474,0.140354) (-0.0411413,-0.00278459) 0.176801 (1.68742,1.23345) (-0.157203,-0.987597) 0.167462
2.75 (2.58029,1.77491) (0.678573,0.739989) 0.16267 (3.63341,3.18798) 1.30107 0.828665 (1.94416,1.73639) (-0.771167,-0.636661) 0.240328 (3.34704,0.139837) (-0.0307968,-0.00206567) 0.176801 (1.64899,0.991949) (-0.153735,-0.966023) 0.167462
3 (2.72969,1.97535) (0.597612,0.801754) 0.16267 (3.63341,3.18798) 1.30107 0.930258 (1.75135,1.57724) (-0.771218,-0.636598) 0.240328 (3.34125,0.139427) (-0.0231587,-0.00164306) 0.176801 (1.62015,0.810802) (-0.115337,-0.724588) 0.167462
3.25 (2.8791,2.17581) (0.597609,0.801843) 0.16267 (3.63341,3.18798) 1.30107 0.930314 (1.55853,1.41808) (-0.771285,-0.636621) 0.240328 (3.33691,0.13915) (-0.017334,-0.00110637) 0.176801 (1.59853,0.674943) (-0.0864868,-0.543435) 0.167462
3.5 (3.02849,2.37629) (0.597573,0.801906) 0.16267 (3.63341,3.18798) 1.30107 0.930381 (1.36574,1.25895) (-0.771175,-0.636537) 0.240328 (3.33364,0.138942) (-0.0130914,-0.000832312) 0.176801 (1.58232,0.573048) (-0.0648325,-0.407579) 0.167462
3.75 (3.17787,2.57674) (0.597537,0.80182) 0.16267 (3.63341,3.18798) 1.30107 0.930358 (1.17293,1.09981) (-0.771256,-0.636564) 0.240328 (3.3312,0.138782) (-0.00976805,-0.000641023) 0.176801 (1.57017,0.496613) (-0.0486256,-0.305743) 0.167462
4 (3.29173,2.72955) (0.455435,0.611229) 0.16267 (3.63341,3.18798) 1.30107 0.930429 (0.980146,0.94064) (-0.771119,-0.636665) 0.240328 (3.32935,0.13868) (-0.0073857,-0.000406368) 0.176801 (1.56104,0.439308) (-0.0364944,-0.229219) 0.167462
4.25 (3.37716,2.84415) (0.341696,0.458411) 0.16267 (3.63341,3.18798) 1.30107 0.930251 (0.787367,0.781474) (-0.771113,-0.636666) 0.240328 (3.32798,0.138584) (-0.00548719,-0.000382168) 0.176801 (1.5542,0.396332) (-0.027366,-0.171906) 0.167462
