timestamp position0 velocity0 radius0 goal pref_speed theta position1 velocity1 radius1
0 (0.886726,0.196178) (0,0) 0.210241 (3.63341,3.18798) 1.54789 0 (2.74444,3.754) (0,0) 0.233868
0.25 (0.985303,0.245376) (0.39431,0.196793) 0.210241 (3.63341,3.18798) 1.54789 0.462912 (2.66626,3.69414) (-0.312693,-0.239409) 0.233868
0.5 (1.15255,0.431207) (0.669,0.743324) 0.210241 (3.63341,3.18798) 1.54789 0.837975 (2.51646,3.49398) (-0.599212,-0.800647) 0.233868
0.75 (1.31978,0.617038) (0.668927,0.743324) 0.210241 (3.63341,3.18798) 1.54789 0.83803 (2.36665,3.29384) (-0.599231,-0.800546) 0.233868
1 (1.48701,0.802882) (0.668884,0.743374) 0.210241 (3.63341,3.18798) 1.54789 0.838094 (2.21686,3.09369) (-0.599181,-0.80062) 0.233868
1.25 (1.65424,0.988705) (0.668932,0.743294) 0.210241 (3.63341,3.18798) 1.54789 0.838005 (2.06706,2.89354) (-0.599192,-0.800611) 0.233868
1.5 (1.82149,1.17455) (0.669007,0.743372) 0.210241 (3.63341,3.18798) 1.54789 0.838002 (1.91728,2.69338) (-0.599115,-0.800621) 0.233868
1.75 (1.98874,1.36038) (0.668998,0.743339) 0.210241 (3.63341,3.18798) 1.54789 0.837986 (1.76747,2.49323) (-0.599234,-0.800611) 0.233868
2 (2.15598,1.54621) (0.668962,0.743301) 0.210241 (3.63341,3.18798) 1.54789 0.837988 (1.61768,2.29307) (-0.599182,-0.800637) 0.233868
2.25 (2.3232,1.73204) (0.668897,0.743334) 0.210241 (3.63341,3.18798) 1.54789 0.838058 (1.46789,2.09291) (-0.599152,-0.800626) 0.233868
2.5 (2.49045,1.91787) (0.668972,0.743315) 0.210241 (3.63341,3.18798) 1.54789 0.83799 (1.31811,1.89278) (-0.59911,-0.800548) 0.233868
2.75 (2.65768,2.1037) (0.668935,0.743316) 0.210241 (3.63341,3.18798) 1.54789 0.838018 (1.16834,1.69262) (-0.5991,-0.800613) 0.233868
3 (2.82493,2.28954) (0.66901,0.743365) 0.210241 (3.63341,3.18798) 1.54789 0.837995 (1.01853,1.49246) (-0.59922,-0.800656) 0.233868
3.25 (2.99216,2.47538) (0.66892,0.743352) 0.210241 (3.63341,3.18798) 1.54789 0.838053 (0.868741,1.29229) (-0.599161,-0.800656) 0.233868
3.5 (3.15247,2.65352) (0.641216,0.712554) 0.210241 (3.63341,3.18798) 1.54789 0.838046 (0.718941,1.09214) (-0.599202,-0.800609) 0.233868
3.75 (3.27272,2.78712) (0.480995,0.534419) 0.210241 (3.63341,3.18798) 1.54789 0.837963 (0.569142,0.892) (-0.599195,-0.80057) 0.233868
