timestamp position0 velocity0 radius0 goal pref_speed theta position1 velocity1 radius1 position2 velocity2 radius2 position3 velocity3 radius3
0 (0.723836,0.519337) (0,0) 0.247612 (0.755605,3.18798) 1.48923 0 (0.490817,2.74213) (0,0) 0.177325 (2.79423,2.6682) (0,0) 0.159743 (1.9805,2.28633) (0,0) 0.208889
0.25 (0.732433,0.565737) (0.0343852,0.1856) 0.247612 (0.755605,3.18798) 1.48923 1.38761 (0.424381,2.68967) (-0.265746,-0.209854) 0.177325 (2.89837,2.47842) (0.416536,-0.759126) 0.159743 (2.03511,2.19498) (0.218422,-0.365394) 0.208889
0.5 (0.734632,0.815736) (0.00879567,0.999998) 0.247612 (0.755605,3.18798) 1.48923 1.562 (0.377098,2.44354) (-0.18913,-0.984491) 0.177325 (2.94311,2.23244) (0.178963,-0.983899) 0.159743 (1.97216,1.95303) (-0.251807,-0.967794) 0.208889
0.75 (0.736832,1.06571) (0.00880001,0.999904) 0.247612 (0.755605,3.18798) 1.48923 1.562 (0.336844,2.19681) (-0.161015,-0.986932) 0.177325 (2.98781,1.98648) (0.178814,-0.983861) 0.159743 (1.90921,1.71108) (-0.251779,-0.967798) 0.208889
1 (0.739038,1.3157) (0.00882362,0.999944) 0.247612 (0.755605,3.18798) 1.48923 1.56197 (0.296598,1.95006) (-0.160984,-0.98701) 0.177325 (3.03254,1.74051) (0.178916,-0.983877) 0.159743 (1.84626,1.46914) (-0.251799,-0.967762) 0.208889
1.25 (0.741255,1.56567) (0.00886756,0.999871) 0.247612 (0.755605,3.18798) 1.48923 1.56193 (0.256348,1.7033) (-0.161002,-0.987034) 0.177325 (3.07726,1.49454) (0.178868,-0.983873) 0.159743 (1.78334,1.22721) (-0.251681,-0.967725) 0.208889
1.5 (0.743466,1.81567) (0.008845,1.00003) 0.247612 (0.755605,3.18798) 1.48923 1.56195 (0.21613,1.45656) (-0.160871,-0.986957) 0.177325 (3.12198,1.24859) (0.178881,-0.983783) 0.159743 (1.72092,0.987275) (-0.249695,-0.95975) 0.208889
1.75 (0.745674,2.06566) (0.00883349,0.99996) 0.247612 (0.755605,3.18798) 1.48923 1.56196 (0.17587,1.20983) (-0.161042,-0.986922) 0.177325 (3.1667,1.00263) (0.178884,-0.983864) 0.159743 (1.6741,0.807296) (-0.187253,-0.719916) 0.208889
2 (0.747878,2.31566) (0.00881639,0.999973) 0.247612 (0.755605,3.18798) 1.48923 1.56198 (0.135623,0.963107) (-0.160988,-0.986887) 0.177325 (3.20599,0.786549) (0.157145,-0.86431) 0.159743 (1.63901,0.672319) (-0.140387,-0.539907) 0.208889
2.25 (0.749805,2.53374) (0.00770692,0.872321) 0.247612 (0.755605,3.18798) 1.48923 1.56196 (0.101737,0.755231) (-0.135541,-0.831505) 0.177325 (3.23546,0.624475) (0.117909,-0.648297) 0.159743 (1.61266,0.571096) (-0.105398,-0.404891) 0.208889
