timestamp position0 velocity0 radius0 goal pref_speed theta position1 velocity1 radius1 position2 velocity2 radius2 position3 velocity3 radius3
0 (0.54832,3.42319) (0,0) 0.245582 (3.63341,0.45865) 1.32462 0 (2.51362,0.6577) (0,0) 0.224994 (0.434222,1.96064) (0,0) 0.160903 (0.686084,3.01834) (0,0) 0.180708
0.25 (0.657057,3.46015) (0.434946,0.147863) 0.245582 (3.63341,0.45865) 1.32462 0.3277 (2.48597,0.710935) (-0.110615,0.21294) 0.224994 (0.477646,1.93257) (0.173697,-0.112266) 0.160903 (0.747724,2.9845) (0.246557,-0.135362) 0.180708
0.5 (0.876276,3.4194) (0.87688,-0.163012) 0.245582 (3.63341,0.45865) 1.32462 -0.183802 (2.44538,0.768552) (-0.162378,0.230472) 0.224994 (0.631107,1.75924) (0.613844,-0.693331) 0.160903 (0.83516,2.94512) (0.349746,-0.157496) 0.180708
0.75 (1.10557,3.33299) (0.917187,-0.345643) 0.245582 (3.63341,0.45865) 1.32462 -0.360393 (2.24908,0.923368) (-0.785166,0.61926) 0.224994 (0.816608,1.59538) (0.742004,-0.65544) 0.160903 (0.985267,2.82805) (0.600429,-0.468282) 0.180708
1 (1.32707,3.1957) (0.88598,-0.54915) 0.245582 (3.63341,0.45865) 1.32462 -0.554868 (2.0528,1.07819) (-0.785131,0.619276) 0.224994 (1.00341,1.43383) (0.74721,-0.646186) 0.160903 (1.12584,2.67619) (0.562301,-0.607462) 0.180708
1.25 (1.52314,3.02371) (0.784301,-0.687972) 0.245582 (3.63341,0.45865) 1.32462 -0.720063 (1.85651,1.23301) (-0.785163,0.619289) 0.224994 (1.19096,1.27418) (0.750193,-0.638613) 0.160903 (1.25158,2.51182) (0.502931,-0.657459) 0.180708
1.5 (1.69162,2.83404) (0.673916,-0.75868) 0.245582 (3.63341,0.45865) 1.32462 -0.844497 (1.66023,1.38783) (-0.785127,0.61929) 0.224994 (1.37913,1.11641) (0.752667,-0.631085) 0.160903 (1.36672,2.33988) (0.460592,-0.687784) 0.180708
1.75 (1.84985,2.64048) (0.632912,-0.774239) 0.245582 (3.63341,0.45865) 1.32462 -0.885498 (1.46394,1.54264) (-0.785167,0.619232) 0.224994 (1.57353,0.965606) (0.777621,-0.603205) 0.160903 (1.47167,2.16489) (0.419785,-0.699951) 0.180708
2 (2.00809,2.44693) (0.632941,-0.774197) 0.245582 (3.63341,0.45865) 1.32462 -0.885448 (1.26765,1.69746) (-0.785154,0.619291) 0.224994 (1.80449,0.849764) (0.923825,-0.463371) 0.160903 (1.56626,1.9875) (0.378376,-0.709577) 0.180708
2.25 (2.1663,2.25337) (0.63287,-0.774257) 0.245582 (3.63341,0.45865) 1.32462 -0.885541 (1.07137,1.85227) (-0.785133,0.619218) 0.224994 (2.03088,0.743725) (0.90557,-0.424155) 0.160903 (1.62824,1.79005) (0.247923,-0.789763) 0.180708
2.5 (2.32453,2.0598) (0.632916,-0.77425) 0.245582 (3.63341,0.45865) 1.32462 -0.885502 (0.875077,2.0071) (-0.785155,0.619325) 0.224994 (2.25729,0.637708) (0.90566,-0.424066) 0.160903 (1.61541,1.58351) (-0.0513419,-0.826169) 0.180708
2.75 (2.48274,1.86624) (0.632844,-0.774266) 0.245582 (3.63341,0.45865) 1.32462 -0.885567 (0.678789,2.1619) (-0.785151,0.619208) 0.224994 (2.48369,0.531703) (0.905594,-0.424021) 0.160903 (1.60257,1.37697) (-0.0513702,-0.826168) 0.180708
3 (2.64098,1.67269) (0.63295,-0.774207) 0.245582 (3.63341,0.45865) 1.32462 -0.885448 (0.509102,2.29575) (-0.678748,0.53539) 0.224994 (2.69375,0.433337) (0.840219,-0.393465) 0.160903 (1.58974,1.17043) (-0.051311,-0.826171) 0.180708
3.25 (2.7992,1.47913) (0.632897,-0.774236) 0.245582 (3.63341,0.45865) 1.32462 -0.885507 (0.381812,2.39614) (-0.509162,0.40156) 0.224994 (2.89556,0.346303) (0.807256,-0.348133) 0.160903 (1.57691,0.963885) (-0.0513272,-0.82617) 0.180708
3.5 (2.95745,1.28557) (0.632991,-0.774206) 0.245582 (3.63341,0.45865) 1.32462 -0.885415 (0.286361,2.47143) (-0.381805,0.301174) 0.224994 (3.09349,0.268103) (0.791708,-0.3128) 0.160903 (1.56611,0.789767) (-0.0431963,-0.696473) 0.180708
3.75 (3.11569,1.092) (0.632937,-0.774307) 0.245582 (3.63341,0.45865) 1.32462 -0.885521 (0.214767,2.5279) (-0.286375,0.225873) 0.224994 (3.2897,0.196656) (0.784847,-0.285789) 0.160903 (1.55801,0.659173) (-0.0323789,-0.522376) 0.180708
4 (3.2451,0.933655) (0.517652,-0.633372) 0.245582 (3.63341,0.45865) 1.32462 -0.885598 (0.161093,2.57026) (-0.214694,0.169438) 0.224994 (3.48524,0.130339) (0.782157,-0.26527) 0.160903 (1.55194,0.561212) (-0.024304,-0.391843) 0.180708
