timestamp position0 velocity0 radius0 goal pref_speed theta position1 velocity1 radius1 position2 velocity2 radius2 position3 velocity3 radius3
0 (-1.84738,0) (0,0) 0.46744 (4.51121,0) 1.84674 0 (-0.88339,0) (0,0) 0.595904 (-2.34738,1) (0,0) 1 (-0.847378,-1.5) (0,0) 1
0.25 (-2.1927,-0.306443) (-1.38128,-1.22577) 0.46744 (4.51121,0) 1.84674 -2.41577 (-0.634662,0.0537208) (0.99491,0.214883) 0.595904 (-2.41965,1.14455) (-0.289107,0.578214) 1 (-0.847186,-1.50799) (0.000766863,-0.0319423) 1
0.5 (-2.35641,-0.382191) (-0.654844,-0.302991) 0.46744 (4.51121,0) 1.84674 -2.70823 (-0.382495,0.0587953) (1.00867,0.0202977) 0.595904 (-2.31477,1.25695) (0.419531,0.449575) 1 (-0.839198,-1.50797) (0.0319515,4.74103e-05) 1
0.75 (-2.43589,-0.382442) (-0.317917,-0.00100589) 0.46744 (4.51121,0) 1.84674 -3.13843 (-0.132521,0.0557935) (0.999896,-0.012007) 0.595904 (-2.15621,1.28822) (0.634243,0.125101) 1 (-0.831211,-1.50796) (0.0319515,4.81437e-05) 1
1 (-2.4428,-0.328677) (-0.0276446,0.215061) 0.46744 (4.51121,0) 1.84674 1.69864 (0.117467,0.0527886) (0.999953,-0.0120195) 0.595904 (-1.99468,1.29335) (0.646137,0.0205265) 1 (-0.823223,-1.50795) (0.0319515,4.75335e-05) 1
1.25 (-2.391,-0.273942) (0.207211,0.218939) 0.46744 (4.51121,0) 1.84674 0.812911 (0.367454,0.0497775) (0.999948,-0.0120446) 0.595904 (-1.83314,1.29849) (0.646136,0.0205335) 1 (-0.815235,-1.50794) (0.0319515,4.58227e-05) 1
1.5 (-2.29577,-0.231322) (0.380902,0.170479) 0.46744 (4.51121,0) 1.84674 0.420829 (0.617445,0.0467596) (0.999964,-0.0120717) 0.595904 (-1.67161,1.30363) (0.646135,0.0205632) 1 (-0.807247,-1.50793) (0.0319515,4.69084e-05) 1
1.75 (-2.17344,-0.200284) (0.489324,0.124155) 0.46744 (4.51121,0) 1.84674 0.248484 (0.867422,0.0437611) (0.999908,-0.011994) 0.595904 (-1.51008,1.30876) (0.646136,0.0205347) 1 (-0.799259,-1.50791) (0.0319515,4.77822e-05) 1
2 (-2.03668,-0.175842) (0.547017,0.0977684) 0.46744 (4.51121,0) 1.84674 0.176863 (1.11741,0.0407464) (0.999945,-0.0120589) 0.595904 (-1.34854,1.31388) (0.646138,0.0204737) 1 (-0.791271,-1.5079) (0.0319515,4.98925e-05) 1
2.25 (-1.89133,-0.155098) (0.581406,0.082976) 0.46744 (4.51121,0) 1.84674 0.141759 (1.3674,0.0377506) (0.999968,-0.0119828) 0.595904 (-1.18701,1.31902) (0.646135,0.0205737) 1 (-0.783283,-1.50789) (0.0319515,4.76178e-05) 1
2.5 (-1.74046,-0.136431) (0.60349,0.074667) 0.46744 (4.51121,0) 1.84674 0.1231 (1.61738,0.034751) (0.999911,-0.0119986) 0.595904 (-1.02547,1.32415) (0.646137,0.0205192) 1 (-0.775296,-1.50788) (0.0319515,4.47177e-05) 1
2.75 (-1.58632,-0.118996) (0.616577,0.0697388) 0.46744 (4.51121,0) 1.84674 0.112628 (1.86737,0.0317524) (0.99996,-0.0119942) 0.595904 (-0.863939,1.32929) (0.646136,0.0205535) 1 (-0.767308,-1.50787) (0.0319515,4.52507e-05) 1
3 (-1.43038,-0.10234) (0.623739,0.0666251) 0.46744 (4.51121,0) 1.84674 0.106412 (2.11736,0.0287352) (0.999948,-0.0120689) 0.595904 (-0.702405,1.33442) (0.646137,0.0205212) 1 (-0.75932,-1.50786) (0.0319515,4.9635e-05) 1
3.25 (-1.27358,-0.0862148) (0.627218,0.0645004) 0.46744 (4.51121,0) 1.84674 0.102475 (2.36734,0.0257321) (0.999948,-0.0120124) 0.595904 (-0.54087,1.33955) (0.646137,0.0205259) 1 (-0.751332,-1.50784) (0.0319515,4.54774e-05) 1
3.5 (-1.11641,-0.070489) (0.628655,0.0629031) 0.46744 (4.51121,0) 1.84674 0.0997278 (2.61732,0.0227225) (0.999919,-0.0120385) 0.595904 (-0.379341,1.34484) (0.646116,0.0211512) 1 (-0.743344,-1.50783) (0.0319515,4.82137e-05) 1
3.75 (-0.959025,-0.0551027) (0.629555,0.0615452) 0.46744 (4.51121,0) 1.84674 0.0974501 (2.8673,0.0197235) (0.999925,-0.0119958) 0.595904 (-0.217819,1.35032) (0.646091,0.0219116) 1 (-0.735356,-1.50782) (0.0319515,4.57347e-05) 1
4 (-0.801197,-0.0401933) (0.631313,0.0596377) 0.46744 (4.51121,0) 1.84674 0.0941866 (3.11729,0.0167376) (0.999934,-0.0119438) 0.595904 (-0.056302,1.35598) (0.646066,0.0226367) 1 (-0.727368,-1.50781) (0.0319515,4.7377e-05) 1
4.25 (-0.632301,-0.0329319) (0.675582,0.0290455) 0.46744 (4.51121,0) 1.84674 0.0429669 (3.36727,0.0137394) (0.999922,-0.0119929) 0.595904 (0.105208,1.36181) (0.646042,0.0233228) 1 (-0.719381,-1.5078) (0.0319515,4.82257e-05) 1
4.5 (-0.392783,-0.0556007) (0.958071,-0.090675) 0.46744 (4.51121,0) 1.84674 -0.0943623 (3.61724,0.0107333) (0.999873,-0.0120244) 0.595904 (0.266738,1.36707) (0.64612,0.0210484) 1 (-0.711393,-1.50778) (0.0319515,4.71794e-05) 1
