timestamp position0 velocity0 radius0 goal pref_speed theta position1 velocity1 radius1
0 (0,-2.19368) (0,0) 0.577334 (0,4.51121) 1.9692 0 (0,-1.14898) (0,0) 0.523624
0.25 (-1.25736e-06,-2.22181) (-5.02944e-06,-0.11253) 0.577334 (0,4.51121) 1.9692 -1.57084 (-1.13781e-05,-0.898988) (-4.55123e-05,0.999989) 0.523624
0.5 (1.878e-06,-2.10533) (1.25414e-05,0.465916) 0.577334 (0,4.51121) 1.9692 1.57077 (-2.72456e-06,-0.648976) (3.46141e-05,1.00005) 0.523624
0.75 (5.91268e-07,-1.9132) (-5.14692e-06,0.768521) 0.577334 (0,4.51121) 1.9692 1.5708 (-1.47638e-05,-0.398978) (-4.81568e-05,0.999989) 0.523624
1 (2.01486e-05,-1.68181) (7.82295e-05,0.925582) 0.577334 (0,4.51121) 1.9692 1.57071 (-3.49837e-05,-0.148986) (-8.08796e-05,0.99997) 0.523624
1.25 (4.43589e-06,-1.43182) (-6.2851e-05,0.999941) 0.577334 (0,4.51121) 1.9692 1.57086 (-3.02504e-05,0.101019) (1.89329e-05,1.00002) 0.523624
1.5 (3.5322e-06,-1.18182) (-3.61477e-06,0.999987) 0.577334 (0,4.51121) 1.9692 1.5708 (-2.27626e-05,0.351022) (2.99515e-05,1.00001) 0.523624
1.75 (1.37326e-05,-0.931824) (4.08015e-05,1) 0.577334 (0,4.51121) 1.9692 1.57076 (-3.90162e-06,0.601025) (7.54438e-05,1.00001) 0.523624
2 (1.86488e-05,-0.681826) (1.96648e-05,0.999991) 0.577334 (0,4.51121) 1.9692 1.57078 (-3.12611e-07,0.851032) (1.4356e-05,1.00003) 0.523624
2.25 (3.01128e-05,-0.431837) (4.5856e-05,0.999958) 0.577334 (0,4.51121) 1.9692 1.57075 (9.69184e-06,1.10105) (4.00178e-05,1.00006) 0.523624
2.5 (2.12861e-05,-0.18183) (-3.53065e-05,1.00003) 0.577334 (0,4.51121) 1.9692 1.57083 (5.29301e-06,1.35105) (-1.75953e-05,1) 0.523624
2.75 (2.10622e-06,0.0681588) (-7.67197e-05,0.999956) 0.577334 (0,4.51121) 1.9692 1.57087 (-1.52839e-05,1.60103) (-8.23078e-05,0.999949) 0.523624
3 (-1.48799e-06,0.318157) (-1.43768e-05,0.999995) 0.577334 (0,4.51121) 1.9692 1.57081 (-3.80797e-06,1.85103) (4.59039e-05,0.999996) 0.523624
3.25 (7.47772e-06,0.568168) (3.58628e-05,1.00004) 0.577334 (0,4.51121) 1.9692 1.57076 (-3.61327e-06,2.10104) (7.78809e-07,1.00005) 0.523624
3.5 (-1.64127e-05,0.818174) (-9.55619e-05,1.00002) 0.577334 (0,4.51121) 1.9692 1.57089 (2.69824e-07,2.35105) (1.55324e-05,1.00001) 0.523624
3.75 (-2.19327e-05,1.06819) (-2.208e-05,1.00006) 0.577334 (0,4.51121) 1.9692 1.57082 (1.16267e-05,2.60106) (4.54276e-05,1.00005) 0.523624
4 (-3.48337e-05,1.31817) (-5.16038e-05,0.999944) 0.577334 (0,4.51121) 1.9692 1.57085 (1.02665e-05,2.85107) (-5.44076e-06,1.00005) 0.523624
4.25 (-3.60076e-05,1.56818) (-4.69546e-06,1.00001) 0.577334 (0,4.51121) 1.9692 1.5708 (3.0905e-05,3.10108) (8.2554e-05,1.00002) 0.523624
4.5 (-3.61274e-05,1.81818) (-4.79416e-07,1.00001) 0.577334 (0,4.51121) 1.9692 1.5708 (3.51304e-05,3.35107) (1.69016e-05,0.999987) 0.523624
4.75 (-1.77379e-05,2.0682) (7.35581e-05,1.00006) 0.577334 (0,4.51121) 1.9692 1.57072 (3.09539e-05,3.60107) (-1.67064e-05,1.00001) 0.523624
