timestamp position0 velocity0 radius0 goal pref_speed theta position1 velocity1 radius1
0 (-0.178502,0.56556) (0,0) 0.69746 (6.79915,0.175167) 1.84784 0 (3.20783,0.349311) (0,0) 0.483854
0.25 (-0.123191,0.564003) (0.221244,-0.00622999) 0.69746 (6.79915,0.175167) 1.84784 -0.0281515 (3.2643,0.346572) (0.225893,-0.0109536) 0.483854
0.5 (-0.0119805,0.559783) (0.444843,-0.0168785) 0.69746 (6.79915,0.175167) 1.84784 -0.0379245 (3.32077,0.34383) (0.225893,-0.0109699) 0.483854
0.75 (0.125886,0.554995) (0.551466,-0.0191514) 0.69746 (6.79915,0.175167) 1.84784 -0.0347143 (3.37725,0.34109) (0.225893,-0.0109597) 0.483854
1 (0.275236,0.551474) (0.597398,-0.0140824) 0.69746 (6.79915,0.175167) 1.84784 -0.0235686 (3.43372,0.338352) (0.225894,-0.0109503) 0.483854
1.25 (0.428556,0.551698) (0.61328,0.000893528) 0.69746 (6.79915,0.175167) 1.84784 0.00145696 (3.49019,0.335611) (0.225893,-0.0109671) 0.483854
1.5 (0.583292,0.560163) (0.618945,0.0338625) 0.69746 (6.79915,0.175167) 1.84784 0.0546555 (3.54637,0.329187) (0.224694,-0.025695) 0.483854
1.75 (0.747807,0.590019) (0.65806,0.119422) 0.69746 (6.79915,0.175167) 1.84784 0.179522 (3.60188,0.318485) (0.222071,-0.0428058) 0.483854
2 (0.953662,0.642844) (0.823421,0.211302) 0.69746 (6.79915,0.175167) 1.84784 0.251194 (3.65791,0.31087) (0.224098,-0.0304605) 0.483854
2.25 (1.1778,0.696989) (0.89655,0.216578) 0.69746 (6.79915,0.175167) 1.84784 0.237027 (3.71439,0.308277) (0.225921,-0.0103716) 0.483854
2.5 (1.40074,0.750727) (0.891747,0.214952) 0.69746 (6.79915,0.175167) 1.84784 0.236534 (3.77087,0.305684) (0.225921,-0.0103716) 0.483854
2.75 (1.62232,0.804008) (0.886351,0.213126) 0.69746 (6.79915,0.175167) 1.84784 0.235974 (3.82735,0.303092) (0.225921,-0.0103716) 0.483854
3 (1.84243,0.856788) (0.880413,0.211116) 0.69746 (6.79915,0.175167) 1.84784 0.235349 (3.88383,0.300499) (0.225921,-0.0103716) 0.483854
3.25 (2.06092,0.909022) (0.873972,0.208937) 0.69746 (6.79915,0.175167) 1.84784 0.234661 (3.94031,0.297906) (0.225921,-0.0103716) 0.483854
3.5 (2.27756,0.960629) (0.866565,0.20643) 0.69746 (6.79915,0.175167) 1.84784 0.233858 (3.99679,0.295313) (0.225921,-0.0103716) 0.483854
3.75 (2.49214,1.01154) (0.858333,0.203644) 0.69746 (6.79915,0.175167) 1.84784 0.232948 (4.05327,0.29272) (0.225921,-0.0103716) 0.483854
4 (2.70447,1.06169) (0.849285,0.200582) 0.69746 (6.79915,0.175167) 1.84784 0.231928 (4.10975,0.290127) (0.225921,-0.0103716) 0.483854
4.25 (2.91422,1.11096) (0.839023,0.19711) 0.69746 (6.79915,0.175167) 1.84784 0.230743 (4.16623,0.287534) (0.225921,-0.0103716) 0.483854
4.5 (3.12109,1.15926) (0.827463,0.193197) 0.69746 (6.79915,0.175167) 1.84784 0.229373 (4.22271,0.284941) (0.225921,-0.0103715) 0.483854
4.75 (3.32475,1.20648) (0.814662,0.188866) 0.69746 (6.79915,0.175167) 1.84784 0.227809 (4.27919,0.282348) (0.225921,-0.0103715) 0.483854
5 (3.52478,1.25246) (0.800118,0.183943) 0.69746 (6.79915,0.175167) 1.84784 0.225969 (4.33567,0.279756) (0.225921,-0.0103715) 0.483854
5.25 (3.72072,1.29707) (0.783742,0.178402) 0.69746 (6.79915,0.175167) 1.84784 0.223815 (4.39215,0.277163) (0.225921,-0.0103715) 0.483854
5.5 (3.91207,1.34012) (0.765422,0.172202) 0.69746 (6.79915,0.175167) 1.84784 0.221292 (4.44863,0.27457) (0.225921,-0.0103714) 0.483854
5.75 (4.09828,1.38142) (0.744823,0.165231) 0.69746 (6.79915,0.175167) 1.84784 0.218304 (4.50511,0.271977) (0.225921,-0.0103714) 0.483854
6 (4.27874,1.42079) (0.721858,0.157459) 0.69746 (6.79915,0.175167) 1.84784 0.214766 (4.56159,0.269384) (0.225921,-0.0103707) 0.483854
6.25 (4.4806,1.45224) (0.807415,0.125816) 0.69746 (6.79915,0.175167) 1.84784 0.154583 (4.61808,0.267006) (0.225959,-0.00951405) 0.483854
6.5 (4.70297,1.46439) (0.889486,0.0485713) 0.69746 (6.79915,0.175167) 1.84784 0.0545518 (4.67457,0.264627) (0.225959,-0.00951653) 0.483854
6.75 (4.93953,1.4495) (0.946246,-0.0595584) 0.69746 (6.79915,0.175167) 1.84784 -0.0628588 (4.73106,0.262248) (0.225959,-0.00951512) 0.483854
7 (5.18292,1.40283) (0.973543,-0.186645) 0.69746 (6.79915,0.175167) 1.84784 -0.189419 (4.78755,0.259869) (0.225959,-0.00951521) 0.483854
7.25 (5.42501,1.32194) (0.968385,-0.323593) 0.69746 (6.79915,0.175167) 1.84784 -0.322492 (4.84404,0.257489) (0.225958,-0.00952059) 0.483854
7.5 (5.65697,1.20669) (0.927817,-0.460986) 0.69746 (6.79915,0.175167) 1.84784 -0.461124 (4.90053,0.255112) (0.225959,-0.00950895) 0.483854
7.75 (5.86946,1.0601) (0.84999,-0.586362) 0.69746 (6.79915,0.175167) 1.84784 -0.603879 (4.95702,0.252732) (0.225958,-0.00951796) 0.483854
8 (6.05372,0.88937) (0.737004,-0.682916) 0.69746 (6.79915,0.175167) 1.84784 -0.747324 (5.01351,0.250358) (0.225959,-0.00949845) 0.483854
