timestamp position0 velocity0 radius0 goal pref_speed theta position1 velocity1 radius1
0 (-1.72357,-1.52299) (0,0) 0.175153 (2.53277,2.21896) 1.71217 0 (-0.821537,-0.580949) (0,0) 0.231305
0.25 (-1.69256,-1.5216) (0.124034,0.00553525) 0.175153 (2.53277,2.21896) 1.71217 0.0445974 (-0.752604,-0.523411) (0.275736,0.230152) 0.231305
0.5 (-1.61046,-1.48712) (0.328412,0.137945) 0.175153 (2.53277,2.21896) 1.71217 0.397658 (-0.683671,-0.465872) (0.27573,0.230158) 0.231305
0.75 (-1.47836,-1.44165) (0.528374,0.181845) 0.175153 (2.53277,2.21896) 1.71217 0.331462 (-0.614738,-0.408333) (0.275733,0.230155) 0.231305
1 (-1.27024,-1.34801) (0.832479,0.374575) 0.175153 (2.53277,2.21896) 1.71217 0.422813 (-0.545805,-0.350794) (0.275733,0.230155) 0.231305
1.25 (-1.05744,-1.2209) (0.851207,0.508461) 0.175153 (2.53277,2.21896) 1.71217 0.538463 (-0.476872,-0.293254) (0.275728,0.23016) 0.231305
1.5 (-0.852318,-1.08161) (0.820499,0.557128) 0.175153 (2.53277,2.21896) 1.71217 0.5965 (-0.407943,-0.235711) (0.275718,0.230172) 0.231305
1.75 (-0.651974,-0.935295) (0.801377,0.585274) 0.175153 (2.53277,2.21896) 1.71217 0.630796 (-0.339015,-0.178166) (0.275713,0.230179) 0.231305
2 (-0.454674,-0.78476) (0.789196,0.602139) 0.175153 (2.53277,2.21896) 1.71217 0.651755 (-0.27008,-0.120629) (0.275737,0.23015) 0.231305
2.25 (-0.259367,-0.631549) (0.781231,0.612846) 0.175153 (2.53277,2.21896) 1.71217 0.665195 (-0.201148,-0.0630882) (0.275727,0.230162) 0.231305
2.5 (-0.065502,-0.476507) (0.775459,0.620167) 0.175153 (2.53277,2.21896) 1.71217 0.674584 (-0.132216,-0.00554894) (0.275731,0.230157) 0.231305
2.75 (0.12721,-0.319931) (0.770847,0.626304) 0.175153 (2.53277,2.21896) 1.71217 0.682309 (-0.0632827,0.0519901) (0.275732,0.230156) 0.231305
3 (0.318541,-0.16112) (0.765323,0.635243) 0.175153 (2.53277,2.21896) 1.71217 0.692787 (0.00565153,0.109528) (0.275737,0.23015) 0.231305
3.25 (0.491292,0.0205138) (0.691006,0.726536) 0.175153 (2.53277,2.21896) 1.71217 0.810458 (0.0745817,0.16707) (0.275721,0.23017) 0.231305
3.5 (0.661408,0.203709) (0.680464,0.732782) 0.175153 (2.53277,2.21896) 1.71217 0.822401 (0.143514,0.22461) (0.275729,0.230159) 0.231305
3.75 (0.831522,0.386905) (0.680457,0.732783) 0.175153 (2.53277,2.21896) 1.71217 0.822407 (0.212444,0.282153) (0.275721,0.23017) 0.231305
4 (1.00164,0.570099) (0.680463,0.732777) 0.175153 (2.53277,2.21896) 1.71217 0.822398 (0.281372,0.339698) (0.275712,0.23018) 0.231305
4.25 (1.17175,0.753297) (0.68043,0.73279) 0.175153 (2.53277,2.21896) 1.71217 0.822432 (0.350301,0.397241) (0.275717,0.230174) 0.231305
4.5 (1.34186,0.936496) (0.680469,0.732798) 0.175153 (2.53277,2.21896) 1.71217 0.822408 (0.419229,0.454786) (0.275711,0.230181) 0.231305
4.75 (1.51199,1.11969) (0.68049,0.732775) 0.175153 (2.53277,2.21896) 1.71217 0.822377 (0.488163,0.512325) (0.275734,0.230154) 0.231305
5 (1.6821,1.30289) (0.680447,0.73278) 0.175153 (2.53277,2.21896) 1.71217 0.822412 (0.557096,0.569864) (0.275732,0.230156) 0.231305
5.25 (1.85222,1.48607) (0.680484,0.73275) 0.175153 (2.53277,2.21896) 1.71217 0.822365 (0.626027,0.627405) (0.275726,0.230163) 0.231305
5.5 (2.02233,1.66926) (0.680444,0.732731) 0.175153 (2.53277,2.21896) 1.71217 0.822381 (0.694965,0.684938) (0.275751,0.230134) 0.231305
5.75 (2.14995,1.80667) (0.510474,0.549644) 0.175153 (2.53277,2.21896) 1.71217 0.822329 (0.763893,0.742483) (0.275712,0.230181) 0.231305
6 (2.24565,1.90973) (0.382791,0.41227) 0.175153 (2.53277,2.21896) 1.71217 0.822459 (0.832825,0.800023) (0.275729,0.23016) 0.231305
