timestamp position0 velocity0 radius0 goal pref_speed theta position1 velocity1 radius1 position2 velocity2 radius2 position3 velocity3 radius3
0 (0.969127,-1.8823) (0,0) 0.218149 (0.766384,2.21896) 1.91059 0 (0.706747,-0.701262) (0,0) 0.202741 (-0.712632,2.49761) (0,0) 0.175142 (-0.449294,2.29383) (0,0) 0.177893
0.25 (1.00594,-1.85392) (0.147241,0.113529) 0.218149 (0.766384,2.21896) 1.91059 0.656831 (0.707217,-0.67824) (0.00187971,0.0920887) 0.202741 (-0.800072,2.401) (-0.349761,-0.386431) 0.175142 (-0.434196,2.22382) (0.0603917,-0.28002) 0.177893
0.5 (1.1081,-1.72607) (0.408658,0.511377) 0.218149 (0.766384,2.21896) 1.91059 0.896584 (0.707687,-0.655218) (0.00187898,0.0920887) 0.202741 (-0.833346,2.27501) (-0.133095,-0.503932) 0.175142 (-0.434961,2.10983) (-0.0030612,-0.455965) 0.177893
0.75 (1.16272,-1.47845) (0.218488,0.990485) 0.218149 (0.766384,2.21896) 1.91059 1.35369 (0.708158,-0.632195) (0.00188371,0.0920886) 0.202741 (-0.84888,2.14564) (-0.0621357,-0.517495) 0.175142 (-0.417193,1.9419) (0.0710739,-0.671735) 0.177893
1 (1.18573,-1.22792) (0.0920248,1.00214) 0.218149 (0.766384,2.21896) 1.91059 1.47922 (0.708627,-0.609173) (0.00187718,0.0920888) 0.202741 (-0.85272,2.01539) (-0.0153631,-0.520985) 0.175142 (-0.389751,1.80481) (0.109768,-0.548354) 0.177893
1.25 (1.18739,-0.976936) (0.00665627,1.00393) 0.218149 (0.766384,2.21896) 1.91059 1.56417 (0.709098,-0.586151) (0.00188406,0.0920886) 0.202741 (-0.856555,1.88515) (-0.0153399,-0.520986) 0.175142 (-0.362929,1.70353) (0.107288,-0.405115) 0.177893
1.5 (1.17295,-0.726586) (-0.0577804,1.0014) 0.218149 (0.766384,2.21896) 1.91059 1.62843 (0.709569,-0.563129) (0.0018823,0.0920887) 0.202741 (-0.860399,1.7549) (-0.0153763,-0.520985) 0.175142 (-0.338737,1.62865) (0.0967645,-0.299547) 0.177893
1.75 (1.14293,-0.47806) (-0.120069,0.994104) 0.218149 (0.766384,2.21896) 1.91059 1.691 (0.710037,-0.540107) (0.0018721,0.0920889) 0.202741 (-0.864253,1.62466) (-0.015414,-0.520984) 0.175142 (-0.297141,1.58067) (0.166387,-0.19189) 0.177893
2 (1.10836,-0.230457) (-0.138285,0.99041) 0.218149 (0.766384,2.21896) 1.91059 1.70952 (0.710507,-0.517084) (0.00188053,0.0920887) 0.202741 (-0.868098,1.49441) (-0.0153806,-0.520985) 0.175142 (-0.264118,1.54395) (0.132091,-0.146895) 0.177893
2.25 (1.07379,0.0171431) (-0.13828,0.990401) 0.218149 (0.766384,2.21896) 1.91059 1.70952 (0.710977,-0.494062) (0.00188265,0.0920887) 0.202741 (-0.871936,1.36416) (-0.0153506,-0.520986) 0.175142 (-0.239364,1.51642) (0.0990149,-0.110117) 0.177893
2.5 (1.03924,0.264728) (-0.138218,0.990341) 0.218149 (0.766384,2.21896) 1.91059 1.70947 (0.711446,-0.47104) (0.00187534,0.0920888) 0.202741 (-0.875777,1.23392) (-0.0153638,-0.520985) 0.175142 (-0.220773,1.49579) (0.0743649,-0.0825321) 0.177893
2.75 (1.00465,0.512338) (-0.138331,0.990439) 0.218149 (0.766384,2.21896) 1.91059 1.70956 (0.711917,-0.448018) (0.00188121,0.0920887) 0.202741 (-0.879619,1.10367) (-0.0153705,-0.520985) 0.175142 (-0.206838,1.4803) (0.055739,-0.0619467) 0.177893
3 (0.970066,0.759952) (-0.138349,0.990456) 0.218149 (0.766384,2.21896) 1.91059 1.70958 (0.712386,-0.424996) (0.00187647,0.0920888) 0.202741 (-0.882976,0.989874) (-0.0134269,-0.45519) 0.175142 (-0.196373,1.46868) (0.0418607,-0.0464985) 0.177893
3.25 (0.935498,1.00755) (-0.138269,0.990399) 0.218149 (0.766384,2.21896) 1.91059 1.70951 (0.712855,-0.401973) (0.00187629,0.0920888) 0.202741 (-0.885513,0.904534) (-0.0101482,-0.341357) 0.175142 (-0.188538,1.45995) (0.0313398,-0.0349056) 0.177893
3.5 (0.900932,1.25515) (-0.138266,0.99041) 0.218149 (0.766384,2.21896) 1.91059 1.7095 (0.713325,-0.378951) (0.00188135,0.0920887) 0.202741 (-0.887394,0.840524) (-0.00752332,-0.25604) 0.175142 (-0.182659,1.45345) (0.0235172,-0.02599) 0.177893
3.75 (0.867297,1.4961) (-0.134538,0.963788) 0.218149 (0.766384,2.21896) 1.91059 1.70949 (0.713796,-0.355929) (0.001882,0.0920887) 0.202741 (-0.888822,0.792531) (-0.00571328,-0.191974) 0.175142 (-0.178265,1.44856) (0.0175764,-0.0195671) 0.177893
4 (0.842061,1.67682) (-0.100947,0.722873) 0.218149 (0.766384,2.21896) 1.91059 1.70955 (0.714265,-0.332907) (0.00187661,0.0920888) 0.202741 (-0.889889,0.756525) (-0.00426784,-0.144023) 0.175142 (-0.174968,1.44486) (0.013189,-0.0147841) 0.177893
