timestamp position0 velocity0 radius0 goal pref_speed theta position1 velocity1 radius1
0 (0.920788,-1.81572) (0,0) 0.237188 (0.766384,2.21896) 1.87912 0 (0.711945,-0.836386) (0,0) 0.23366
0.25 (0.95982,-1.79383) (0.156127,0.0875373) 0.237188 (0.766384,2.21896) 1.87912 0.511007 (0.71319,-0.766418) (0.00497873,0.279872) 0.23366
0.5 (1.02991,-1.70712) (0.280365,0.346842) 0.237188 (0.766384,2.21896) 1.87912 0.890992 (0.714435,-0.69645) (0.00498123,0.279872) 0.23366
0.75 (1.11273,-1.49743) (0.331276,0.838758) 0.237188 (0.766384,2.21896) 1.87912 1.19464 (0.71568,-0.626482) (0.00497891,0.279872) 0.23366
1 (1.16367,-1.25494) (0.203757,0.96997) 0.237188 (0.766384,2.21896) 1.87912 1.36374 (0.716928,-0.556514) (0.00499211,0.279872) 0.23366
1.25 (1.19291,-1.00859) (0.116965,0.985393) 0.237188 (0.766384,2.21896) 1.87912 1.45265 (0.718175,-0.486546) (0.00498742,0.279872) 0.23366
1.5 (1.20749,-0.760388) (0.0583031,0.992824) 0.237188 (0.766384,2.21896) 1.87912 1.51214 (0.719424,-0.416578) (0.0049981,0.279872) 0.23366
1.75 (1.21103,-0.511118) (0.0141696,0.99708) 0.237188 (0.766384,2.21896) 1.87912 1.55659 (0.720671,-0.34661) (0.00498659,0.279872) 0.23366
2 (1.20406,-0.260919) (-0.0278666,1.0008) 0.237188 (0.766384,2.21896) 1.87912 1.59863 (0.721916,-0.276642) (0.00498198,0.279872) 0.23366
2.25 (1.17789,-0.0102775) (-0.104668,1.00257) 0.237188 (0.766384,2.21896) 1.87912 1.67482 (0.723165,-0.206674) (0.00499479,0.279872) 0.23366
2.5 (1.13252,0.235582) (-0.181502,0.983439) 0.237188 (0.766384,2.21896) 1.87912 1.7533 (0.724414,-0.136706) (0.00499547,0.279872) 0.23366
2.75 (1.08713,0.481441) (-0.181548,0.983434) 0.237188 (0.766384,2.21896) 1.87912 1.75335 (0.725663,-0.0667382) (0.0049974,0.279872) 0.23366
3 (1.04175,0.727279) (-0.181539,0.983352) 0.237188 (0.766384,2.21896) 1.87912 1.75335 (0.726911,0.0032298) (0.00499196,0.279872) 0.23366
3.25 (0.996365,0.973125) (-0.181529,0.983386) 0.237188 (0.766384,2.21896) 1.87912 1.75334 (0.728161,0.0731978) (0.00499772,0.279872) 0.23366
3.5 (0.950994,1.21898) (-0.181485,0.983404) 0.237188 (0.766384,2.21896) 1.87912 1.75329 (0.729409,0.143166) (0.00499101,0.279872) 0.23366
3.75 (0.905608,1.46482) (-0.181543,0.983391) 0.237188 (0.766384,2.21896) 1.87912 1.75335 (0.730654,0.213134) (0.0049794,0.279872) 0.23366
4 (0.870796,1.65336) (-0.139251,0.754136) 0.237188 (0.766384,2.21896) 1.87912 1.75339 (0.731899,0.283102) (0.00498306,0.279872) 0.23366
