timestamp position0 velocity0 radius0 goal pref_speed theta position1 velocity1 radius1 position2 velocity2 radius2
0 (-1.63707,1.81854) (0,0) 0.156091 (2.53277,-2.78104) 1.81616 0 (-0.810061,0.810917) (0,0) 0.188247 (0.99552,-0.291183) (0,0) 0.152282
0.25 (-1.61236,1.80779) (0.0988112,-0.0429928) 0.156091 (2.53277,-2.78104) 1.81616 -0.410395 (-0.794629,0.794338) (0.0617261,-0.0663181) 0.188247 (0.91187,-0.343063) (-0.334602,-0.207523) 0.152282
0.5 (-1.54172,1.79552) (0.282585,-0.0490965) 0.156091 (2.53277,-2.78104) 1.81616 -0.172023 (-0.779198,0.777757) (0.0617226,-0.0663213) 0.188247 (0.814084,-0.35433) (-0.391144,-0.0450646) 0.152282
0.75 (-1.34056,1.7216) (0.80464,-0.295664) 0.156091 (2.53277,-2.78104) 1.81616 -0.352134 (-0.763767,0.761177) (0.061724,-0.0663201) 0.188247 (0.715705,-0.357591) (-0.393515,-0.013044) 0.152282
1 (-1.12971,1.58685) (0.843391,-0.538999) 0.156091 (2.53277,-2.78104) 1.81616 -0.568664 (-0.748337,0.744596) (0.0617203,-0.0663235) 0.188247 (0.617327,-0.360861) (-0.393514,-0.0130802) 0.152282
1.25 (-0.933909,1.43199) (0.783203,-0.619448) 0.156091 (2.53277,-2.78104) 1.81616 -0.669177 (-0.732908,0.728015) (0.0617195,-0.0663243) 0.188247 (0.518948,-0.364127) (-0.393514,-0.0130658) 0.152282
1.5 (-0.748987,1.26412) (0.739689,-0.671481) 0.156091 (2.53277,-2.78104) 1.81616 -0.737102 (-0.717476,0.711436) (0.061725,-0.0663192) 0.188247 (0.42057,-0.367398) (-0.393514,-0.0130848) 0.152282
1.75 (-0.572789,1.08665) (0.704793,-0.709877) 0.156091 (2.53277,-2.78104) 1.81616 -0.788992 (-0.702046,0.694855) (0.061722,-0.066322) 0.188247 (0.322191,-0.370664) (-0.393515,-0.0130641) 0.152282
2 (-0.405992,0.899806) (0.667187,-0.747376) 0.156091 (2.53277,-2.78104) 1.81616 -0.842026 (-0.686614,0.678275) (0.0617254,-0.0663188) 0.188247 (0.223812,-0.37393) (-0.393515,-0.0130637) 0.152282
2.25 (-0.250008,0.704426) (0.623937,-0.781519) 0.156091 (2.53277,-2.78104) 1.81616 -0.897054 (-0.671184,0.661695) (0.0617205,-0.0663233) 0.188247 (0.125434,-0.377195) (-0.393515,-0.0130578) 0.152282
2.5 (-0.0940228,0.509059) (0.623941,-0.781469) 0.156091 (2.53277,-2.78104) 1.81616 -0.897019 (-0.655755,0.645113) (0.0617176,-0.066326) 0.188247 (0.0270548,-0.380455) (-0.393515,-0.0130397) 0.152282
2.75 (0.0619686,0.313688) (0.623965,-0.781484) 0.156091 (2.53277,-2.78104) 1.81616 -0.897009 (-0.640324,0.628533) (0.0617233,-0.0663208) 0.188247 (-0.0713236,-0.383727) (-0.393514,-0.0130901) 0.152282
3 (0.217948,0.11832) (0.623919,-0.78147) 0.156091 (2.53277,-2.78104) 1.81616 -0.897037 (-0.624895,0.611952) (0.061718,-0.0663256) 0.188247 (-0.169702,-0.386993) (-0.393514,-0.0130648) 0.152282
3.25 (0.373926,-0.0770535) (0.623911,-0.781495) 0.156091 (2.53277,-2.78104) 1.81616 -0.897059 (-0.609465,0.59537) (0.0617174,-0.0663262) 0.188247 (-0.268081,-0.390261) (-0.393514,-0.0130694) 0.152282
3.5 (0.529896,-0.272426) (0.623879,-0.781492) 0.156091 (2.53277,-2.78104) 1.81616 -0.897082 (-0.594034,0.57879) (0.0617229,-0.0663211) 0.188247 (-0.36646,-0.39352) (-0.393515,-0.0130381) 0.152282
3.75 (0.685877,-0.467796) (0.623925,-0.781477) 0.156091 (2.53277,-2.78104) 1.81616 -0.897037 (-0.578604,0.562209) (0.0617215,-0.0663224) 0.188247 (-0.464838,-0.396786) (-0.393515,-0.013062) 0.152282
4 (0.841881,-0.663162) (0.624016,-0.781463) 0.156091 (2.53277,-2.78104) 1.81616 -0.896957 (-0.563173,0.545629) (0.0617249,-0.0663192) 0.188247 (-0.563217,-0.400056) (-0.393514,-0.0130815) 0.152282
4.25 (0.997875,-0.858542) (0.623978,-0.78152) 0.156091 (2.53277,-2.78104) 1.81616 -0.897022 (-0.547742,0.52905) (0.0617251,-0.066319) 0.188247 (-0.661595,-0.40332) (-0.393515,-0.0130576) 0.152282
4.5 (1.15387,-1.05393) (0.623985,-0.781544) 0.156091 (2.53277,-2.78104) 1.81616 -0.897032 (-0.532311,0.512469) (0.0617221,-0.0663218) 0.188247 (-0.759974,-0.406579) (-0.393516,-0.0130332) 0.152282
4.75 (1.30984,-1.24931) (0.623885,-0.781526) 0.156091 (2.53277,-2.78104) 1.81616 -0.897098 (-0.516882,0.495887) (0.061716,-0.0663275) 0.188247 (-0.858353,-0.409845) (-0.393514,-0.0130659) 0.152282
5 (1.46584,-1.44466) (0.623982,-0.781415) 0.156091 (2.53277,-2.78104) 1.81616 -0.896953 (-0.501451,0.479307) (0.0617236,-0.0663204) 0.188247 (-0.956731,-0.413116) (-0.393514,-0.0130829) 0.152282
5.25 (1.62181,-1.64004) (0.623886,-0.781524) 0.156091 (2.53277,-2.78104) 1.81616 -0.897097 (-0.486021,0.462727) (0.0617217,-0.0663222) 0.188247 (-1.05511,-0.416383) (-0.393514,-0.0130673) 0.152282
5.5 (1.7778,-1.83541) (0.623952,-0.781449) 0.156091 (2.53277,-2.78104) 1.81616 -0.896998 (-0.470591,0.446146) (0.0617208,-0.066323) 0.188247 (-1.15349,-0.419654) (-0.393514,-0.0130861) 0.152282
5.75 (1.93378,-2.03078) (0.623928,-0.781488) 0.156091 (2.53277,-2.78104) 1.81616 -0.897041 (-0.455161,0.429564) (0.0617183,-0.0663254) 0.188247 (-1.25187,-0.422921) (-0.393514,-0.0130662) 0.152282
6 (2.08354,-2.21833) (0.599053,-0.750218) 0.156091 (2.53277,-2.78104) 1.81616 -0.896967 (-0.43973,0.412984) (0.0617223,-0.0663217) 0.188247 (-1.35025,-0.426187) (-0.393514,-0.0130646) 0.152282
6.25 (2.19585,-2.35901) (0.449206,-0.562701) 0.156091 (2.53277,-2.78104) 1.81616 -0.897091 (-0.4243,0.396404) (0.0617222,-0.0663217) 0.188247 (-1.44862,-0.429454) (-0.393514,-0.0130683) 0.152282
6.5 (2.28006,-2.46453) (0.33684,-0.422069) 0.156091 (2.53277,-2.78104) 1.81616 -0.897234 (-0.408869,0.379824) (0.0617236,-0.0663205) 0.188247 (-1.547,-0.432712) (-0.393516,-0.0130297) 0.152282
