timestamp position0 velocity0 radius0 goal pref_speed theta position1 velocity1 radius1
0 (0.592706,-1.89547) (0,0) 0.221972 (0.766384,2.21896) 1.66335 0 (0.832418,-0.549574) (0,0) 0.227274
0.25 (0.563831,-1.86702) (-0.115497,0.113798) 0.221972 (0.766384,2.21896) 1.66335 2.3636 (0.83131,-0.503058) (-0.00443364,0.186063) 0.227274
0.5 (0.498345,-1.78061) (-0.261945,0.345636) 0.221972 (0.766384,2.21896) 1.66335 2.21931 (0.830201,-0.456543) (-0.00443455,0.186063) 0.227274
0.75 (0.422602,-1.56123) (-0.302973,0.877526) 0.221972 (0.766384,2.21896) 1.66335 1.90324 (0.829091,-0.410027) (-0.00443831,0.186063) 0.227274
1 (0.379927,-1.31472) (-0.170701,0.986059) 0.221972 (0.766384,2.21896) 1.66335 1.74221 (0.827982,-0.363511) (-0.00443613,0.186063) 0.227274
1.25 (0.357907,-1.06626) (-0.0880791,0.993816) 0.221972 (0.766384,2.21896) 1.66335 1.65919 (0.826876,-0.316995) (-0.00442538,0.186063) 0.227274
1.5 (0.348998,-0.817154) (-0.0356352,0.99643) 0.221972 (0.766384,2.21896) 1.66335 1.60654 (0.825763,-0.270479) (-0.00445292,0.186063) 0.227274
1.75 (0.348997,-0.5678) (-4.02173e-06,0.997418) 0.221972 (0.766384,2.21896) 1.66335 1.5708 (0.82465,-0.223964) (-0.0044535,0.186063) 0.227274
2 (0.355881,-0.318334) (0.0275379,0.997863) 0.221972 (0.766384,2.21896) 1.66335 1.54321 (0.823536,-0.177448) (-0.00445228,0.186063) 0.227274
2.25 (0.370058,-0.0686813) (0.0567051,0.99861) 0.221972 (0.766384,2.21896) 1.66335 1.51407 (0.822426,-0.130932) (-0.00444002,0.186063) 0.227274
2.5 (0.409187,0.178811) (0.156517,0.989969) 0.221972 (0.766384,2.21896) 1.66335 1.41399 (0.821318,-0.0844165) (-0.00443487,0.186063) 0.227274
2.75 (0.452286,0.425061) (0.172396,0.984999) 0.221972 (0.766384,2.21896) 1.66335 1.39753 (0.820207,-0.0379008) (-0.00444415,0.186063) 0.227274
3 (0.495415,0.67131) (0.172517,0.984999) 0.221972 (0.766384,2.21896) 1.66335 1.39741 (0.819096,0.00861496) (-0.00444229,0.186063) 0.227274
3.25 (0.538551,0.917554) (0.172545,0.984973) 0.221972 (0.766384,2.21896) 1.66335 1.39738 (0.817985,0.0551307) (-0.00444518,0.186063) 0.227274
3.5 (0.581661,1.16381) (0.172439,0.985019) 0.221972 (0.766384,2.21896) 1.66335 1.39749 (0.816878,0.101647) (-0.00442762,0.186063) 0.227274
3.75 (0.624772,1.41007) (0.172443,0.985033) 0.221972 (0.766384,2.21896) 1.66335 1.39749 (0.815769,0.148162) (-0.00443674,0.186063) 0.227274
4 (0.660181,1.61228) (0.141638,0.808855) 0.221972 (0.766384,2.21896) 1.66335 1.39745 (0.814659,0.194678) (-0.00443897,0.186063) 0.227274
