timestamp position0 velocity0 radius0 goal pref_speed theta position1 velocity1 radius1
0 (-1.61412,0.960165) (0,0) 0.21969 (2.53277,0.60948) 1.93212 0 (-0.508687,0.989228) (0,0) 0.191887
0.25 (-1.59605,0.933027) (0.0723018,-0.108551) 0.21969 (2.53277,0.60948) 1.93212 -0.983211 (-0.41832,0.977944) (0.361471,-0.0451353) 0.191887
0.5 (-1.51929,0.889712) (0.307034,-0.173259) 0.21969 (2.53277,0.60948) 1.93212 -0.513755 (-0.327952,0.96666) (0.36147,-0.0451364) 0.191887
0.75 (-1.39202,0.812574) (0.509065,-0.308555) 0.21969 (2.53277,0.60948) 1.93212 -0.544909 (-0.237584,0.955382) (0.361474,-0.0451109) 0.191887
1 (-1.16092,0.734585) (0.924423,-0.311954) 0.21969 (2.53277,0.60948) 1.93212 -0.325458 (-0.147217,0.944096) (0.361469,-0.045146) 0.191887
1.25 (-0.921983,0.673681) (0.955729,-0.243618) 0.21969 (2.53277,0.60948) 1.93212 -0.249587 (-0.0568489,0.932812) (0.361471,-0.0451341) 0.191887
1.5 (-0.680417,0.623418) (0.966265,-0.201052) 0.21969 (2.53277,0.60948) 1.93212 -0.205145 (0.0335194,0.921534) (0.361473,-0.0451134) 0.191887
1.75 (-0.437495,0.579803) (0.97169,-0.174457) 0.21969 (2.53277,0.60948) 1.93212 -0.177647 (0.123887,0.910251) (0.361471,-0.0451328) 0.191887
2 (-0.193895,0.540576) (0.974401,-0.156909) 0.21969 (2.53277,0.60948) 1.93212 -0.15966 (0.214255,0.898973) (0.361473,-0.0451124) 0.191887
2.25 (0.0500879,0.504532) (0.97593,-0.144176) 0.21969 (2.53277,0.60948) 1.93212 -0.146671 (0.304622,0.887682) (0.361467,-0.0451618) 0.191887
2.5 (0.294437,0.471289) (0.977398,-0.132973) 0.21969 (2.53277,0.60948) 1.93212 -0.135218 (0.39499,0.876397) (0.36147,-0.04514) 0.191887
2.75 (0.540628,0.443018) (0.98476,-0.113083) 0.21969 (2.53277,0.60948) 1.93212 -0.114332 (0.485357,0.86511) (0.361469,-0.0451481) 0.191887
3 (0.792393,0.457407) (1.00706,0.0575573) 0.21969 (2.53277,0.60948) 1.93212 0.0570917 (0.575724,0.853822) (0.361468,-0.0451514) 0.191887
3.25 (1.04145,0.479174) (0.996237,0.0870677) 0.21969 (2.53277,0.60948) 1.93212 0.087175 (0.666092,0.842537) (0.36147,-0.0451416) 0.191887
3.5 (1.2905,0.500937) (0.996185,0.0870524) 0.21969 (2.53277,0.60948) 1.93212 0.0871643 (0.75646,0.831258) (0.361473,-0.0451174) 0.191887
3.75 (1.53954,0.52269) (0.996177,0.087009) 0.21969 (2.53277,0.60948) 1.93212 0.0871218 (0.846828,0.819976) (0.361472,-0.0451265) 0.191887
4 (1.78785,0.544396) (0.99323,0.086826) 0.21969 (2.53277,0.60948) 1.93212 0.0871962 (0.937196,0.808697) (0.361473,-0.0451145) 0.191887
4.25 (1.97408,0.560675) (0.74493,0.0651148) 0.21969 (2.53277,0.60948) 1.93212 0.0871891 (1.02756,0.797422) (0.361475,-0.045102) 0.191887
