timestamp position0 velocity0 radius0 goal pref_speed theta position1 velocity1 radius1 position2 velocity2 radius2 position3 velocity3 radius3
0 (0.96079,-1.5107) (0,0) 0.199051 (0.766384,2.21896) 1.52288 0 (0.64827,-0.533301) (0,0) 0.172166 (0.650141,2.78032) (0,0) 0.205913 (-0.715688,-0.902356) (0,0) 0.211944
0.25 (1.01642,-1.47572) (0.222516,0.139908) 0.199051 (0.766384,2.21896) 1.52288 0.561295 (0.650177,-0.488868) (0.00762845,0.177734) 0.172166 (0.616956,2.73447) (-0.132739,-0.183378) 0.205913 (-0.714216,-0.809313) (0.00588806,0.372172) 0.211944
0.5 (1.11928,-1.32404) (0.411447,0.606753) 0.199051 (0.766384,2.21896) 1.52288 0.974912 (0.652085,-0.444434) (0.00763282,0.177734) 0.172166 (0.583771,2.68863) (-0.132738,-0.183379) 0.205913 (-0.742908,-0.672305) (-0.11477,0.548034) 0.211944
0.75 (1.15489,-1.06881) (0.14245,1.0209) 0.199051 (0.766384,2.21896) 1.52288 1.43216 (0.653993,-0.400001) (0.00763346,0.177734) 0.172166 (0.550582,2.64279) (-0.132758,-0.183365) 0.205913 (-0.739848,-0.49436) (0.0122413,0.711778) 0.211944
1 (1.1545,-0.815195) (-0.00156374,1.01446) 0.199051 (0.766384,2.21896) 1.52288 1.57234 (0.655898,-0.355567) (0.00762078,0.177735) 0.172166 (0.5174,2.59694) (-0.132727,-0.183387) 0.205913 (-0.72451,-0.317052) (0.0613496,0.709234) 0.211944
1.25 (1.12988,-0.565443) (-0.098472,0.999009) 0.199051 (0.766384,2.21896) 1.52288 1.66905 (0.657801,-0.311133) (0.00761041,0.177735) 0.172166 (0.484214,2.5511) (-0.132744,-0.183374) 0.205913 (-0.702673,-0.140426) (0.0873506,0.706504) 0.211944
1.5 (1.09753,-0.31755) (-0.129435,0.991571) 0.199051 (0.766384,2.21896) 1.52288 1.7006 (0.659707,-0.2667) (0.00762524,0.177734) 0.172166 (0.451026,2.50525) (-0.132753,-0.183368) 0.205913 (-0.677358,0.0357352) (0.10126,0.704644) 0.211944
1.75 (1.06516,-0.0696585) (-0.129468,0.991568) 0.199051 (0.766384,2.21896) 1.52288 1.70063 (0.661616,-0.222266) (0.00763632,0.177734) 0.172166 (0.417839,2.45941) (-0.132748,-0.183372) 0.205913 (-0.650164,0.211616) (0.108775,0.703524) 0.211944
2 (1.03281,0.178233) (-0.129401,0.991567) 0.199051 (0.766384,2.21896) 1.52288 1.70056 (0.663526,-0.177833) (0.00763825,0.177734) 0.172166 (0.38465,2.41357) (-0.132754,-0.183367) 0.205913 (-0.621945,0.387335) (0.112878,0.702877) 0.211944
2.25 (1.00044,0.426144) (-0.129453,0.991644) 0.199051 (0.766384,2.21896) 1.52288 1.70061 (0.665432,-0.133399) (0.00762561,0.177734) 0.172166 (0.351464,2.36773) (-0.132743,-0.183375) 0.205913 (-0.593161,0.562963) (0.115135,0.702511) 0.211944
2.5 (0.968084,0.674038) (-0.129444,0.991575) 0.199051 (0.766384,2.21896) 1.52288 1.70061 (0.667342,-0.0889656) (0.00763645,0.177734) 0.172166 (0.318281,2.32188) (-0.132735,-0.183381) 0.205913 (-0.564061,0.738539) (0.1164,0.702302) 0.211944
2.75 (0.935736,0.92193) (-0.129389,0.991567) 0.199051 (0.766384,2.21896) 1.52288 1.70055 (0.669249,-0.044532) (0.00763119,0.177734) 0.172166 (0.285094,2.27604) (-0.132745,-0.183374) 0.205913 (-0.534781,0.914084) (0.117119,0.702183) 0.211944
3 (0.903367,1.16985) (-0.129479,0.991674) 0.199051 (0.766384,2.21896) 1.52288 1.70063 (0.671155,-9.83961e-05) (0.00762333,0.177734) 0.172166 (0.251907,2.23019) (-0.132749,-0.183371) 0.205913 (-0.512672,1.06392) (0.0884355,0.599362) 0.211944
3.25 (0.87099,1.41774) (-0.129505,0.991556) 0.199051 (0.766384,2.21896) 1.52288 1.70067 (0.673061,0.0443352) (0.00762358,0.177734) 0.172166 (0.218722,2.18435) (-0.132738,-0.183379) 0.205913 (-0.500732,1.17765) (0.0477615,0.454881) 0.211944
3.5 (0.84483,1.61804) (-0.104643,0.801209) 0.199051 (0.766384,2.21896) 1.52288 1.70067 (0.674969,0.0887688) (0.00762984,0.177734) 0.172166 (0.185533,2.13851) (-0.132756,-0.183365) 0.205913 (-0.49643,1.26427) (0.0172085,0.346502) 0.211944
3.75 (0.82523,1.76826) (-0.0783992,0.600864) 0.199051 (0.766384,2.21896) 1.52288 1.70054 (0.676876,0.133202) (0.00762932,0.177734) 0.172166 (0.152349,2.09266) (-0.132736,-0.18338) 0.205913 (-0.497874,1.33055) (-0.00577652,0.265117) 0.211944
