timestamp position0 velocity0 radius0 goal pref_speed theta position1 velocity1 radius1
0 (0.930594,-1.51138) (0,0) 0.225317 (0.766384,2.21896) 1.79579 0 (0.72226,-0.982878) (0,0) 0.232289
0.25 (1.00528,-1.47897) (0.298759,0.129645) 0.225317 (0.766384,2.21896) 1.79579 0.409423 (0.722713,-0.949924) (0.00181173,0.131819) 0.232289
0.5 (1.10982,-1.2773) (0.418164,0.806684) 0.225317 (0.766384,2.21896) 1.79579 1.09256 (0.723168,-0.916969) (0.00182351,0.131819) 0.232289
0.75 (1.18719,-1.05192) (0.309455,0.901528) 0.225317 (0.766384,2.21896) 1.79579 1.24014 (0.723625,-0.884014) (0.00182499,0.131819) 0.232289
1 (1.22199,-0.801693) (0.139219,1.0009) 0.225317 (0.766384,2.21896) 1.79579 1.43259 (0.724078,-0.851059) (0.0018127,0.131819) 0.232289
1.25 (1.18469,-0.554493) (-0.1492,0.988801) 0.225317 (0.766384,2.21896) 1.79579 1.72056 (0.724534,-0.818105) (0.00182309,0.131819) 0.232289
1.5 (1.14741,-0.307292) (-0.149133,0.988802) 0.225317 (0.766384,2.21896) 1.79579 1.72049 (0.724989,-0.78515) (0.0018208,0.131819) 0.232289
1.75 (1.11013,-0.0600864) (-0.149132,0.988822) 0.225317 (0.766384,2.21896) 1.79579 1.72049 (0.725443,-0.752195) (0.00181609,0.131819) 0.232289
2 (1.07282,0.187109) (-0.14922,0.988784) 0.225317 (0.766384,2.21896) 1.79579 1.72058 (0.725895,-0.71924) (0.00180756,0.131819) 0.232289
2.25 (1.03554,0.434296) (-0.149136,0.988748) 0.225317 (0.766384,2.21896) 1.79579 1.7205 (0.726349,-0.686286) (0.00181899,0.131819) 0.232289
2.5 (0.998251,0.681493) (-0.149145,0.988787) 0.225317 (0.766384,2.21896) 1.79579 1.7205 (0.726804,-0.653331) (0.00181815,0.131819) 0.232289
2.75 (0.960975,0.928695) (-0.149106,0.988808) 0.225317 (0.766384,2.21896) 1.79579 1.72046 (0.727257,-0.620376) (0.00181074,0.131819) 0.232289
3 (0.923693,1.1759) (-0.149127,0.98882) 0.225317 (0.766384,2.21896) 1.79579 1.72048 (0.72771,-0.587421) (0.00181301,0.131819) 0.232289
3.25 (0.88641,1.4231) (-0.149131,0.98881) 0.225317 (0.766384,2.21896) 1.79579 1.72049 (0.728161,-0.554467) (0.00180633,0.131819) 0.232289
3.5 (0.856413,1.62206) (-0.119988,0.795838) 0.225317 (0.766384,2.21896) 1.79579 1.72044 (0.728613,-0.521512) (0.00180573,0.131819) 0.232289
