timestamp position0 velocity0 radius0 goal pref_speed theta position1 velocity1 radius1
0 (-1.73891,1.63352) (0,0) 0.176355 (2.53277,-2.78104) 1.74957 0 (-0.890052,0.888781) (0,0) 0.240847
0.25 (-1.73897,1.60646) (-0.000253595,-0.108256) 0.176355 (2.53277,-2.78104) 1.74957 -1.57314 (-0.84962,0.845431) (0.16173,-0.1734) 0.240847
0.5 (-1.72372,1.52911) (0.0610117,-0.309403) 0.176355 (2.53277,-2.78104) 1.74957 -1.3761 (-0.809188,0.802081) (0.161729,-0.173401) 0.240847
0.75 (-1.68659,1.35583) (0.148515,-0.693126) 0.176355 (2.53277,-2.78104) 1.74957 -1.35972 (-0.768756,0.75873) (0.161726,-0.173404) 0.240847
1 (-1.57169,1.13699) (0.459603,-0.875343) 0.176355 (2.53277,-2.78104) 1.74957 -1.08731 (-0.728321,0.715383) (0.161742,-0.173388) 0.240847
1.25 (-1.43637,0.929878) (0.541293,-0.828447) 0.176355 (2.53277,-2.78104) 1.74957 -0.992047 (-0.687887,0.672034) (0.161736,-0.173394) 0.240847
1.5 (-1.28838,0.730912) (0.591967,-0.795865) 0.176355 (2.53277,-2.78104) 1.74957 -0.931273 (-0.647454,0.628684) (0.16173,-0.1734) 0.240847
1.75 (-1.13182,0.537878) (0.626206,-0.772138) 0.176355 (2.53277,-2.78104) 1.74957 -0.889382 (-0.607021,0.585335) (0.161733,-0.173397) 0.240847
2 (-0.968488,0.349706) (0.65335,-0.752686) 0.176355 (2.53277,-2.78104) 1.74957 -0.855931 (-0.566588,0.541985) (0.161731,-0.173398) 0.240847
2.25 (-0.79731,0.167284) (0.68471,-0.72969) 0.176355 (2.53277,-2.78104) 1.74957 -0.817189 (-0.526153,0.498638) (0.161742,-0.173388) 0.240847
2.5 (-0.610113,0.00155726) (0.748787,-0.662906) 0.176355 (2.53277,-2.78104) 1.74957 -0.724638 (-0.485724,0.455285) (0.161714,-0.173414) 0.240847
2.75 (-0.422934,-0.164177) (0.748718,-0.662937) 0.176355 (2.53277,-2.78104) 1.74957 -0.724707 (-0.44529,0.411936) (0.161736,-0.173394) 0.240847
3 (-0.23574,-0.329885) (0.748774,-0.662832) 0.176355 (2.53277,-2.78104) 1.74957 -0.724591 (-0.404858,0.368585) (0.161726,-0.173403) 0.240847
3.25 (-0.0485655,-0.495614) (0.748699,-0.662915) 0.176355 (2.53277,-2.78104) 1.74957 -0.724703 (-0.364428,0.325234) (0.161722,-0.173407) 0.240847
3.5 (0.138636,-0.661331) (0.748804,-0.662869) 0.176355 (2.53277,-2.78104) 1.74957 -0.724598 (-0.323996,0.281883) (0.161726,-0.173404) 0.240847
3.75 (0.32579,-0.827055) (0.748616,-0.662897) 0.176355 (2.53277,-2.78104) 1.74957 -0.724744 (-0.283564,0.238533) (0.16173,-0.1734) 0.240847
4 (0.51295,-0.992765) (0.748641,-0.662839) 0.176355 (2.53277,-2.78104) 1.74957 -0.724684 (-0.243132,0.195182) (0.161727,-0.173403) 0.240847
4.25 (0.700129,-1.15849) (0.748718,-0.662889) 0.176355 (2.53277,-2.78104) 1.74957 -0.72467 (-0.202699,0.151833) (0.161733,-0.173397) 0.240847
4.5 (0.8873,-1.32421) (0.748683,-0.662874) 0.176355 (2.53277,-2.78104) 1.74957 -0.724683 (-0.162267,0.108483) (0.161728,-0.173401) 0.240847
4.75 (1.07448,-1.48993) (0.748737,-0.662886) 0.176355 (2.53277,-2.78104) 1.74957 -0.724655 (-0.121835,0.0651327) (0.161729,-0.1734) 0.240847
5 (1.26166,-1.65565) (0.748709,-0.662878) 0.176355 (2.53277,-2.78104) 1.74957 -0.724669 (-0.081406,0.021779) (0.161714,-0.173415) 0.240847
5.25 (1.44883,-1.82139) (0.748663,-0.662969) 0.176355 (2.53277,-2.78104) 1.74957 -0.724766 (-0.040973,-0.0215705) (0.161732,-0.173398) 0.240847
5.5 (1.63601,-1.98711) (0.748727,-0.662892) 0.176355 (2.53277,-2.78104) 1.74957 -0.724667 (-0.000541318,-0.0649211) (0.161727,-0.173403) 0.240847
5.75 (1.82319,-2.15283) (0.748739,-0.662877) 0.176355 (2.53277,-2.78104) 1.74957 -0.724648 (0.0398909,-0.108271) (0.161729,-0.173401) 0.240847
6 (2.0006,-2.30988) (0.709622,-0.628211) 0.176355 (2.53277,-2.78104) 1.74957 -0.724621 (0.0803243,-0.15162) (0.161733,-0.173397) 0.240847
6.25 (2.13365,-2.42766) (0.532209,-0.471115) 0.176355 (2.53277,-2.78104) 1.74957 -0.724582 (0.120756,-0.194971) (0.161726,-0.173403) 0.240847
