timestamp position0 velocity0 radius0 goal pref_speed theta position1 velocity1 radius1 position2 velocity2 radius2
0 (-1.8103,-1.67615) (0,0) 0.174671 (2.53277,2.21896) 1.70396 0 (-0.524285,-0.654858) (0,0) 0.156616 (-1.5,1.58181) (0,0) 0.234968
0.25 (-1.79395,-1.64404) (0.0654007,0.128441) 0.174671 (2.53277,2.21896) 1.70396 1.09983 (-0.458328,-0.592857) (0.263827,0.248001) 0.156616 (-1.53118,1.51287) (-0.124736,-0.275721) 0.234968
0.5 (-1.73269,-1.56628) (0.24503,0.311051) 0.174671 (2.53277,2.21896) 1.70396 0.90357 (-0.392373,-0.530855) (0.26382,0.248008) 0.156616 (-1.58625,1.40264) (-0.220297,-0.440959) 0.234968
0.75 (-1.65303,-1.45421) (0.31865,0.448264) 0.174671 (2.53277,2.21896) 1.70396 0.952823 (-0.326419,-0.468852) (0.263815,0.248014) 0.156616 (-1.60521,1.28087) (-0.0758327,-0.487058) 0.234968
1 (-1.55451,-1.28796) (0.394057,0.664979) 0.174671 (2.53277,2.21896) 1.70396 1.03585 (-0.260466,-0.406848) (0.263814,0.248015) 0.156616 (-1.62417,1.15911) (-0.0758407,-0.487057) 0.234968
1.25 (-1.39697,-1.09457) (0.630193,0.773597) 0.174671 (2.53277,2.21896) 1.70396 0.8872 (-0.194506,-0.34485) (0.263838,0.24799) 0.156616 (-1.64314,1.03734) (-0.0758696,-0.487052) 0.234968
1.5 (-1.22944,-0.910189) (0.670089,0.737504) 0.174671 (2.53277,2.21896) 1.70396 0.833255 (-0.128552,-0.282848) (0.263819,0.248009) 0.156616 (-1.6621,0.915579) (-0.0758434,-0.487056) 0.234968
1.75 (-1.05642,-0.731044) (0.692089,0.716582) 0.174671 (2.53277,2.21896) 1.70396 0.802784 (-0.0625964,-0.220846) (0.263821,0.248008) 0.156616 (-1.68106,0.793815) (-0.0758299,-0.487058) 0.234968
2 (-0.880277,-0.554941) (0.704573,0.704411) 0.174671 (2.53277,2.21896) 1.70396 0.785283 (0.00335902,-0.158844) (0.263822,0.248007) 0.156616 (-1.70003,0.672052) (-0.0758912,-0.487049) 0.234968
2.25 (-0.702364,-0.380687) (0.711652,0.697015) 0.174671 (2.53277,2.21896) 1.70396 0.775008 (0.0693091,-0.0968369) (0.2638,0.24803) 0.156616 (-1.71898,0.550287) (-0.0758169,-0.48706) 0.234968
2.5 (-0.523406,-0.207571) (0.715832,0.692463) 0.174671 (2.53277,2.21896) 1.70396 0.768806 (0.135265,-0.0348354) (0.263823,0.248006) 0.156616 (-1.73578,0.442408) (-0.0671851,-0.431517) 0.234968
2.75 (-0.343829,-0.0352238) (0.71831,0.68939) 0.174671 (2.53277,2.21896) 1.70396 0.764857 (0.20122,0.0271664) (0.263822,0.248007) 0.156616 (-1.74838,0.36152) (-0.0504084,-0.323552) 0.234968
3 (-0.163858,0.136574) (0.719885,0.68719) 0.174671 (2.53277,2.21896) 1.70396 0.762167 (0.267174,0.0891695) (0.263816,0.248013) 0.156616 (-1.75784,0.300851) (-0.0378347,-0.242676) 0.234968
3.25 (0.0163918,0.307914) (0.720998,0.685363) 0.174671 (2.53277,2.21896) 1.70396 0.760065 (0.333127,0.151174) (0.26381,0.248019) 0.156616 (-1.76492,0.25534) (-0.0283171,-0.182043) 0.234968
3.5 (0.196972,0.478747) (0.722322,0.683329) 0.174671 (2.53277,2.21896) 1.70396 0.757665 (0.399077,0.213182) (0.263801,0.248029) 0.156616 (-1.77023,0.221207) (-0.0212259,-0.136535) 0.234968
3.75 (0.392119,0.637246) (0.780587,0.633998) 0.174671 (2.53277,2.21896) 1.70396 0.68214 (0.465035,0.275181) (0.263831,0.247997) 0.156616 (-1.77422,0.195605) (-0.0159917,-0.102405) 0.234968
4 (0.593179,0.785818) (0.80424,0.594286) 0.174671 (2.53277,2.21896) 1.70396 0.636386 (0.530991,0.337182) (0.263824,0.248005) 0.156616 (-1.77722,0.176407) (-0.0119946,-0.0767954) 0.234968
4.25 (0.794252,0.934376) (0.804292,0.594234) 0.174671 (2.53277,2.21896) 1.70396 0.636313 (0.596942,0.399188) (0.263807,0.248022) 0.156616 (-1.77948,0.161997) (-0.00901551,-0.0576368) 0.234968
4.5 (0.995327,1.08294) (0.804299,0.594269) 0.174671 (2.53277,2.21896) 1.70396 0.636337 (0.662897,0.46119) (0.26382,0.248009) 0.156616 (-1.78115,0.151206) (-0.00667742,-0.0431643) 0.234968
4.75 (1.19639,1.23151) (0.804246,0.594274) 0.174671 (2.53277,2.21896) 1.70396 0.636372 (0.728853,0.523192) (0.263822,0.248007) 0.156616 (-1.78239,0.143091) (-0.00497941,-0.0324619) 0.234968
5 (1.39745,1.38009) (0.804254,0.594294) 0.174671 (2.53277,2.21896) 1.70396 0.636384 (0.794808,0.585193) (0.263822,0.248007) 0.156616 (-1.78334,0.137009) (-0.00381067,-0.0243256) 0.234968
5.25 (1.59853,1.52863) (0.804324,0.594187) 0.174671 (2.53277,2.21896) 1.70396 0.636256 (0.860763,0.647196) (0.263819,0.248009) 0.156616 (-1.78403,0.132459) (-0.00275265,-0.0182012) 0.234968
5.5 (1.79959,1.6772) (0.804247,0.594281) 0.174671 (2.53277,2.21896) 1.70396 0.636378 (0.926719,0.709197) (0.263824,0.248004) 0.156616 (-1.78456,0.129026) (-0.00209733,-0.0137306) 0.234968
5.75 (1.98288,1.81264) (0.733146,0.541753) 0.174671 (2.53277,2.21896) 1.70396 0.636387 (0.992672,0.771201) (0.263811,0.248018) 0.156616 (-1.78497,0.126472) (-0.00164887,-0.0102182) 0.234968
6 (2.12035,1.91423) (0.549882,0.406368) 0.174671 (2.53277,2.21896) 1.70396 0.63643 (1.05863,0.833199) (0.263837,0.24799) 0.156616 (-1.78525,0.124557) (-0.00111388,-0.00765949) 0.234968
