timestamp position0 velocity0 radius0 goal pref_speed theta position1 velocity1 radius1
0 (-1.79018,0.522187) (0,0) 0.218499 (2.53277,0.60948) 1.82085 0 (-0.598111,0.550216) (0,0) 0.160869
0.25 (-1.76984,0.521841) (0.0813576,-0.00138417) 0.218499 (2.53277,0.60948) 1.82085 -0.0170118 (-0.516504,0.55176) (0.326426,0.00617813) 0.160869
0.5 (-1.69699,0.522107) (0.291392,0.00106135) 0.218499 (2.53277,0.60948) 1.82085 0.00364234 (-0.434898,0.553301) (0.326426,0.00616117) 0.160869
0.75 (-1.5976,0.521342) (0.397538,-0.00305676) 0.218499 (2.53277,0.60948) 1.82085 -0.00768907 (-0.353291,0.554841) (0.326426,0.00616204) 0.160869
1 (-1.48479,0.514397) (0.451252,-0.0277833) 0.218499 (2.53277,0.60948) 1.82085 -0.0614917 (-0.271685,0.556385) (0.326426,0.00617438) 0.160869
1.25 (-1.35457,0.477264) (0.520866,-0.14853) 0.218499 (2.53277,0.60948) 1.82085 -0.277786 (-0.190078,0.557928) (0.326426,0.00617198) 0.160869
1.5 (-1.12093,0.425235) (0.93459,-0.208116) 0.218499 (2.53277,0.60948) 1.82085 -0.219106 (-0.108472,0.559474) (0.326426,0.00618464) 0.160869
1.75 (-0.885834,0.380317) (0.940369,-0.179674) 0.218499 (2.53277,0.60948) 1.82085 -0.188792 (-0.0268654,0.561023) (0.326426,0.00619767) 0.160869
2 (-0.650376,0.339797) (0.941833,-0.162078) 0.218499 (2.53277,0.60948) 1.82085 -0.170419 (0.0547411,0.562569) (0.326426,0.00618171) 0.160869
2.25 (-0.415193,0.302145) (0.940731,-0.150609) 0.218499 (2.53277,0.60948) 1.82085 -0.158751 (0.136348,0.564118) (0.326426,0.0061985) 0.160869
2.5 (-0.180767,0.266534) (0.937704,-0.142445) 0.218499 (2.53277,0.60948) 1.82085 -0.150755 (0.217954,0.565662) (0.326426,0.00617348) 0.160869
2.75 (0.0525764,0.232548) (0.933374,-0.135942) 0.218499 (2.53277,0.60948) 1.82085 -0.144629 (0.299561,0.567205) (0.326426,0.0061743) 0.160869
3 (0.28458,0.200179) (0.928014,-0.129476) 0.218499 (2.53277,0.60948) 1.82085 -0.138625 (0.381167,0.568751) (0.326426,0.00618056) 0.160869
3.25 (0.518517,0.172063) (0.93575,-0.112464) 0.218499 (2.53277,0.60948) 1.82085 -0.119612 (0.462774,0.570295) (0.326426,0.00617711) 0.160869
3.5 (0.771645,0.208061) (1.01251,0.143991) 0.218499 (2.53277,0.60948) 1.82085 0.141265 (0.54438,0.571838) (0.326426,0.00617276) 0.160869
3.75 (1.01539,0.263643) (0.974982,0.222328) 0.218499 (2.53277,0.60948) 1.82085 0.2242 (0.625987,0.573383) (0.326426,0.00618084) 0.160869
4 (1.25914,0.319198) (0.974984,0.222221) 0.218499 (2.53277,0.60948) 1.82085 0.224094 (0.707593,0.574926) (0.326426,0.00617283) 0.160869
4.25 (1.50288,0.374756) (0.974995,0.222231) 0.218499 (2.53277,0.60948) 1.82085 0.224102 (0.7892,0.576469) (0.326426,0.00617094) 0.160869
4.5 (1.74663,0.430292) (0.974983,0.222144) 0.218499 (2.53277,0.60948) 1.82085 0.22402 (0.870806,0.578012) (0.326426,0.00617183) 0.160869
4.75 (1.94314,0.475104) (0.786057,0.179247) 0.218499 (2.53277,0.60948) 1.82085 0.224199 (0.952413,0.579559) (0.326426,0.00618578) 0.160869
