timestamp position0 velocity0 radius0 goal pref_speed theta position1 velocity1 radius1 position2 velocity2 radius2 position3 velocity3 radius3
0 (0.995927,-1.96137) (0,0) 0.193035 (0.766384,2.21896) 1.97298 0 (0.712466,-0.579442) (0,0) 0.229856 (-0.506417,2.14352) (0,0) 0.15416 (-0.913018,2.77326) (0,0) 0.232423
0.25 (1.02696,-1.9298) (0.124119,0.126297) 0.193035 (0.766384,2.21896) 1.97298 0.794096 (0.713193,-0.541731) (0.00290768,0.150844) 0.229856 (-0.517864,2.09926) (-0.0457882,-0.177056) 0.15416 (-0.921527,2.75696) (-0.0340357,-0.065186) 0.232423
0.5 (1.10321,-1.8313) (0.305031,0.394013) 0.193035 (0.766384,2.21896) 1.97298 0.912007 (0.713923,-0.50402) (0.00291823,0.150843) 0.229856 (-0.529311,2.055) (-0.0457875,-0.177056) 0.15416 (-0.853962,2.7394) (0.270261,-0.0702495) 0.232423
0.75 (1.15761,-1.66145) (0.21758,0.679384) 0.193035 (0.766384,2.21896) 1.97298 1.26086 (0.714647,-0.466309) (0.00289865,0.150844) 0.229856 (-0.54076,2.01073) (-0.0457968,-0.177054) 0.15416 (-0.75507,2.68277) (0.395568,-0.226498) 0.232423
1 (1.18273,-1.41187) (0.100475,0.998309) 0.193035 (0.766384,2.21896) 1.97298 1.47049 (0.715376,-0.428599) (0.0029145,0.150843) 0.229856 (-0.552208,1.96647) (-0.045795,-0.177054) 0.15416 (-0.63472,2.59378) (0.4814,-0.355964) 0.232423
1.25 (1.19349,-1.1501) (0.0430427,1.04711) 0.193035 (0.766384,2.21896) 1.97298 1.52971 (0.716102,-0.390888) (0.00290372,0.150844) 0.229856 (-0.563657,1.9222) (-0.0457922,-0.177055) 0.15416 (-0.512656,2.47006) (0.488253,-0.494901) 0.232423
1.5 (1.19396,-0.890992) (0.00189966,1.03641) 0.193035 (0.766384,2.21896) 1.97298 1.56896 (0.716829,-0.353177) (0.00290966,0.150844) 0.229856 (-0.575104,1.87794) (-0.0457915,-0.177055) 0.15416 (-0.39734,2.34002) (0.461265,-0.520147) 0.232423
1.75 (1.18421,-0.634752) (-0.0390095,1.02496) 0.193035 (0.766384,2.21896) 1.97298 1.60884 (0.717556,-0.315466) (0.00290641,0.150844) 0.229856 (-0.586554,1.83368) (-0.0457967,-0.177054) 0.15416 (-0.285744,2.20678) (0.446384,-0.532973) 0.232423
2 (1.16621,-0.380865) (-0.0720168,1.01555) 0.193035 (0.766384,2.21896) 1.97298 1.64159 (0.718281,-0.277755) (0.00290161,0.150844) 0.229856 (-0.598,1.78941) (-0.0457843,-0.177057) 0.15416 (-0.176181,2.07186) (0.438252,-0.539679) 0.232423
2.25 (1.1421,-0.12873) (-0.0964411,1.00854) 0.193035 (0.766384,2.21896) 1.97298 1.66613 (0.719007,-0.240044) (0.00290211,0.150844) 0.229856 (-0.609447,1.74515) (-0.0457882,-0.177056) 0.15416 (-0.0859392,1.96584) (0.360968,-0.424085) 0.232423
2.5 (1.1099,0.120843) (-0.128793,0.998296) 0.193035 (0.766384,2.21896) 1.97298 1.6991 (0.719733,-0.202333) (0.00290642,0.150844) 0.229856 (-0.620895,1.70089) (-0.045792,-0.177055) 0.15416 (-0.0142191,1.8887) (0.286881,-0.30854) 0.232423
2.75 (1.06951,0.367551) (-0.161556,0.986832) 0.193035 (0.766384,2.21896) 1.97298 1.73307 (0.720458,-0.164622) (0.00289735,0.150844) 0.229856 (-0.632342,1.65662) (-0.04579,-0.177055) 0.15416 (0.043755,1.83333) (0.231896,-0.221486) 0.232423
3 (1.02913,0.614254) (-0.161506,0.986808) 0.193035 (0.766384,2.21896) 1.97298 1.73302 (0.721184,-0.126911) (0.00290403,0.150844) 0.229856 (-0.643792,1.61236) (-0.0458002,-0.177053) 0.15416 (0.09146,1.79439) (0.19082,-0.155749) 0.232423
3.25 (0.988742,0.860967) (-0.161562,0.986855) 0.193035 (0.766384,2.21896) 1.97298 1.73307 (0.721911,-0.0892003) (0.00290865,0.150844) 0.229856 (-0.655238,1.56809) (-0.0457841,-0.177057) 0.15416 (0.095241,1.7894) (0.0151239,-0.0199792) 0.232423
3.5 (0.948344,1.10768) (-0.161592,0.986856) 0.193035 (0.766384,2.21896) 1.97298 1.7331 (0.722638,-0.0514894) (0.00290678,0.150844) 0.229856 (-0.666685,1.52383) (-0.0457859,-0.177056) 0.15416 (0.0874025,1.75777) (-0.0313539,-0.126507) 0.232423
3.75 (0.907953,1.35439) (-0.161566,0.986837) 0.193035 (0.766384,2.21896) 1.97298 1.73308 (0.723364,-0.0137785) (0.00290543,0.150844) 0.229856 (-0.678135,1.47957) (-0.0458011,-0.177053) 0.15416 (0.0745825,1.70641) (-0.0512802,-0.205449) 0.232423
4 (0.87258,1.57053) (-0.141491,0.86454) 0.193035 (0.766384,2.21896) 1.97298 1.73302 (0.72409,0.0239324) (0.00290353,0.150844) 0.229856 (-0.68958,1.4353) (-0.0457815,-0.177058) 0.15416 (0.054529,1.64293) (-0.0802139,-0.253908) 0.232423
4.25 (0.846038,1.73264) (-0.106168,0.648446) 0.193035 (0.766384,2.21896) 1.97298 1.73308 (0.724815,0.0616433) (0.00290154,0.150844) 0.229856 (-0.701029,1.39104) (-0.0457929,-0.177055) 0.15416 (0.0295382,1.58143) (-0.0999631,-0.246006) 0.232423
