[[(2, 2.1), (0, 2.1), (0, 1.8), (2, 1.8)], [(2, 0.3), (0, 0.3), (0, 0), (2, 0)]]
timestamp position0 velocity0 radius0 goal pref_speed theta position1 velocity1 radius1 position2 velocity2 radius2 position3 velocity3 radius3 position4 velocity4 radius4 position5 velocity5 radius5 position6 velocity6 radius6
0 (1.17459,1.0516) (0,0) 0.13125 (5.98029,1.15206) 1.67852 0 (2.37127,0.459657) (0,0) 0.166008 (2.22319,0.946995) (0,0) 0.163071 (2.36663,1.15798) (0,0) 0.170688 (2.25519,1.67919) (0,0) 0.147057 (1.17459,1.8) (0,0) 0.001 (1.17459,0.3) (0,0) 0.001
0.1 (1.27457,1.05369) (0.999784,0.020905) 0.13125 (5.98029,1.15206) 1.67852 0.0209064 (2.40494,0.453167) (0.336699,-0.0649025) 0.166008 (2.19376,0.946121) (-0.294384,-0.00874413) 0.163071 (2.3918,1.17604) (0.251632,0.180518) 0.170688 (2.27045,1.68025) (0.152611,0.0106203) 0.147057 (1.27457,1.8) (0,0) 0.001 (1.27457,0.3) (0,0) 0.001
0.2 (1.37211,1.06739) (0.975393,0.136948) 0.13125 (5.98029,1.15206) 1.67852 0.139491 (2.43861,0.446679) (0.336704,-0.0648744) 0.166008 (2.18761,0.93646) (-0.0614902,-0.09661) 0.163071 (2.42268,1.17834) (0.308828,0.0230329) 0.170688 (2.28568,1.67873) (0.152225,-0.0151852) 0.147057 (1.37211,1.8) (0,0) 0.001 (1.37211,0.3) (0,0) 0.001
0.3 (1.4698,1.08022) (0.976961,0.128379) 0.13125 (5.98029,1.15206) 1.67852 0.130658 (2.47228,0.440191) (0.336702,-0.0648849) 0.166008 (2.1999,0.926992) (0.122975,-0.0946778) 0.163071 (2.453,1.17205) (0.303226,-0.0629248) 0.170688 (2.30064,1.67556) (0.149646,-0.0317654) 0.147057 (1.4698,1.8) (0,0) 0.001 (1.4698,0.3) (0,0) 0.001
0.4 (1.56363,1.09624) (0.938223,0.160135) 0.13125 (5.98029,1.15206) 1.67852 0.16905 (2.50595,0.433701) (0.336699,-0.0648993) 0.166008 (2.22269,0.91601) (0.227836,-0.109823) 0.163071 (2.48178,1.16062) (0.287825,-0.11429) 0.170688 (2.3156,1.67238) (0.149643,-0.03178) 0.147057 (1.56363,1.8) (0,0) 0.001 (1.56363,0.3) (0,0) 0.001
0.5 (1.65726,1.11236) (0.936338,0.161236) 0.13125 (5.98029,1.15206) 1.67852 0.170527 (2.53962,0.427212) (0.336701,-0.0648887) 0.166008 (2.24918,0.903133) (0.264873,-0.128765) 0.163071 (2.50904,1.14592) (0.272565,-0.147016) 0.170688 (2.33057,1.6692) (0.149645,-0.0317702) 0.147057 (1.65726,1.8) (0,0) 0.001 (1.65726,0.3) (0,0) 0.001
0.6 (1.75129,1.12733) (0.940324,0.149684) 0.13125 (5.98029,1.15206) 1.67852 0.157859 (2.57329,0.420721) (0.336697,-0.0649117) 0.166008 (2.27567,0.890266) (0.264919,-0.12867) 0.163071 (2.53629,1.13121) (0.272516,-0.147107) 0.170688 (2.34553,1.66602) (0.149644,-0.0317726) 0.147057 (1.75129,1.8) (0,0) 0.001 (1.75129,0.3) (0,0) 0.001
0.7 (1.8455,1.14164) (0.942069,0.143098) 0.13125 (5.98029,1.15206) 1.67852 0.150745 (2.60696,0.414232) (0.336701,-0.0648918) 0.166008 (2.30216,0.877397) (0.264911,-0.128687) 0.163071 (2.56355,1.1165) (0.272525,-0.147091) 0.170688 (2.3605,1.66285) (0.149645,-0.031771) 0.147057 (1.8455,1.8) (0,0) 0.001 (1.8455,0.3) (0,0) 0.001
0.8 (1.93974,1.15556) (0.94237,0.139161) 0.13125 (5.98029,1.15206) 1.67852 0.146612 (2.64063,0.407744) (0.336704,-0.0648738) 0.166008 (2.32865,0.864527) (0.264904,-0.128702) 0.163071 (2.5908,1.10179) (0.272533,-0.147076) 0.170688 (2.37546,1.65967) (0.149643,-0.0317786) 0.147057 (1.93974,1.8) (0,0) 0.001 (1.93974,0.3) (0,0) 0.001
0.9 (2.03394,1.16923) (0.942062,0.136752) 0.13125 (5.98029,1.15206) 1.67852 0.144155 (2.6743,0.401255) (0.3367,-0.0648966) 0.166008 (2.35514,0.851656) (0.264897,-0.128716) 0.163071 (2.61805,1.08708) (0.27254,-0.147063) 0.170688 (2.39043,1.65649) (0.149647,-0.0317605) 0.147057 (2,1.8) (0,0) 0.001 (2,0.3) (0,0) 0.001
1 (2.12808,1.18275) (0.941354,0.135156) 0.13125 (5.98029,1.15206) 1.67852 0.142602 (2.70797,0.394765) (0.3367,-0.064895) 0.166008 (2.38163,0.838783) (0.264891,-0.128728) 0.163071 (2.64531,1.07238) (0.272546,-0.147052) 0.170688 (2.40539,1.65331) (0.149644,-0.0317748) 0.147057 (2,1.8) (0,0) 0.001 (2,0.3) (0,0) 0.001
1.1 (2.22212,1.19615) (0.940384,0.133997) 0.13125 (5.98029,1.15206) 1.67852 0.141539 (2.74164,0.388277) (0.336702,-0.0648827) 0.166008 (2.40812,0.825909) (0.264886,-0.128739) 0.163071 (2.67256,1.05767) (0.272551,-0.147041) 0.170688 (2.42036,1.65014) (0.149642,-0.0317817) 0.147057 (2,1.8) (0,0) 0.001 (2,0.3) (0,0) 0.001
1.2 (2.31603,1.20945) (0.939181,0.133046) 0.13125 (5.98029,1.15206) 1.67852 0.140726 (2.77531,0.381789) (0.336703,-0.0648825) 0.166008 (2.4346,0.813034) (0.264881,-0.128748) 0.163071 (2.69982,1.04297) (0.272556,-0.147033) 0.170688 (2.43532,1.64696) (0.149644,-0.0317733) 0.147057 (2,1.8) (0,0) 0.001 (2,0.3) (0,0) 0.001
1.3 (2.40982,1.22267) (0.937829,0.132205) 0.13125 (5.98029,1.15206) 1.67852 0.140046 (2.80898,0.3753) (0.336702,-0.0648831) 0.166008 (2.46109,0.800159) (0.264878,-0.128756) 0.163071 (2.72707,1.02827) (0.27256,-0.147025) 0.170688 (2.45028,1.64378) (0.149645,-0.0317701) 0.147057 (2,1.8) (0,0) 0.001 (2,0.3) (0,0) 0.001
1.4 (2.50345,1.23581) (0.936363,0.131411) 0.13125 (5.98029,1.15206) 1.67852 0.139431 (2.84265,0.368811) (0.3367,-0.0648933) 0.166008 (2.48758,0.787282) (0.264875,-0.128762) 0.163071 (2.75433,1.01356) (0.272563,-0.147019) 0.170688 (2.46525,1.6406) (0.149644,-0.0317731) 0.147057 (2,1.8) (0,0) 0.001 (2,0.3) (0,0) 0.001
1.5 (2.59694,1.24888) (0.934877,0.130658) 0.13125 (5.98029,1.15206) 1.67852 0.13886 (2.87632,0.362323) (0.336702,-0.0648832) 0.166008 (2.51407,0.774406) (0.264872,-0.128767) 0.163071 (2.78159,0.998863) (0.272566,-0.147015) 0.170688 (2.48021,1.63743) (0.149645,-0.0317704) 0.147057 (2,1.8) (0,0) 0.001 (2,0.3) (0,0) 0.001
1.6 (2.69027,1.26186) (0.933272,0.129861) 0.13125 (5.98029,1.15206) 1.67852 0.138258 (2.90999,0.355832) (0.336698,-0.0649045) 0.166008 (2.54055,0.761529) (0.264871,-0.12877) 0.163071 (2.80884,0.984162) (0.272568,-0.147012) 0.170688 (2.49518,1.63425) (0.149645,-0.0317701) 0.147057 (2,1.8) (0,0) 0.001 (2,0.3) (0,0) 0.001
1.7 (2.78353,1.27466) (0.93262,0.127917) 0.13125 (5.98029,1.15206) 1.67852 0.136308 (2.94366,0.349343) (0.3367,-0.064895) 0.166008 (2.56704,0.748651) (0.26487,-0.128772) 0.163071 (2.8361,0.969461) (0.272569,-0.14701) 0.170688 (2.51014,1.63107) (0.149647,-0.031761) 0.147057 (2,1.8) (0,0) 0.001 (2,0.3) (0,0) 0.001
1.8 (2.8835,1.27157) (0.999683,-0.0308565) 0.13125 (5.98029,1.15206) 1.67852 -0.0308565 (2.97733,0.342855) (0.336704,-0.0648758) 0.166008 (2.59353,0.735774) (0.264869,-0.128773) 0.163071 (2.86336,0.95476) (0.272569,-0.147009) 0.170688 (2.52511,1.6279) (0.149645,-0.0317693) 0.147057 (2,1.8) (0,0) 0.001 (2,0.3) (0,0) 0.001
1.9 (2.98343,1.26771) (0.999285,-0.0386142) 0.13125 (5.98029,1.15206) 1.67852 -0.0386226 (3.011,0.33637) (0.336708,-0.064856) 0.166008 (2.62001,0.722897) (0.264869,-0.128773) 0.163071 (2.89061,0.94006) (0.272569,-0.147009) 0.170688 (2.54007,1.62472) (0.149646,-0.0317656) 0.147057 (2,1.8) (0,0) 0.001 (2,0.3) (0,0) 0.001
2 (3.08335,1.26385) (0.999212,-0.0385971) 0.13125 (5.98029,1.15206) 1.67852 -0.0386084 (3.04467,0.329883) (0.336706,-0.0648631) 0.166008 (2.6465,0.71002) (0.264869,-0.128773) 0.163071 (2.91787,0.925359) (0.272569,-0.147009) 0.170688 (2.55504,1.62154) (0.149644,-0.0317735) 0.147057 (2,1.8) (0,0) 0.001 (2,0.3) (0,0) 0.001
2.1 (3.18327,1.26) (0.99925,-0.0385339) 0.13125 (5.98029,1.15206) 1.67852 -0.0385438 (3.07834,0.323395) (0.336702,-0.0648847) 0.166008 (2.67299,0.697142) (0.264869,-0.128773) 0.163071 (2.94513,0.910658) (0.272569,-0.147009) 0.170688 (2.57,1.61837) (0.149644,-0.0317732) 0.147057 (2,1.8) (0,0) 0.001 (2,0.3) (0,0) 0.001
2.2 (3.2832,1.25614) (0.999245,-0.0385986) 0.13125 (5.98029,1.15206) 1.67852 -0.0386085 (3.11201,0.316902) (0.336693,-0.0649305) 0.166008 (2.69948,0.684265) (0.264869,-0.128773) 0.163071 (2.97239,0.895957) (0.272569,-0.147009) 0.170688 (2.58496,1.61519) (0.149645,-0.0317679) 0.147057 (2,1.8) (0,0) 0.001 (2,0.3) (0,0) 0.001
2.3 (3.38313,1.25228) (0.999343,-0.0385471) 0.13125 (5.98029,1.15206) 1.67852 -0.0385534 (3.14568,0.310413) (0.336701,-0.0648889) 0.166008 (2.72596,0.671388) (0.264869,-0.128773) 0.163071 (2.99964,0.881256) (0.272569,-0.147009) 0.170688 (2.59993,1.61201) (0.149644,-0.0317752) 0.147057 (2,1.8) (0,0) 0.001 (2,0.3) (0,0) 0.001
2.4 (3.48306,1.24843) (0.999276,-0.0385547) 0.13125 (5.98029,1.15206) 1.67852 -0.0385635 (3.17935,0.303925) (0.336703,-0.0648813) 0.166008 (2.75245,0.65851) (0.264869,-0.128773) 0.163071 (3.0269,0.866555) (0.272569,-0.147009) 0.170688 (2.61489,1.60883) (0.149644,-0.0317755) 0.147057 (2,1.8) (0,0) 0.001 (2,0.3) (0,0) 0.001
2.5 (3.58299,1.24457) (0.999252,-0.0385399) 0.13125 (5.98029,1.15206) 1.67852 -0.0385497 (3.21302,0.297437) (0.336703,-0.0648794) 0.166008 (2.77894,0.645633) (0.264869,-0.128773) 0.163071 (3.05416,0.851854) (0.272569,-0.147009) 0.170688 (2.62986,1.60566) (0.149644,-0.0317726) 0.147057 (2,1.8) (0,0) 0.001 (2,0.3) (0,0) 0.001
2.6 (3.68291,1.24071) (0.999262,-0.0386104) 0.13125 (5.98029,1.15206) 1.67852 -0.0386197 (3.24669,0.290948) (0.336701,-0.0648879) 0.166008 (2.80542,0.632756) (0.264869,-0.128773) 0.163071 (3.08141,0.837153) (0.272569,-0.147009) 0.170688 (2.64482,1.60248) (0.149644,-0.0317727) 0.147057 (2,1.8) (0,0) 0.001 (2,0.3) (0,0) 0.001
2.7 (3.78283,1.23685) (0.999158,-0.0385676) 0.13125 (5.98029,1.15206) 1.67852 -0.038581 (3.28036,0.284463) (0.336708,-0.064854) 0.166008 (2.83191,0.619879) (0.264869,-0.128773) 0.163071 (3.10867,0.822452) (0.272569,-0.147009) 0.170688 (2.65979,1.5993) (0.149645,-0.0317719) 0.147057 (2,1.8) (0,0) 0.001 (2,0.3) (0,0) 0.001
2.8 (3.88275,1.233) (0.999239,-0.0385817) 0.13125 (5.98029,1.15206) 1.67852 -0.0385919 (3.31403,0.277973) (0.336699,-0.0649003) 0.166008 (2.8584,0.607001) (0.264869,-0.128773) 0.163071 (3.13593,0.807751) (0.272569,-0.147009) 0.170688 (2.67475,1.59613) (0.149645,-0.0317717) 0.147057 (2,1.8) (0,0) 0.001 (2,0.3) (0,0) 0.001
2.9 (3.98269,1.22914) (0.999341,-0.038515) 0.13125 (5.98029,1.15206) 1.67852 -0.0385214 (3.3477,0.271484) (0.336703,-0.0648817) 0.166008 (2.88488,0.594124) (0.264869,-0.128773) 0.163071 (3.16318,0.79305) (0.272569,-0.147009) 0.170688 (2.68972,1.59295) (0.149645,-0.0317688) 0.147057 (2,1.8) (0,0) 0.001 (2,0.3) (0,0) 0.001
3 (4.08261,1.22528) (0.999264,-0.0386418) 0.13125 (5.98029,1.15206) 1.67852 -0.038651 (3.38137,0.264996) (0.336703,-0.0648805) 0.166008 (2.91137,0.581247) (0.264869,-0.128773) 0.163071 (3.19044,0.778349) (0.272569,-0.147009) 0.170688 (2.70468,1.58977) (0.149646,-0.031764) 0.147057 (2,1.8) (0,0) 0.001 (2,0.3) (0,0) 0.001
3.1 (4.18254,1.22143) (0.999234,-0.038462) 0.13125 (5.98029,1.15206) 1.67852 -0.0384725 (3.415,0.258521) (0.336255,-0.0647525) 0.166008 (2.93786,0.568369) (0.264869,-0.128773) 0.163071 (3.2177,0.763648) (0.272569,-0.147009) 0.170688 (2.71964,1.5866) (0.149647,-0.0317621) 0.147057 (2,1.8) (0,0) 0.001 (2,0.3) (0,0) 0.001
3.2 (4.28246,1.21758) (0.999253,-0.038528) 0.13125 (5.98029,1.15206) 1.67852 -0.0385377 (3.44676,0.252222) (0.317561,-0.0629907) 0.166008 (2.96434,0.555492) (0.264869,-0.128773) 0.163071 (3.24495,0.748947) (0.272569,-0.147009) 0.170688 (2.73461,1.58342) (0.149645,-0.0317688) 0.147057 (2,1.8) (0,0) 0.001 (2,0.3) (0,0) 0.001
3.3 (4.38239,1.21373) (0.999338,-0.038553) 0.13125 (5.98029,1.15206) 1.67852 -0.0385594 (3.47753,0.245911) (0.307704,-0.0631152) 0.166008 (2.99083,0.542615) (0.26487,-0.128773) 0.163071 (3.27221,0.734246) (0.272569,-0.147009) 0.170688 (2.74957,1.58024) (0.149645,-0.0317713) 0.147057 (2,1.8) (0,0) 0.001 (2,0.3) (0,0) 0.001
3.4 (4.48231,1.20987) (0.999198,-0.0385192) 0.13125 (5.98029,1.15206) 1.67852 -0.038531 (3.50776,0.239475) (0.302319,-0.0643517) 0.166008 (3.01712,0.530205) (0.262895,-0.124095) 0.163071 (3.29947,0.719545) (0.272569,-0.147009) 0.170688 (2.76454,1.57706) (0.149641,-0.0317872) 0.147057 (2,1.8) (0,0) 0.001 (2,0.3) (0,0) 0.001
3.5 (4.58225,1.20601) (0.999325,-0.0386348) 0.13125 (5.98029,1.15206) 1.67852 -0.0386417 (3.53769,0.232887) (0.299301,-0.0658824) 0.166008 (3.0432,0.518301) (0.26076,-0.119038) 0.163071 (3.32673,0.704844) (0.272569,-0.14701) 0.170688 (2.7795,1.57389) (0.149645,-0.0317682) 0.147057 (2,1.8) (0,0) 0.001 (2,0.3) (0,0) 0.001
3.6 (4.68217,1.20216) (0.999217,-0.0385446) 0.13125 (5.98029,1.15206) 1.67852 -0.0385557 (3.56743,0.226118) (0.297456,-0.0676895) 0.166008 (3.06906,0.506903) (0.258627,-0.113986) 0.163071 (3.35398,0.690143) (0.272569,-0.14701) 0.170688 (2.79447,1.57071) (0.149646,-0.0317632) 0.147057 (2,1.8) (0,0) 0.001 (2,0.3) (0,0) 0.001
3.7 (4.78209,1.19831) (0.999258,-0.0385022) 0.13125 (5.98029,1.15206) 1.67852 -0.0385117 (3.59706,0.219188) (0.29631,-0.0692996) 0.166008 (3.09471,0.496007) (0.256507,-0.108964) 0.163071 (3.38124,0.675443) (0.272569,-0.14701) 0.170688 (2.80943,1.56753) (0.149645,-0.0317702) 0.147057 (2,1.8) (0,0) 0.001 (2,0.3) (0,0) 0.001
3.8 (4.88202,1.19444) (0.999262,-0.0386633) 0.13125 (5.98029,1.15206) 1.67852 -0.0386726 (3.62661,0.212099) (0.295496,-0.0708924) 0.166008 (3.12015,0.485598) (0.254447,-0.104085) 0.163071 (3.4085,0.660742) (0.272569,-0.14701) 0.170688 (2.8244,1.56436) (0.149644,-0.0317723) 0.147057 (2,1.8) (0,0) 0.001 (2,0.3) (0,0) 0.001
3.9 (4.98194,1.19059) (0.999224,-0.0385338) 0.13125 (5.98029,1.15206) 1.67852 -0.0385446 (3.6561,0.20486) (0.294876,-0.072392) 0.166008 (3.1454,0.475671) (0.252413,-0.0992679) 0.163071 (3.43575,0.646041) (0.272569,-0.14701) 0.170688 (2.83936,1.56118) (0.149644,-0.0317733) 0.147057 (2,1.8) (0,0) 0.001 (2,0.3) (0,0) 0.001
4 (5.08179,1.18673) (0.99844,-0.038549) 0.13125 (5.98029,1.15206) 1.67852 -0.03859 (3.68554,0.197484) (0.294382,-0.0737592) 0.166008 (3.17044,0.466216) (0.250422,-0.0945521) 0.163071 (3.46301,0.63134) (0.272569,-0.14701) 0.170688 (2.85432,1.558) (0.149644,-0.0317744) 0.147057 (2,1.8) (0,0) 0.001 (2,0.3) (0,0) 0.001
4.1 (5.17164,1.18326) (0.898531,-0.0346679) 0.13125 (5.98029,1.15206) 1.67852 -0.0385637 (3.71494,0.189991) (0.293991,-0.0749257) 0.166008 (3.19528,0.457231) (0.248438,-0.0898522) 0.163071 (3.49027,0.616639) (0.272569,-0.14701) 0.170688 (2.86929,1.55482) (0.149646,-0.0317675) 0.147057 (2,1.8) (0,0) 0.001 (2,0.3) (0,0) 0.001
4.2 (5.2525,1.18015) (0.808624,-0.0311559) 0.13125 (5.98029,1.15206) 1.67852 -0.0385104 (3.7443,0.182376) (0.293604,-0.076152) 0.166008 (3.21994,0.448686) (0.246577,-0.085443) 0.163071 (3.51752,0.601938) (0.272569,-0.14701) 0.170688 (2.88425,1.55165) (0.149644,-0.0317725) 0.147057 (2,1.8) (0,0) 0.001 (2,0.3) (0,0) 0.001
4.3 (5.32528,1.17734) (0.72777,-0.0281035) 0.13125 (5.98029,1.15206) 1.67852 -0.0385968 (3.77363,0.174669) (0.293321,-0.0770668) 0.166008 (3.2444,0.440598) (0.244651,-0.0808814) 0.163071 (3.54478,0.587237) (0.272569,-0.14701) 0.170688 (2.89922,1.54847) (0.149643,-0.0317801) 0.147057 (2,1.8) (0,0) 0.001 (2,0.3) (0,0) 0.001
4.4 (5.39078,1.17482) (0.655056,-0.0252151) 0.13125 (5.98029,1.15206) 1.67852 -0.0384741 (3.80294,0.166868) (0.293034,-0.078011) 0.166008 (3.26868,0.432951) (0.242792,-0.0764761) 0.163071 (3.57204,0.572536) (0.272568,-0.14701) 0.170688 (2.91418,1.54529) (0.149646,-0.0317675) 0.147057 (2,1.8) (0,0) 0.001 (2,0.3) (0,0) 0.001
4.5 (5.44974,1.17254) (0.589537,-0.0228127) 0.13125 (5.98029,1.15206) 1.67852 -0.0386766 (3.83222,0.15899) (0.292801,-0.0787863) 0.166008 (3.29278,0.425735) (0.24097,-0.0721589) 0.163071 (3.5993,0.557835) (0.272568,-0.147011) 0.170688 (2.92915,1.54212) (0.149647,-0.0317621) 0.147057 (2,1.8) (0,0) 0.001 (2,0.3) (0,0) 0.001
4.6 (5.5028,1.17048) (0.530626,-0.020526) 0.13125 (5.98029,1.15206) 1.67852 -0.0386633 (3.86147,0.151039) (0.292585,-0.0795092) 0.166008 (3.3167,0.418942) (0.239184,-0.0679327) 0.163071 (3.62655,0.543134) (0.272569,-0.147009) 0.170688 (2.94411,1.53894) (0.149646,-0.0317671) 0.147057 (2,1.8) (0,0) 0.001 (2,0.3) (0,0) 0.001
4.7 (5.55055,1.16864) (0.477452,-0.0184639) 0.13125 (5.98029,1.15206) 1.67852 -0.0386525 (3.89071,0.143018) (0.292379,-0.0802049) 0.166008 (3.33958,0.415335) (0.22876,-0.0360626) 0.163071 (3.65371,0.528251) (0.271581,-0.148827) 0.170688 (2.95908,1.53576) (0.149646,-0.0317638) 0.147057 (2,1.8) (0,0) 0.001 (2,0.3) (0,0) 0.001
4.8 (5.59351,1.16698) (0.429653,-0.0165948) 0.13125 (5.98029,1.15206) 1.67852 -0.0386046 (3.91991,0.134952) (0.292012,-0.080666) 0.166008 (3.36164,0.414798) (0.220614,-0.00536828) 0.163071 (3.68073,0.513114) (0.270172,-0.15137) 0.170688 (2.97404,1.53259) (0.149644,-0.0317751) 0.147057 (2,1.8) (0,0) 0.001 (2,0.3) (0,0) 0.001
