[[(2, 2.1), (0, 2.1), (0, 1.8), (2, 1.8)], [(2, 0.3), (0, 0.3), (0, 0), (2, 0)]]
timestamp position0 velocity0 radius0 goal pref_speed theta position1 velocity1 radius1 position2 velocity2 radius2 position3 velocity3 radius3 position4 velocity4 radius4 position5 velocity5 radius5 position6 velocity6 radius6
0 (1.19482,1.01998) (0,0) 0.160735 (5.98029,1.15206) 1.53534 0 (2.20752,0.574998) (0,0) 0.149582 (2.33472,0.883519) (0,0) 0.143909 (2.2729,1.23327) (0,0) 0.176375 (2.33371,1.69855) (0,0) 0.135528 (1.19482,1.8) (0,0) 0.001 (1.19482,0.3) (0,0) 0.001
0.25 (1.44472,1.02688) (0.999591,0.0275958) 0.160735 (5.98029,1.15206) 1.53534 0.0276001 (2.23661,0.564092) (0.11636,-0.0436243) 0.149582 (2.42434,0.885751) (0.358462,0.00892721) 0.143909 (2.28868,1.23517) (0.0631276,0.00761676) 0.176375 (2.42199,1.68527) (0.353127,-0.0531214) 0.135528 (1.44472,1.8) (0,0) 0.001 (1.44472,0.3) (0,0) 0.001
0.5 (1.5963,1.02833) (0.606319,0.00579534) 0.160735 (5.98029,1.15206) 1.53534 0.00955796 (2.26678,0.556679) (0.12068,-0.0296519) 0.149582 (2.5135,0.876498) (0.356658,-0.0370104) 0.143909 (2.32914,1.25413) (0.161866,0.0758257) 0.176375 (2.50931,1.66666) (0.349251,-0.0744582) 0.135528 (1.5963,1.8) (0,0) 0.001 (1.5963,0.3) (0,0) 0.001
0.75 (1.74788,1.02978) (0.606319,0.00579533) 0.160735 (5.98029,1.15206) 1.53534 0.00955794 (2.29695,0.549265) (0.120679,-0.029654) 0.149582 (2.60267,0.867246) (0.356658,-0.0370104) 0.143909 (2.38712,1.27032) (0.231886,0.0647929) 0.176375 (2.59597,1.64522) (0.346649,-0.0857605) 0.135528 (1.74788,1.8) (0,0) 0.001 (1.74788,0.3) (0,0) 0.001
1 (1.89946,1.03123) (0.606319,0.00579532) 0.160735 (5.98029,1.15206) 1.53534 0.00955792 (2.32712,0.541852) (0.120679,-0.0296528) 0.149582 (2.69183,0.857993) (0.356658,-0.0370104) 0.143909 (2.45394,1.28513) (0.267296,0.0592136) 0.176375 (2.68263,1.62377) (0.346645,-0.0857772) 0.135528 (1.89946,1.8) (0,0) 0.001 (1.89946,0.3) (0,0) 0.001
1.25 (2.05104,1.03267) (0.606319,0.00579531) 0.160735 (5.98029,1.15206) 1.53534 0.00955791 (2.35729,0.534439) (0.120679,-0.0296545) 0.149582 (2.781,0.848741) (0.356658,-0.0370103) 0.143909 (2.52339,1.29952) (0.277791,0.0575599) 0.176375 (2.76929,1.60233) (0.346651,-0.0857531) 0.135528 (2,1.8) (0,0) 0.001 (2,0.3) (0,0) 0.001
1.5 (2.20262,1.03412) (0.606319,0.0057953) 0.160735 (5.98029,1.15206) 1.53534 0.00955789 (2.38746,0.527028) (0.120682,-0.0296418) 0.149582 (2.87016,0.839488) (0.356658,-0.0370103) 0.143909 (2.59284,1.31391) (0.277791,0.0575599) 0.176375 (2.85595,1.58089) (0.346649,-0.0857603) 0.135528 (2,1.8) (0,0) 0.001 (2,0.3) (0,0) 0.001
1.75 (2.3542,1.03557) (0.606319,0.00579528) 0.160735 (5.98029,1.15206) 1.53534 0.00955786 (2.41763,0.519614) (0.120678,-0.0296578) 0.149582 (2.95932,0.830235) (0.356658,-0.0370103) 0.143909 (2.66228,1.3283) (0.277791,0.05756) 0.176375 (2.94262,1.55945) (0.346645,-0.085778) 0.135528 (2,1.8) (0,0) 0.001 (2,0.3) (0,0) 0.001
2 (2.50577,1.03702) (0.606319,0.00579527) 0.160735 (5.98029,1.15206) 1.53534 0.00955783 (2.4478,0.512202) (0.120681,-0.0296455) 0.149582 (3.04849,0.820983) (0.356658,-0.0370103) 0.143909 (2.73173,1.34269) (0.277791,0.05756) 0.176375 (3.02928,1.53801) (0.34665,-0.0857579) 0.135528 (2,1.8) (0,0) 0.001 (2,0.3) (0,0) 0.001
2.25 (2.65735,1.03847) (0.606318,0.00579523) 0.160735 (5.98029,1.15206) 1.53534 0.00955778 (2.47797,0.504789) (0.120679,-0.0296547) 0.149582 (3.13765,0.81173) (0.356658,-0.0370103) 0.143909 (2.80118,1.35708) (0.277791,0.05756) 0.176375 (3.11594,1.51656) (0.346643,-0.0857847) 0.135528 (2,1.8) (0,0) 0.001 (2,0.3) (0,0) 0.001
2.5 (2.80893,1.03992) (0.606319,0.00579529) 0.160735 (5.98029,1.15206) 1.53534 0.00955787 (2.50814,0.497374) (0.120678,-0.0296586) 0.149582 (3.22682,0.802478) (0.356658,-0.0370103) 0.143909 (2.87063,1.37147) (0.277791,0.0575599) 0.176375 (3.2026,1.49512) (0.346645,-0.0857783) 0.135528 (2,1.8) (0,0) 0.001 (2,0.3) (0,0) 0.001
2.75 (2.96051,1.04137) (0.606317,0.00579504) 0.160735 (5.98029,1.15206) 1.53534 0.00955748 (2.53831,0.489963) (0.120681,-0.0296455) 0.149582 (3.31598,0.793225) (0.356658,-0.0370103) 0.143909 (2.94007,1.38586) (0.277791,0.0575604) 0.176375 (3.28926,1.47368) (0.346647,-0.0857692) 0.135528 (2,1.8) (0,0) 0.001 (2,0.3) (0,0) 0.001
3 (3.20881,1.0594) (0.9932,0.072128) 0.160735 (5.98029,1.15206) 1.53534 0.0724946 (2.56848,0.48255) (0.12068,-0.0296514) 0.149582 (3.40515,0.783973) (0.356658,-0.0370103) 0.143909 (2.98328,1.3748) (0.172818,-0.0442302) 0.176375 (3.37592,1.45223) (0.346648,-0.0857658) 0.135528 (2,1.8) (0,0) 0.001 (2,0.3) (0,0) 0.001
3.25 (3.45702,1.07742) (0.992833,0.0720653) 0.160735 (5.98029,1.15206) 1.53534 0.0724584 (2.59865,0.475137) (0.12068,-0.0296515) 0.149582 (3.49431,0.77472) (0.356658,-0.0370105) 0.143909 (3.03835,1.33011) (0.220294,-0.17875) 0.176375 (3.46258,1.43078) (0.346639,-0.0858015) 0.135528 (2,1.8) (0,0) 0.001 (2,0.3) (0,0) 0.001
3.5 (3.70669,1.08791) (0.998672,0.0419801) 0.160735 (5.98029,1.15206) 1.53534 0.0420112 (2.62882,0.467724) (0.120679,-0.0296535) 0.149582 (3.58378,0.769114) (0.357871,-0.0224233) 0.143909 (3.0794,1.27228) (0.164196,-0.231345) 0.176375 (3.54924,1.40934) (0.346641,-0.085795) 0.135528 (2,1.8) (0,0) 0.001 (2,0.3) (0,0) 0.001
3.75 (3.95659,1.09496) (0.999616,0.0281799) 0.160735 (5.98029,1.15206) 1.53534 0.0281833 (2.65899,0.460311) (0.12068,-0.0296514) 0.149582 (3.67333,0.764995) (0.358194,-0.0164748) 0.143909 (3.11032,1.20845) (0.123672,-0.255316) 0.176375 (3.63591,1.3879) (0.346651,-0.0857538) 0.135528 (2,1.8) (0,0) 0.001 (2,0.3) (0,0) 0.001
4 (4.20649,1.102) (0.999585,0.02818) 0.160735 (5.98029,1.15206) 1.53534 0.0281843 (2.68916,0.452898) (0.12068,-0.0296494) 0.149582 (3.76289,0.761225) (0.358256,-0.0150811) 0.143909 (3.13592,1.14231) (0.10241,-0.264562) 0.176375 (3.72257,1.36645) (0.346645,-0.0857783) 0.135528 (2,1.8) (0,0) 0.001 (2,0.3) (0,0) 0.001
4.25 (4.45639,1.10905) (0.999596,0.0281881) 0.160735 (5.98029,1.15206) 1.53534 0.028192 (2.71933,0.445487) (0.120681,-0.029647) 0.149582 (3.85245,0.757205) (0.358212,-0.016081) 0.143909 (3.15869,1.07514) (0.0910521,-0.268683) 0.176375 (3.8093,1.34528) (0.346912,-0.0846909) 0.135528 (2,1.8) (0,0) 0.001 (2,0.3) (0,0) 0.001
4.5 (4.70628,1.1161) (0.999554,0.0282091) 0.160735 (5.98029,1.15206) 1.53534 0.0282142 (2.7495,0.438076) (0.120682,-0.0296434) 0.149582 (3.94198,0.752774) (0.358135,-0.0177235) 0.143909 (3.17991,1.00746) (0.0849092,-0.270687) 0.176375 (3.89613,1.32455) (0.347343,-0.0829045) 0.135528 (2,1.8) (0,0) 0.001 (2,0.3) (0,0) 0.001
4.75 (4.95618,1.12315) (0.999596,0.0281983) 0.160735 (5.98029,1.15206) 1.53534 0.0282022 (2.77967,0.430663) (0.12068,-0.0296502) 0.149582 (4.03149,0.747955) (0.358055,-0.0192754) 0.143909 (3.2003,0.939535) (0.0815512,-0.271717) 0.176375 (3.98307,1.30425) (0.34774,-0.0812241) 0.135528 (2,1.8) (0,0) 0.001 (2,0.3) (0,0) 0.001
5 (5.20608,1.1302) (0.999596,0.0282168) 0.160735 (5.98029,1.15206) 1.53534 0.0282207 (2.80984,0.423249) (0.120679,-0.0296551) 0.149582 (4.12099,0.742767) (0.357972,-0.0207528) 0.143909 (3.22022,0.871468) (0.0796949,-0.272268) 0.176375 (4.07009,1.28434) (0.348108,-0.0796308) 0.135528 (2,1.8) (0,0) 0.001 (2,0.3) (0,0) 0.001
5.25 (5.39961,1.13566) (0.774146,0.0218418) 0.160735 (5.98029,1.15206) 1.53534 0.0282066 (2.84001,0.415838) (0.120682,-0.0296439) 0.149582 (4.21046,0.737227) (0.357888,-0.0221588) 0.143909 (3.23989,0.803326) (0.0786559,-0.272569) 0.176375 (4.15721,1.26481) (0.34845,-0.0781203) 0.135528 (2,1.8) (0,0) 0.001 (2,0.3) (0,0) 0.001
5.5 (5.54477,1.13976) (0.580648,0.0163759) 0.160735 (5.98029,1.15206) 1.53534 0.0281953 (2.87018,0.408425) (0.12068,-0.0296523) 0.149582 (4.29991,0.731353) (0.357802,-0.0234968) 0.143909 (3.2594,0.735141) (0.0780661,-0.272739) 0.176375 (4.2444,1.24564) (0.348768,-0.076688) 0.135528 (2,1.8) (0,0) 0.001 (2,0.3) (0,0) 0.001
