[[(2, 2.1), (0, 2.1), (0, 1.8), (2, 1.8)], [(2, 0.3), (0, 0.3), (0, 0), (2, 0)]]
timestamp position0 velocity0 radius0 goal pref_speed theta position1 velocity1 radius1 position2 velocity2 radius2 position3 velocity3 radius3 position4 velocity4 radius4 position5 velocity5 radius5 position6 velocity6 radius6
0 (1.30433,1.18713) (0,0) 0.145311 (5.98029,1.15206) 1.88453 0 (2.24647,0.489986) (0,0) 0.148077 (2.25614,0.868461) (0,0) 0.125569 (2.2458,1.22323) (0,0) 0.167837 (2.30418,1.53114) (0,0) 0.190126 (1.30433,1.8) (0,0) 0.001 (1.30433,0.3) (0,0) 0.001
0.25 (1.32048,1.1763) (0.064609,-0.0433166) 0.145311 (5.98029,1.15206) 1.88453 -0.590612 (2.30151,0.479139) (0.220162,-0.0433869) 0.148077 (2.31876,0.870247) (0.250455,0.00714448) 0.125569 (2.2225,1.21306) (-0.0932151,-0.0406889) 0.167837 (2.33735,1.54753) (0.13271,0.0655724) 0.190126 (1.32048,1.8) (0,0) 0.001 (1.32048,0.3) (0,0) 0.001
0.5 (1.34282,1.13975) (0.0893429,-0.146197) 0.145311 (5.98029,1.15206) 1.88453 -1.02225 (2.35655,0.468299) (0.220168,-0.0433585) 0.148077 (2.38137,0.872032) (0.250455,0.00713835) 0.125569 (2.22499,1.18827) (0.009973,-0.0991525) 0.167837 (2.37402,1.54252) (0.146659,-0.020072) 0.190126 (1.34282,1.8) (0,0) 0.001 (1.34282,0.3) (0,0) 0.001
0.75 (1.3713,1.10503) (0.113917,-0.138887) 0.145311 (5.98029,1.15206) 1.88453 -0.883853 (2.41159,0.457457) (0.220165,-0.0433708) 0.148077 (2.44398,0.873818) (0.250455,0.00714644) 0.125569 (2.23564,1.13877) (0.0425982,-0.198016) 0.167837 (2.41032,1.53534) (0.145219,-0.0286871) 0.190126 (1.3713,1.8) (0,0) 0.001 (1.3713,0.3) (0,0) 0.001
1 (1.43913,1.13251) (0.271307,0.109933) 0.145311 (5.98029,1.15206) 1.88453 0.384978 (2.46663,0.446616) (0.220167,-0.0433623) 0.148077 (2.5066,0.875604) (0.250455,0.00714475) 0.125569 (2.26361,1.09382) (0.111861,-0.179799) 0.167837 (2.44663,1.52817) (0.14522,-0.0286841) 0.190126 (1.43913,1.8) (0,0) 0.001 (1.43913,0.3) (0,0) 0.001
1.25 (1.66946,1.18877) (0.921326,0.225054) 0.145311 (5.98029,1.15206) 1.88453 0.23958 (2.52167,0.435776) (0.220167,-0.0433608) 0.148077 (2.56921,0.877396) (0.250454,0.00716816) 0.125569 (2.30312,1.05859) (0.158064,-0.140913) 0.167837 (2.48293,1.521) (0.14522,-0.0286855) 0.190126 (1.66946,1.8) (0,0) 0.001 (1.66946,0.3) (0,0) 0.001
1.5 (1.85786,1.21451) (0.753621,0.10296) 0.145311 (5.98029,1.15206) 1.88453 0.13578 (2.57671,0.424934) (0.220166,-0.0433676) 0.148077 (2.63182,0.879178) (0.250455,0.00712457) 0.125569 (2.34264,1.02337) (0.158078,-0.140897) 0.167837 (2.51025,1.54597) (0.109271,0.0998576) 0.190126 (1.85786,1.8) (0,0) 0.001 (1.85786,0.3) (0,0) 0.001
1.75 (2.07845,1.23918) (0.882344,0.0986514) 0.145311 (5.98029,1.15206) 1.88453 0.111344 (2.63176,0.414089) (0.220163,-0.0433792) 0.148077 (2.69444,0.880961) (0.250455,0.00713558) 0.125569 (2.38216,0.988139) (0.158063,-0.140914) 0.167837 (2.53673,1.57182) (0.105925,0.1034) 0.190126 (2,1.8) (0,0) 0.001 (2,0.3) (0,0) 0.001
2 (2.32221,1.26026) (0.975048,0.0843311) 0.145311 (5.98029,1.15206) 1.88453 0.0862745 (2.6868,0.403249) (0.220167,-0.0433613) 0.148077 (2.75705,0.882753) (0.250454,0.00716474) 0.125569 (2.42167,0.952911) (0.158063,-0.140913) 0.167837 (2.56321,1.59767) (0.105925,0.1034) 0.190126 (2,1.8) (0,0) 0.001 (2,0.3) (0,0) 0.001
2.25 (2.57162,1.26019) (0.997644,-0.000288418) 0.145311 (5.98029,1.15206) 1.88453 -0.000289099 (2.74184,0.392405) (0.220164,-0.0433743) 0.148077 (2.81967,0.884539) (0.250455,0.00714717) 0.125569 (2.46119,0.917681) (0.15806,-0.140917) 0.167837 (2.59251,1.62027) (0.117197,0.090424) 0.190126 (2,1.8) (0,0) 0.001 (2,0.3) (0,0) 0.001
2.5 (2.82148,1.25227) (0.99945,-0.0316628) 0.145311 (5.98029,1.15206) 1.88453 -0.0316696 (2.79688,0.381564) (0.220166,-0.0433661) 0.148077 (2.88228,0.886331) (0.250454,0.00716538) 0.125569 (2.5007,0.88245) (0.158053,-0.140925) 0.167837 (2.62858,1.61199) (0.144272,-0.0331265) 0.190126 (2,1.8) (0,0) 0.001 (2,0.3) (0,0) 0.001
2.75 (3.07133,1.24435) (0.999403,-0.0316784) 0.145311 (5.98029,1.15206) 1.88453 -0.0316867 (2.85192,0.370723) (0.220166,-0.0433647) 0.148077 (2.94489,0.888116) (0.250455,0.00713998) 0.125569 (2.54022,0.847222) (0.158063,-0.140914) 0.167837 (2.66458,1.60339) (0.143977,-0.0343861) 0.190126 (2,1.8) (0,0) 0.001 (2,0.3) (0,0) 0.001
3 (3.32121,1.23643) (0.999498,-0.0317034) 0.145311 (5.98029,1.15206) 1.88453 -0.0317087 (2.90696,0.359878) (0.220164,-0.0433786) 0.148077 (3.00751,0.889901) (0.250455,0.00714107) 0.125569 (2.57974,0.811995) (0.15807,-0.140906) 0.167837 (2.70057,1.5948) (0.143978,-0.0343791) 0.190126 (2,1.8) (0,0) 0.001 (2,0.3) (0,0) 0.001
3.25 (3.57108,1.2285) (0.999469,-0.0316893) 0.145311 (5.98029,1.15206) 1.88453 -0.0316955 (2.962,0.349034) (0.220164,-0.0433773) 0.148077 (3.07012,0.891688) (0.250455,0.00714677) 0.125569 (2.61925,0.77677) (0.158074,-0.140902) 0.167837 (2.73656,1.5862) (0.143978,-0.0343793) 0.190126 (2,1.8) (0,0) 0.001 (2,0.3) (0,0) 0.001
3.5 (3.82096,1.22058) (0.999537,-0.0317008) 0.145311 (5.98029,1.15206) 1.88453 -0.0317048 (3.01704,0.338195) (0.220168,-0.0433556) 0.148077 (3.13273,0.893478) (0.250454,0.00716203) 0.125569 (2.65877,0.741545) (0.158075,-0.1409) 0.167837 (2.77256,1.57761) (0.143975,-0.0343927) 0.190126 (2,1.8) (0,0) 0.001 (2,0.3) (0,0) 0.001
3.75 (4.07083,1.21267) (0.999457,-0.0316271) 0.145311 (5.98029,1.15206) 1.88453 -0.0316338 (3.07209,0.327354) (0.220166,-0.0433637) 0.148077 (3.19535,0.895259) (0.250455,0.00712214) 0.125569 (2.69829,0.706314) (0.158056,-0.140922) 0.167837 (2.80855,1.56901) (0.143977,-0.034386) 0.190126 (2,1.8) (0,0) 0.001 (2,0.3) (0,0) 0.001
4 (4.3207,1.20474) (0.9995,-0.0317318) 0.145311 (5.98029,1.15206) 1.88453 -0.031737 (3.12713,0.316509) (0.220163,-0.0433795) 0.148077 (3.25796,0.897045) (0.250455,0.00714454) 0.125569 (2.7378,0.671084) (0.158054,-0.140923) 0.167837 (2.84455,1.56042) (0.143981,-0.0343691) 0.190126 (2,1.8) (0,0) 0.001 (2,0.3) (0,0) 0.001
4.25 (4.57058,1.1968) (0.999518,-0.0317428) 0.145311 (5.98029,1.15206) 1.88453 -0.0317475 (3.18217,0.305675) (0.220172,-0.0433353) 0.148077 (3.32057,0.898829) (0.250455,0.0071365) 0.125569 (2.77731,0.635852) (0.15805,-0.140928) 0.167837 (2.88054,1.55182) (0.143979,-0.0343739) 0.190126 (2,1.8) (0,0) 0.001 (2,0.3) (0,0) 0.001
4.5 (4.82047,1.18886) (0.999545,-0.0317527) 0.145311 (5.98029,1.15206) 1.88453 -0.0317565 (3.23721,0.294839) (0.220171,-0.0433433) 0.148077 (3.38319,0.900615) (0.250455,0.00714392) 0.125569 (2.81683,0.600624) (0.158065,-0.140911) 0.167837 (2.91654,1.54323) (0.143977,-0.0343855) 0.190126 (2,1.8) (0,0) 0.001 (2,0.3) (0,0) 0.001
4.75 (5.07034,1.18092) (0.999498,-0.0317891) 0.145311 (5.98029,1.15206) 1.88453 -0.0317944 (3.29225,0.283992) (0.220161,-0.0433911) 0.148077 (3.4458,0.902402) (0.250454,0.00714921) 0.125569 (2.85635,0.565396) (0.158065,-0.140911) 0.167837 (2.95253,1.53463) (0.143978,-0.0343794) 0.190126 (2,1.8) (0,0) 0.001 (2,0.3) (0,0) 0.001
5 (5.29783,1.17368) (0.909976,-0.0289418) 0.145311 (5.98029,1.15206) 1.88453 -0.0317943 (3.3473,0.273157) (0.220172,-0.0433375) 0.148077 (3.50842,0.904188) (0.250455,0.00714378) 0.125569 (2.89586,0.530169) (0.158069,-0.140907) 0.167837 (2.98853,1.52604) (0.14398,-0.0343735) 0.190126 (2,1.8) (0,0) 0.001 (2,0.3) (0,0) 0.001
5.25 (5.46845,1.16827) (0.682457,-0.0216258) 0.145311 (5.98029,1.15206) 1.88453 -0.0316776 (3.40234,0.262316) (0.220167,-0.0433636) 0.148077 (3.57103,0.905973) (0.250455,0.00714092) 0.125569 (2.93538,0.494943) (0.158073,-0.140903) 0.167837 (3.02452,1.51745) (0.143978,-0.034378) 0.190126 (2,1.8) (0,0) 0.001 (2,0.3) (0,0) 0.001
5.5 (5.59639,1.16423) (0.511773,-0.0161698) 0.145311 (5.98029,1.15206) 1.88453 -0.0315851 (3.45738,0.251473) (0.220164,-0.0433742) 0.148077 (3.63364,0.90776) (0.250455,0.00714802) 0.125569 (2.9749,0.459717) (0.158072,-0.140904) 0.167837 (3.06051,1.50885) (0.143978,-0.0343781) 0.190126 (2,1.8) (0,0) 0.001 (2,0.3) (0,0) 0.001
