[[(2, 2.1), (0, 2.1), (0, 1.8), (2, 1.8)], [(2, 0.3), (0, 0.3), (0, 0), (2, 0)]]
timestamp position0 velocity0 radius0 goal pref_speed theta position1 velocity1 radius1 position2 velocity2 radius2 position3 velocity3 radius3 position4 velocity4 radius4 position5 velocity5 radius5 position6 velocity6 radius6
0 (1.20901,1.08223) (0,0) 0.159609 (5.98029,1.15206) 1.8001 0 (2.3996,0.553779) (0,0) 0.141072 (2.29095,0.816639) (0,0) 0.143375 (2.27073,1.20592) (0,0) 0.184957 (2.27731,1.6716) (0,0) 0.180439 (1.20901,1.8) (0,0) 0.001 (1.20901,0.3) (0,0) 0.001
0.25 (1.45899,1.08589) (0.999901,0.014633) 0.159609 (5.98029,1.15206) 1.8001 0.0146334 (2.47803,0.532742) (0.313731,-0.084149) 0.141072 (2.29518,0.818397) (0.0169124,0.00703398) 0.143375 (2.31433,1.20664) (0.174415,0.00290617) 0.184957 (2.3236,1.66844) (0.185142,-0.0126533) 0.180439 (1.45899,1.8) (0,0) 0.001 (1.45899,0.3) (0,0) 0.001
0.5 (1.60153,1.08926) (0.57016,0.013475) 0.159609 (5.98029,1.15206) 1.8001 0.0236293 (2.55646,0.511696) (0.313721,-0.0841858) 0.141072 (2.33603,0.807699) (0.163402,-0.0427943) 0.143375 (2.35466,1.22323) (0.161332,0.0663435) 0.184957 (2.36984,1.66468) (0.184964,-0.015028) 0.180439 (1.60153,1.8) (0,0) 0.001 (1.60153,0.3) (0,0) 0.001
0.75 (1.73444,1.0868) (0.531659,-0.00982122) 0.159609 (5.98029,1.15206) 1.8001 -0.0184707 (2.63489,0.490653) (0.313725,-0.0841697) 0.141072 (2.39145,0.80297) (0.221683,-0.0189176) 0.143375 (2.35619,1.26015) (0.00611724,0.147703) 0.184957 (2.41603,1.66897) (0.184779,0.0171594) 0.180439 (1.73444,1.8) (0,0) 0.001 (1.73444,0.3) (0,0) 0.001
1 (1.86736,1.08435) (0.531659,-0.0098212) 0.159609 (5.98029,1.15206) 1.8001 -0.0184706 (2.71332,0.469613) (0.313727,-0.0841627) 0.141072 (2.44687,0.79824) (0.221683,-0.0189176) 0.143375 (2.35772,1.29708) (0.0061173,0.147703) 0.184957 (2.46223,1.67326) (0.184779,0.0171594) 0.180439 (1.86736,1.8) (0,0) 0.001 (1.86736,0.3) (0,0) 0.001
1.25 (2.00027,1.08189) (0.531659,-0.00982118) 0.159609 (5.98029,1.15206) 1.8001 -0.0184706 (2.79175,0.448565) (0.31372,-0.0841899) 0.141072 (2.50229,0.793511) (0.221683,-0.0189176) 0.143375 (2.35925,1.33401) (0.00611726,0.147703) 0.184957 (2.50842,1.67755) (0.184779,0.0171594) 0.180439 (2,1.8) (0,0) 0.001 (2,0.3) (0,0) 0.001
1.5 (2.13319,1.07944) (0.53166,-0.00982116) 0.159609 (5.98029,1.15206) 1.8001 -0.0184705 (2.87018,0.427527) (0.31373,-0.084152) 0.141072 (2.55771,0.788781) (0.221683,-0.0189176) 0.143375 (2.36078,1.37093) (0.0061174,0.147703) 0.184957 (2.55462,1.68184) (0.184779,0.0171595) 0.180439 (2,1.8) (0,0) 0.001 (2,0.3) (0,0) 0.001
1.75 (2.2661,1.07698) (0.531659,-0.00982118) 0.159609 (5.98029,1.15206) 1.8001 -0.0184706 (2.94862,0.40649) (0.31373,-0.0841501) 0.141072 (2.61313,0.784052) (0.221683,-0.0189176) 0.143375 (2.36231,1.40786) (0.00611602,0.147703) 0.184957 (2.60081,1.68613) (0.184779,0.01716) 0.180439 (2,1.8) (0,0) 0.001 (2,0.3) (0,0) 0.001
2 (2.40279,1.07464) (0.546751,-0.00937833) 0.159609 (5.98029,1.15206) 1.8001 -0.0171511 (3.02705,0.38545) (0.313728,-0.0841594) 0.141072 (2.66855,0.779323) (0.221683,-0.0189176) 0.143375 (2.37387,1.44078) (0.0462627,0.131691) 0.184957 (2.64717,1.68422) (0.185415,-0.00767247) 0.180439 (2,1.8) (0,0) 0.001 (2,0.3) (0,0) 0.001
2.25 (2.65274,1.08002) (0.999793,0.0215394) 0.159609 (5.98029,1.15206) 1.8001 0.0215405 (3.10548,0.364401) (0.313719,-0.0841942) 0.141072 (2.72398,0.774593) (0.221683,-0.0189176) 0.143375 (2.39216,1.4303) (0.0731573,-0.0419149) 0.184957 (2.69317,1.67823) (0.184025,-0.0239282) 0.180439 (2,1.8) (0,0) 0.001 (2,0.3) (0,0) 0.001
2.5 (2.90268,1.08542) (0.999745,0.0216031) 0.159609 (5.98029,1.15206) 1.8001 0.0216052 (3.18391,0.343354) (0.313719,-0.0841906) 0.141072 (2.77949,0.778044) (0.222061,0.0138013) 0.143375 (2.41849,1.39554) (0.10531,-0.139065) 0.184957 (2.73799,1.66624) (0.179269,-0.0479615) 0.180439 (2,1.8) (0,0) 0.001 (2,0.3) (0,0) 0.001
2.75 (3.15262,1.09084) (0.999765,0.0216456) 0.159609 (5.98029,1.15206) 1.8001 0.0216473 (3.26234,0.322321) (0.313736,-0.0841288) 0.141072 (2.835,0.781549) (0.222047,0.0140229) 0.143375 (2.44482,1.36077) (0.105311,-0.139064) 0.184957 (2.78281,1.65425) (0.179267,-0.0479668) 0.180439 (2,1.8) (0,0) 0.001 (2,0.3) (0,0) 0.001
3 (3.40257,1.09623) (0.999814,0.0215985) 0.159609 (5.98029,1.15206) 1.8001 0.0215991 (3.34078,0.301291) (0.313738,-0.084122) 0.141072 (2.89051,0.785057) (0.222046,0.0140311) 0.143375 (2.47115,1.326) (0.105305,-0.139069) 0.184957 (2.82762,1.64226) (0.179269,-0.0479609) 0.180439 (2,1.8) (0,0) 0.001 (2,0.3) (0,0) 0.001
3.25 (3.65251,1.10163) (0.999748,0.0215789) 0.159609 (5.98029,1.15206) 1.8001 0.021581 (3.41921,0.280247) (0.313724,-0.0841734) 0.141072 (2.94603,0.788566) (0.222046,0.0140353) 0.143375 (2.49747,1.29124) (0.105306,-0.139067) 0.184957 (2.87244,1.63027) (0.179266,-0.0479723) 0.180439 (2,1.8) (0,0) 0.001 (2,0.3) (0,0) 0.001
3.5 (3.90245,1.10704) (0.999784,0.0216229) 0.159609 (5.98029,1.15206) 1.8001 0.0216242 (3.49379,0.260234) (0.29834,-0.0800525) 0.141072 (3.00154,0.792075) (0.222046,0.0140349) 0.143375 (2.5238,1.25647) (0.105307,-0.139067) 0.184957 (2.91726,1.61828) (0.179267,-0.0479685) 0.180439 (2,1.8) (0,0) 0.001 (2,0.3) (0,0) 0.001
3.75 (4.15239,1.11244) (0.999734,0.021636) 0.159609 (5.98029,1.15206) 1.8001 0.0216383 (3.54975,0.245229) (0.22383,-0.0600218) 0.141072 (3.05705,0.795582) (0.222046,0.0140288) 0.143375 (2.55013,1.2217) (0.105305,-0.139069) 0.184957 (2.96207,1.60628) (0.179266,-0.0479721) 0.180439 (2,1.8) (0,0) 0.001 (2,0.3) (0,0) 0.001
4 (4.40234,1.11787) (0.999805,0.0217041) 0.159609 (5.98029,1.15206) 1.8001 0.021705 (3.5917,0.233976) (0.167802,-0.0450101) 0.141072 (3.11256,0.799088) (0.222047,0.0140244) 0.143375 (2.57645,1.18694) (0.105313,-0.139063) 0.184957 (3.00689,1.59429) (0.179269,-0.0479624) 0.180439 (2,1.8) (0,0) 0.001 (2,0.3) (0,0) 0.001
4.25 (4.65226,1.1233) (0.999705,0.0217164) 0.159609 (5.98029,1.15206) 1.8001 0.0217194 (3.62317,0.225539) (0.125856,-0.0337509) 0.141072 (3.16807,0.802595) (0.222046,0.0140298) 0.143375 (2.60278,1.15217) (0.105304,-0.139069) 0.184957 (3.05171,1.5823) (0.179268,-0.0479651) 0.180439 (2,1.8) (0,0) 0.001 (2,0.3) (0,0) 0.001
4.5 (4.90221,1.1287) (0.999784,0.021586) 0.159609 (5.98029,1.15206) 1.8001 0.0215873 (3.64674,0.21921) (0.0943086,-0.0253165) 0.141072 (3.22358,0.806104) (0.222046,0.0140363) 0.143375 (2.62911,1.1174) (0.105317,-0.139059) 0.184957 (3.09652,1.57031) (0.179268,-0.0479641) 0.180439 (2,1.8) (0,0) 0.001 (2,0.3) (0,0) 0.001
4.75 (5.15215,1.13412) (0.999749,0.0216903) 0.159609 (5.98029,1.15206) 1.8001 0.0216924 (3.66444,0.214449) (0.0707742,-0.0190402) 0.141072 (3.27909,0.809614) (0.222046,0.0140395) 0.143375 (2.65544,1.08264) (0.105312,-0.139064) 0.184957 (3.14134,1.55832) (0.179269,-0.0479614) 0.180439 (2,1.8) (0,0) 0.001 (2,0.3) (0,0) 0.001
5 (5.3592,1.1386) (0.82821,0.0179392) 0.159609 (5.98029,1.15206) 1.8001 0.0216568 (3.67772,0.210894) (0.0531292,-0.0142216) 0.141072 (3.33461,0.81312) (0.222047,0.0140232) 0.143375 (2.68176,1.04787) (0.105307,-0.139067) 0.184957 (3.18616,1.54633) (0.179264,-0.0479782) 0.180439 (2,1.8) (0,0) 0.001 (2,0.3) (0,0) 0.001
5.25 (5.51446,1.14197) (0.621057,0.0134808) 0.159609 (5.98029,1.15206) 1.8001 0.0217028 (3.68766,0.208236) (0.0397596,-0.0106306) 0.141072 (3.39012,0.816631) (0.222045,0.0140435) 0.143375 (2.70809,1.0131) (0.105308,-0.139066) 0.184957 (3.23097,1.53433) (0.179265,-0.0479739) 0.180439 (2,1.8) (0,0) 0.001 (2,0.3) (0,0) 0.001
