[[(7.0, 6.0), (0, 6.0), (0, 5.0), (7.0, 5.0)], [(7.0, 1.0), (0, 1.0), (0, 0), (7.0, 0)]]
timestamp position0 velocity0 radius0 heading0 goal pref_speed theta position1 velocity1 radius1 heading1 position2 velocity2 radius2 heading2 position3 velocity3 radius3 heading3 position4 velocity4 radius4 heading4 position5 velocity5 radius5 heading5 position6 velocity6 radius6 heading6 
0.0 (6.0,2.724933385848999) (0.0,0.0) 0.5 -0.06279748030885912 (10.0,3.45645678435729) 3.0 0.0 (7.266999244689941,1.5) (0.0,0.0) 0.5 0.12121075512833435 (8.09366512298584,2.5) (0.0,0.0) 0.5 -0.09769378209255414 (7.126852512359619,3.5) (0.0,0.0) 0.5 0.1407481652271919 (8.112523078918457,4.5) (0.0,0.0) 0.5 0.1460917416143962 (6.0,5.0) (0,0) 1e-07 -0.06279748030885912 (6.0,1.0) (0,0) 1e-07 -0.06279748030885912 
1.0 (6.298847675323486,2.6148390769958496) (0.29884761571884155,-0.11009426414966583) 0.5 -0.06279748030885912 (10.0,3.45645678435729) 3.0 -0.35296832295120223 (7.888960838317871,1.1788089275360107) (0.6219615340232849,-0.32119113206863403) 0.5 0.12121075512833435 (8.719740867614746,2.1869044303894043) (0.6260759234428406,-0.31309568881988525) 0.5 -0.09769378209255414 (7.411416053771973,3.5032284259796143) (0.28456348180770874,0.0032285302877426147) 0.5 0.1407481652271919 (8.77301025390625,4.731855392456055) (0.6604869365692139,0.2318556308746338) 0.5 0.1460917416143962 (6.298847675323486,5.0) (0,0) 1e-07 -0.06279748030885912 (6.298847675323486,1.0) (0,0) 1e-07 -0.06279748030885912 
2.0 (6.87423038482666,2.562514066696167) (0.5753825902938843,-0.05232497304677963) 0.5 -0.06279748030885912 (10.0,3.45645678435729) 3.0 -0.09068999175502643 (8.561431884765625,0.9844312071800232) (0.6724710464477539,-0.19437772035598755) 0.5 0.12121075512833435 (9.345816612243652,1.873808741569519) (0.6260759830474854,-0.31309568881988525) 0.5 -0.09769378209255414 (8.09885025024414,3.6352670192718506) (0.687434196472168,0.13203856348991394) 0.5 0.1407481652271919 (9.433497428894043,4.963711261749268) (0.6604868769645691,0.23185569047927856) 0.5 0.1460917416143962 (6.87423038482666,5.0) (0,0) 1e-07 -0.06279748030885912 (6.87423038482666,1.0) (0,0) 1e-07 -0.06279748030885912 
3.0 (7.412339210510254,2.5945184230804443) (0.5381090044975281,0.03200443089008331) 0.5 -0.06279748030885912 (10.0,3.45645678435729) 3.0 0.05940575870754186 (9.233902931213379,0.7900534868240356) (0.6724710464477539,-0.19437773525714874) 0.5 0.12121075512833435 (9.971892356872559,1.5607130527496338) (0.6260759830474854,-0.31309565901756287) 0.5 -0.09769378209255414 (8.786284446716309,3.767305612564087) (0.6874342560768127,0.13203854858875275) 0.5 0.1407481652271919 (10.093984603881836,5.1955671310424805) (0.6604868769645691,0.23185564577579498) 0.5 0.1460917416143962 (7.0,5.0) (0,0) 1e-07 -0.06279748030885912 (7.0,1.0) (0,0) 1e-07 -0.06279748030885912 
4.0 (7.9292426109313965,2.6200695037841797) (0.516903281211853,0.025551065802574158) 0.5 -0.06279748030885912 (10.0,3.45645678435729) 3.0 0.0493908366636798 (9.897921562194824,0.5685146450996399) (0.6640185117721558,-0.22153882682323456) 0.5 0.12121075512833435 (10.609404563903809,1.271613597869873) (0.6375119090080261,-0.28909939527511597) 0.5 -0.09769378209255414 (9.473718643188477,3.8993442058563232) (0.687434196472168,0.13203851878643036) 0.5 0.1407481652271919 (10.754471778869629,5.427422523498535) (0.6604869961738586,0.2318555861711502) 0.5 0.1460917416143962 (7.0,5.0) (0,0) 1e-07 -0.06279748030885912 (7.0,1.0) (0,0) 1e-07 -0.06279748030885912 
5.0 (8.65231704711914,2.677717447280884) (0.7230743169784546,0.057647909969091415) 0.5 -0.06279748030885912 (10.0,3.45645678435729) 3.0 0.0795578417606767 (10.237374305725098,0.5) (0.3394531309604645,-0.06851464509963989) 0.5 0.12121075512833435 (11.189701080322266,1.0910500288009644) (0.5802960395812988,-0.1805635392665863) 0.5 -0.09769378209255414 (9.997764587402344,4.0) (0.5240463018417358,0.10065579414367676) 0.5 0.1407481652271919 (10.961222648620605,5.5) (0.20675073564052582,0.07257747650146484) 0.5 0.1460917416143962 (7.0,5.0) (0,0) 1e-07 -0.06279748030885912 (7.0,1.0) (0,0) 1e-07 -0.06279748030885912 
6.0 (9.48586654663086,2.782885789871216) (0.8335493206977844,0.10516843944787979) 0.5 -0.06279748030885912 (10.0,3.45645678435729) 3.0 0.12550626330061648 (10.237374305725098,0.5) (3.866234123961476e-07,0.0) 0.5 0.12121075512833435 (11.512521743774414,1.1683728694915771) (0.3228204846382141,0.07732287049293518) 0.5 -0.09769378209255414 (10.012351989746094,4.0173726081848145) (0.014587759971618652,0.017372488975524902) 0.5 0.1407481652271919 (10.961222648620605,5.5) (-1.2910111024666548e-07,0.0) 0.5 0.1460917416143962 (7.0,5.0) (0,0) 1e-07 -0.06279748030885912 (7.0,1.0) (0,0) 1e-07 -0.06279748030885912 
7.0 (10.297643661499023,2.8788154125213623) (0.8117767572402954,0.09592960774898529) 0.5 -0.06279748030885912 (10.0,3.45645678435729) 3.0 0.11762688231676899 (10.237374305725098,0.5) (3.866234123961476e-07,0.0) 0.5 0.12121075512833435 (11.450876235961914,1.1669514179229736) (-0.061645593494176865,-0.0014214366674423218) 0.5 -0.09769378209255414 (9.997764587402344,4.0) (-0.01458706520497799,-0.017372608184814453) 0.5 0.1407481652271919 (10.961222648620605,5.5) (-1.2910111024666548e-07,0.0) 0.5 0.1460917416143962 (7.0,5.0) (0,0) 1e-07 -0.06279748030885912 (7.0,1.0) (0,0) 1e-07 -0.06279748030885912 
