[[(7.0, 6.0), (0, 6.0), (0, 5.0), (7.0, 5.0)], [(7.0, 1.0), (0, 1.0), (0, 0), (7.0, 0)]]
timestamp position0 velocity0 radius0 heading0 goal pref_speed theta position1 velocity1 radius1 heading1 position2 velocity2 radius2 heading2 position3 velocity3 radius3 heading3 position4 velocity4 radius4 heading4 position5 velocity5 radius5 heading5 position6 velocity6 radius6 heading6 
0.0 (6.0,3.4209887981414795) (0.0,0.0) 0.5 -0.2037575732790899 (10.0,2.634098352626479) 3.0 0.0 (7.486954689025879,1.5) (0.0,0.0) 0.5 -0.1150276814664058 (8.21447467803955,2.5) (0.0,0.0) 0.5 -0.1621252386786431 (7.40836238861084,3.5) (0.0,0.0) 0.5 0.3863052312842439 (8.133307456970215,4.5) (0.0,0.0) 0.5 -0.31184218089751536 (6.0,5.0) (0,0) 1e-07 -0.2037575732790899 (6.0,1.0) (0,0) 1e-07 -0.2037575732790899 
1.0 (6.114048957824707,3.2205810546875) (0.11404880881309509,-0.20040781795978546) 0.5 -0.2037575732790899 (10.0,2.634098352626479) 3.0 -1.0534197221275143 (8.085783004760742,1.1375014781951904) (0.5988278388977051,-0.36249858140945435) 0.5 -0.1150276814664058 (8.845842361450195,2.1977181434631348) (0.6313681602478027,-0.3022817373275757) 0.5 -0.1621252386786431 (7.51544189453125,3.4949769973754883) (0.10707969218492508,-0.005022972822189331) 0.5 0.3863052312842439 (8.799288749694824,4.715566635131836) (0.6659811735153198,0.21556682884693146) 0.5 -0.31184218089751536 (6.114048957824707,5.0) (0,0) 1e-07 -0.2037575732790899 (6.114048957824707,1.0) (0,0) 1e-07 -0.2037575732790899 
2.0 (6.357910633087158,2.9337120056152344) (0.24386152625083923,-0.2868690490722656) 0.5 -0.2037575732790899 (10.0,2.634098352626479) 3.0 -0.8662560529459172 (8.73448657989502,0.8744734525680542) (0.6487035751342773,-0.26302799582481384) 0.5 -0.1150276814664058 (9.477210998535156,1.8954365253448486) (0.6313682198524475,-0.3022816479206085) 0.5 -0.1621252386786431 (8.215215682983398,3.4771831035614014) (0.6997737884521484,-0.01779380440711975) 0.5 0.3863052312842439 (9.465270042419434,4.93113374710083) (0.665981113910675,0.21556688845157623) 0.5 -0.31184218089751536 (6.357910633087158,5.0) (0,0) 1e-07 -0.2037575732790899 (6.357910633087158,1.0) (0,0) 1e-07 -0.2037575732790899 
3.0 (6.921788215637207,2.75653338432312) (0.5638775825500488,-0.17717857658863068) 0.5 -0.2037575732790899 (10.0,2.634098352626479) 3.0 -0.3044461726569781 (9.39927864074707,0.6552670001983643) (0.6647921204566956,-0.21920645236968994) 0.5 -0.1150276814664058 (10.108579635620117,1.593154788017273) (0.6313682198524475,-0.30228176712989807) 0.5 -0.1621252386786431 (8.897006034851074,3.635807752609253) (0.6817904710769653,0.1586245745420456) 0.5 0.3863052312842439 (10.131251335144043,5.146700382232666) (0.6659811735153198,0.21556679904460907) 0.5 -0.31184218089751536 (6.921788215637207,5.0) (0,0) 1e-07 -0.2037575732790899 (6.921788215637207,1.0) (0,0) 1e-07 -0.2037575732790899 
4.0 (7.713462829589844,2.6999032497406006) (0.7916744947433472,-0.05663004145026207) 0.5 -0.2037575732790899 (10.0,2.634098352626479) 3.0 -0.07141034432293655 (10.064419746398926,0.43712127208709717) (0.6651409268379211,-0.2181457132101059) 0.5 -0.1150276814664058 (10.739947319030762,1.2908729314804077) (0.631368100643158,-0.30228185653686523) 0.5 -0.1621252386786431 (9.57879638671875,3.7944321632385254) (0.6817904114723206,0.15862451493740082) 0.5 0.3863052312842439 (10.797232627868652,5.36226749420166) (0.6659811735153198,0.215566948056221) 0.5 -0.31184218089751536 (7.0,5.0) (0,0) 1e-07 -0.2037575732790899 (7.0,1.0) (0,0) 1e-07 -0.2037575732790899 
5.0 (8.587580680847168,2.7012743949890137) (0.8741177320480347,0.0013712644577026367) 0.5 -0.2037575732790899 (10.0,2.634098352626479) 3.0 0.0015687398648474079 (10.418055534362793,0.46727901697158813) (0.35363534092903137,0.030157744884490967) 0.5 -0.1150276814664058 (11.366207122802734,1.0211067199707031) (0.6262595653533936,-0.26976627111434937) 0.5 -0.1621252386786431 (10.260586738586426,3.953056812286377) (0.6817904710769653,0.15862460434436798) 0.5 0.3863052312842439 (11.222749710083008,5.5) (0.42551666498184204,0.13773250579833984) 0.5 -0.31184218089751536 (7.0,5.0) (0,0) 1e-07 -0.2037575732790899 (7.0,1.0) (0,0) 1e-07 -0.2037575732790899 
6.0 (9.470592498779297,2.707871198654175) (0.8830122947692871,0.006596766412258148) 0.5 -0.2037575732790899 (10.0,2.634098352626479) 3.0 0.00747061363571487 (10.447076797485352,0.5) (0.029021263122558594,0.032720983028411865) 0.5 -0.1150276814664058 (11.840714454650879,1.0509059429168701) (0.4745069146156311,0.029799222946166992) 0.5 -0.1621252386786431 (10.547586441040039,4.103618621826172) (0.28700006008148193,0.15056172013282776) 0.5 0.3863052312842439 (11.254531860351562,5.606396675109863) (0.03178185224533081,0.10639648884534836) 0.5 -0.31184218089751536 (7.0,5.0) (0,0) 1e-07 -0.2037575732790899 (7.0,1.0) (0,0) 1e-07 -0.2037575732790899 
7.0 (10.328906059265137,2.7108614444732666) (0.8583139181137085,0.0029902830719947815) 0.5 -0.2037575732790899 (10.0,2.634098352626479) 3.0 0.0034838896477207026 (10.447076797485352,0.5) (-6.39989394812801e-10,0.0) 0.5 -0.1150276814664058 (11.953344345092773,1.1445456743240356) (0.11262992024421692,0.09363976866006851) 0.5 -0.1621252386786431 (10.458517074584961,4.056185722351074) (-0.08906972408294678,-0.04743301495909691) 0.5 0.3863052312842439 (11.238231658935547,5.6114373207092285) (-0.01630060188472271,0.005040613003075123) 0.5 -0.31184218089751536 (7.0,5.0) (0,0) 1e-07 -0.2037575732790899 (7.0,1.0) (0,0) 1e-07 -0.2037575732790899 
