[[(7.0, 6.0), (0, 6.0), (0, 5.0), (7.0, 5.0)], [(7.0, 1.0), (0, 1.0), (0, 0), (7.0, 0)]]
timestamp position0 velocity0 radius0 heading0 goal pref_speed theta position1 velocity1 radius1 heading1 position2 velocity2 radius2 heading2 position3 velocity3 radius3 heading3 position4 velocity4 radius4 heading4 position5 velocity5 radius5 heading5 position6 velocity6 radius6 heading6 
0.0 (6.0,2.8228702545166016) (0.0,0.0) 0.5 0.1666837149039765 (10.0,3.465267664783676) 3.0 0.0 (7.201663494110107,1.5) (0.0,0.0) 0.5 -0.14642427745264178 (8.014880180358887,2.5) (0.0,0.0) 0.5 0.3463892776666643 (7.056697845458984,3.5) (0.0,0.0) 0.5 0.3817108468604753 (8.389718055725098,4.5) (0.0,0.0) 0.5 -0.37275420919669805 (6.0,5.0) (0,0) 1e-07 0.1666837149039765 (6.0,1.0) (0,0) 1e-07 0.1666837149039765 
1.0 (6.153129577636719,2.702078104019165) (0.15312959253787994,-0.12079210579395294) 0.5 0.1666837149039765 (10.0,3.465267664783676) 3.0 -0.6678882877239251 (7.449388027191162,1.3916460275650024) (0.24772442877292633,-0.10835393518209457) 0.5 -0.14642427745264178 (8.632658004760742,2.1708333492279053) (0.6177777051925659,-0.32916659116744995) 0.5 0.3463892776666643 (7.236044883728027,3.5385587215423584) (0.17934691905975342,0.03855861350893974) 0.5 0.3817108468604753 (9.050053596496582,4.732287406921387) (0.660335123538971,0.23228758573532104) 0.5 -0.37275420919669805 (6.153129577636719,5.0) (0,0) 1e-07 0.1666837149039765 (6.153129577636719,1.0) (0,0) 1e-07 0.1666837149039765 
2.0 (6.5801615715026855,2.5293142795562744) (0.4270321726799011,-0.17276382446289062) 0.5 0.1666837149039765 (10.0,3.465267664783676) 3.0 -0.38443864294408414 (7.996553421020508,0.95505690574646) (0.5471653342247009,-0.4365890920162201) 0.5 -0.14642427745264178 (9.250435829162598,1.8416666984558105) (0.6177777647972107,-0.32916659116744995) 0.5 0.3463892776666643 (7.927830696105957,3.645479917526245) (0.691785991191864,0.1069212555885315) 0.5 0.3817108468604753 (9.710389137268066,4.964575290679932) (0.660335123538971,0.2322876900434494) 0.5 -0.37275420919669805 (6.5801615715026855,5.0) (0,0) 1e-07 0.1666837149039765 (6.5801615715026855,1.0) (0,0) 1e-07 0.1666837149039765 
3.0 (7.338439464569092,2.53423810005188) (0.7582777738571167,0.004923731088638306) 0.5 0.1666837149039765 (10.0,3.465267664783676) 3.0 0.006493216681674639 (8.648305892944336,0.6996778249740601) (0.6517527103424072,-0.2553790509700775) 0.5 -0.14642427745264178 (9.868213653564453,1.5125000476837158) (0.6177777647972107,-0.32916659116744995) 0.5 0.3463892776666643 (8.619616508483887,3.752401113510132) (0.691785991191864,0.10692127794027328) 0.5 0.3817108468604753 (10.37072467803955,5.196863174438477) (0.660335123538971,0.23228764533996582) 0.5 -0.37275420919669805 (7.0,5.0) (0,0) 1e-07 0.1666837149039765 (7.0,1.0) (0,0) 1e-07 0.1666837149039765 
4.0 (8.21104907989502,2.6552958488464355) (0.8726100325584412,0.12105762958526611) 0.5 0.1666837149039765 (10.0,3.465267664783676) 3.0 0.13785063282893226 (9.332727432250977,0.5528217554092407) (0.6844218969345093,-0.14685605466365814) 0.5 -0.14642427745264178 (10.485991477966309,1.183333396911621) (0.6177777647972107,-0.32916659116744995) 0.5 0.3463892776666643 (9.311402320861816,3.8593223094940186) (0.6917858719825745,0.10692128539085388) 0.5 0.3817108468604753 (11.031060218811035,5.429150581359863) (0.660335123538971,0.23228760063648224) 0.5 -0.37275420919669805 (7.0,5.0) (0,0) 1e-07 0.1666837149039765 (7.0,1.0) (0,0) 1e-07 0.1666837149039765 
5.0 (9.049802780151367,2.831480026245117) (0.8387538194656372,0.17618420720100403) 0.5 0.1666837149039765 (10.0,3.465267664783676) 3.0 0.20704461212673203 (10.020166397094727,0.44797369837760925) (0.6874384880065918,-0.10484804958105087) 0.5 -0.14642427745264178 (11.037677764892578,1.0541197061538696) (0.5516859889030457,-0.12921369075775146) 0.5 0.3463892776666643 (10.003188133239746,3.9662437438964844) (0.6917858719825745,0.10692133009433746) 0.5 0.3817108468604753 (11.274795532226562,5.54651403427124) (0.2437351793050766,0.11736360192298889) 0.5 -0.37275420919669805 (7.0,5.0) (0,0) 1e-07 0.1666837149039765 (7.0,1.0) (0,0) 1e-07 0.1666837149039765 
6.0 (9.662575721740723,3.0587551593780518) (0.6127727031707764,0.22727522253990173) 0.5 0.1666837149039765 (10.0,3.465267664783676) 3.0 0.3551681960767665 (10.219742774963379,0.5) (0.19957628846168518,0.05202630162239075) 0.5 -0.14642427745264178 (11.337056159973145,1.2912894487380981) (0.29937872290611267,0.23716974258422852) 0.5 0.3463892776666643 (10.372623443603516,4.2281622886657715) (0.3694349527359009,0.26191848516464233) 0.5 0.3817108468604753 (11.247014045715332,5.562032222747803) (-0.027781277894973755,0.015518419444561005) 0.5 -0.37275420919669805 (7.0,5.0) (0,0) 1e-07 0.1666837149039765 (7.0,1.0) (0,0) 1e-07 0.1666837149039765 
7.0 (10.09967041015625,3.2519142627716064) (0.4370943605899811,0.19315913319587708) 0.5 0.1666837149039765 (10.0,3.465267664783676) 3.0 0.4161112394173546 (10.219742774963379,0.5) (-8.984386568045011e-08,0.0) 0.5 -0.14642427745264178 (11.40401554107666,1.5062429904937744) (0.06695906072854996,0.21495351195335388) 0.5 0.3463892776666643 (10.428296089172363,4.480949878692627) (0.05567270517349243,0.25278761982917786) 0.5 0.3817108468604753 (11.243325233459473,5.614219665527344) (-0.0036892034113407135,0.05218742415308952) 0.5 -0.37275420919669805 (7.0,5.0) (0,0) 1e-07 0.1666837149039765 (7.0,1.0) (0,0) 1e-07 0.1666837149039765 
