[[(7.0, 6.0), (0, 6.0), (0, 5.0), (7.0, 5.0)], [(7.0, 1.0), (0, 1.0), (0, 0), (7.0, 0)]]
timestamp position0 velocity0 radius0 heading0 goal pref_speed theta position1 velocity1 radius1 heading1 position2 velocity2 radius2 heading2 position3 velocity3 radius3 heading3 position4 velocity4 radius4 heading4 position5 velocity5 radius5 heading5 position6 velocity6 radius6 heading6 
0.0 (6.0,2.6831607818603516) (0.0,0.0) 0.5 -0.035073856161633 (10.0,3.396982446558768) 3.0 0.0 (7.233582973480225,1.5) (0.0,0.0) 0.5 0.2798231243664827 (8.128015518188477,2.5) (0.0,0.0) 0.5 0.06892511661480877 (7.044253826141357,3.5) (0.0,0.0) 0.5 0.06575051384893693 (8.243927955627441,4.5) (0.0,0.0) 0.5 0.03194314316676905 (6.0,5.0) (0,0) 1e-07 -0.035073856161633 (6.0,1.0) (0,0) 1e-07 -0.035073856161633 
1.0 (6.1673197746276855,2.6014480590820312) (0.16731977462768555,-0.08171278238296509) 0.5 -0.035073856161633 (10.0,3.396982446558768) 3.0 -0.45429472199964577 (7.528578281402588,1.3507379293441772) (0.2949952185153961,-0.14926205575466156) 0.5 0.2798231243664827 (8.76175594329834,2.202723979949951) (0.6337405443191528,-0.2972759008407593) 0.5 0.06892511661480877 (7.216946125030518,3.5121803283691406) (0.1726921647787094,0.012180283665657043) 0.5 0.06575051384893693 (8.90757942199707,4.7226362228393555) (0.6636513471603394,0.2226361185312271) 0.5 0.03194314316676905 (6.1673197746276855,5.0) (0,0) 1e-07 -0.035073856161633 (6.1673197746276855,1.0) (0,0) 1e-07 -0.035073856161633 
2.0 (6.617392539978027,2.429849147796631) (0.45007267594337463,-0.1715988963842392) 0.5 -0.035073856161633 (10.0,3.396982446558768) 3.0 -0.36425568679611964 (8.1380615234375,1.0064551830291748) (0.6094828844070435,-0.34428274631500244) 0.5 0.2798231243664827 (9.395496368408203,1.9054481983184814) (0.6337404847145081,-0.2972758412361145) 0.5 0.06892511661480877 (7.907480239868164,3.6269075870513916) (0.6905342936515808,0.1147272139787674) 0.5 0.06575051384893693 (9.5712308883667,4.945272445678711) (0.6636514067649841,0.2226361185312271) 0.5 0.03194314316676905 (6.617392539978027,5.0) (0,0) 1e-07 -0.035073856161633 (6.617392539978027,1.0) (0,0) 1e-07 -0.035073856161633 
3.0 (7.37285852432251,2.4597175121307373) (0.7554659247398376,0.02986842393875122) 0.5 -0.035073856161633 (10.0,3.396982446558768) 3.0 0.039515846852132046 (8.814812660217285,0.8275468349456787) (0.676750898361206,-0.1789083629846573) 0.5 0.2798231243664827 (10.029236793518066,1.6081724166870117) (0.6337404847145081,-0.2972758412361145) 0.5 0.06892511661480877 (8.598014831542969,3.7416348457336426) (0.6905343532562256,0.1147272065281868) 0.5 0.06575051384893693 (10.234882354736328,5.167908668518066) (0.6636514067649841,0.22263605892658234) 0.5 0.03194314316676905 (7.0,5.0) (0,0) 1e-07 -0.035073856161633 (7.0,1.0) (0,0) 1e-07 -0.035073856161633 
4.0 (8.235414505004883,2.589085817337036) (0.862555980682373,0.12936830520629883) 0.5 -0.035073856161633 (10.0,3.396982446558768) 3.0 0.1488728358639887 (9.49156379699707,0.6486384868621826) (0.676750898361206,-0.17890837788581848) 0.5 0.2798231243664827 (10.66297721862793,1.3108965158462524) (0.6337404847145081,-0.2972759008407593) 0.5 0.06892511661480877 (9.288549423217773,3.8563621044158936) (0.6905342936515808,0.11472718417644501) 0.5 0.06575051384893693 (10.898533821105957,5.390544891357422) (0.6636514663696289,0.22263601422309875) 0.5 0.03194314316676905 (7.0,5.0) (0,0) 1e-07 -0.035073856161633 (7.0,1.0) (0,0) 1e-07 -0.035073856161633 
5.0 (9.04739761352539,2.7755556106567383) (0.811983048915863,0.18646970391273499) 0.5 -0.035073856161633 (10.0,3.396982446558768) 3.0 0.22573336984480183 (10.053813934326172,0.5) (0.5622497200965881,-0.14863848686218262) 0.5 0.2798231243664827 (11.296717643737793,1.0136207342147827) (0.6337405443191528,-0.2972758114337921) 0.5 0.06892511661480877 (9.979084014892578,3.9710893630981445) (0.6905342936515808,0.11472717672586441) 0.5 0.06575051384893693 (11.224806785583496,5.5) (0.3262732923030853,0.10945510864257812) 0.5 0.03194314316676905 (7.0,5.0) (0,0) 1e-07 -0.035073856161633 (7.0,1.0) (0,0) 1e-07 -0.035073856161633 
6.0 (9.615650177001953,3.0066144466400146) (0.5682522058486938,0.2310587465763092) 0.5 -0.035073856161633 (10.0,3.396982446558768) 3.0 0.38619422621431604 (10.053813934326172,0.5) (-4.1959677332670253e-07,0.0) 0.5 0.2798231243664827 (11.773382186889648,1.0698777437210083) (0.4766649007797241,0.0562569797039032) 0.5 0.06892511661480877 (10.312141418457031,4.242924690246582) (0.3330569267272949,0.2718352675437927) 0.5 0.06575051384893693 (11.243444442749023,5.554715156555176) (0.018638014793395996,0.0547153577208519) 0.5 0.03194314316676905 (7.0,5.0) (0,0) 1e-07 -0.035073856161633 (7.0,1.0) (0,0) 1e-07 -0.035073856161633 
7.0 (10.018017768859863,3.1963751316070557) (0.40236788988113403,0.1897607147693634) 0.5 -0.035073856161633 (10.0,3.396982446558768) 3.0 0.44067875728696876 (10.053813934326172,0.5) (-4.1959677332670253e-07,0.0) 0.5 0.2798231243664827 (11.797727584838867,1.1204947233200073) (0.02434510365128517,0.05061696469783783) 0.5 0.06892511661480877 (10.238704681396484,4.498989582061768) (-0.07343646883964539,0.25606483221054077) 0.5 0.06575051384893693 (11.268325805664062,5.626261234283447) (0.024881156161427498,0.07154624909162521) 0.5 0.03194314316676905 (7.0,5.0) (0,0) 1e-07 -0.035073856161633 (7.0,1.0) (0,0) 1e-07 -0.035073856161633 
