[[(7.0, 6.0), (0, 6.0), (0, 5.0), (7.0, 5.0)], [(7.0, 1.0), (0, 1.0), (0, 0), (7.0, 0)]]
timestamp position0 velocity0 radius0 heading0 goal pref_speed theta position1 velocity1 radius1 heading1 position2 velocity2 radius2 heading2 position3 velocity3 radius3 heading3 position4 velocity4 radius4 heading4 position5 velocity5 radius5 heading5 position6 velocity6 radius6 heading6 
0.0 (6.0,2.5440452098846436) (0.0,0.0) 0.5 -0.15078492074845412 (10.0,3.484552310606478) 3.0 0.0 (7.180305004119873,1.5) (0.0,0.0) 0.5 -0.2212873266502736 (8.483887672424316,2.5) (0.0,0.0) 0.5 0.3267952210235133 (7.225804328918457,3.5) (0.0,0.0) 0.5 0.17153451527888852 (8.023114204406738,4.5) (0.0,0.0) 0.5 -0.022809616550479472 (6.0,5.0) (0,0) 1e-07 -0.15078492074845412 (6.0,1.0) (0,0) 1e-07 -0.15078492074845412 
1.0 (6.183473587036133,2.5341968536376953) (0.18347382545471191,-0.009848378598690033) 0.5 -0.15078492074845412 (10.0,3.484552310606478) 3.0 -0.05362583103509994 (7.467473030090332,1.389743685722351) (0.2871682345867157,-0.1102563664317131) 0.5 -0.2212873266502736 (9.113801956176758,2.19469952583313) (0.6299139857292175,-0.30530041456222534) 0.5 0.3267952210235133 (7.387869358062744,3.459973096847534) (0.1620650589466095,-0.04002682492136955) 0.5 0.17153451527888852 (8.684144020080566,4.73030424118042) (0.6610294580459595,0.23030422627925873) 0.5 -0.022809616550479472 (6.183473587036133,5.0) (0,0) 1e-07 -0.15078492074845412 (6.183473587036133,1.0) (0,0) 1e-07 -0.15078492074845412 
2.0 (6.59711217880249,2.403099536895752) (0.41363853216171265,-0.131097212433815) 0.5 -0.15078492074845412 (10.0,3.484552310606478) 3.0 -0.3069216815832955 (8.125153541564941,1.150043249130249) (0.6576805114746094,-0.23970048129558563) 0.5 -0.2212873266502736 (9.7437162399292,1.8893990516662598) (0.6299139857292175,-0.30530044436454773) 0.5 0.3267952210235133 (8.085517883300781,3.517305374145508) (0.6976481676101685,0.05733233690261841) 0.5 0.17153451527888852 (9.345173835754395,4.96060848236084) (0.6610294580459595,0.23030425608158112) 0.5 -0.022809616550479472 (6.59711217880249,5.0) (0,0) 1e-07 -0.15078492074845412 (6.59711217880249,1.0) (0,0) 1e-07 -0.15078492074845412 
3.0 (7.342101097106934,2.470930576324463) (0.7449889183044434,0.06783107668161392) 0.5 -0.15078492074845412 (10.0,3.484552310606478) 3.0 0.0907994207557797 (8.790061950683594,0.9311893582344055) (0.6649081707000732,-0.2188538908958435) 0.5 -0.2212873266502736 (10.37363052368164,1.5840985774993896) (0.6299139261245728,-0.3053004741668701) 0.5 0.3267952210235133 (8.769664764404297,3.665436029434204) (0.6841471195220947,0.1481305956840515) 0.5 0.17153451527888852 (10.006203651428223,5.19091272354126) (0.6610293984413147,0.2303043156862259) 0.5 -0.022809616550479472 (7.0,5.0) (0,0) 1e-07 -0.15078492074845412 (7.0,1.0) (0,0) 1e-07 -0.15078492074845412 
4.0 (8.170858383178711,2.608799934387207) (0.8287572860717773,0.13786940276622772) 0.5 -0.15078492074845412 (10.0,3.484552310606478) 3.0 0.16484716178530745 (9.454970359802246,0.7123354077339172) (0.664908230304718,-0.2188539355993271) 0.5 -0.2212873266502736 (11.003544807434082,1.27879798412323) (0.6299139261245728,-0.30530059337615967) 0.5 0.3267952210235133 (9.453811645507812,3.8135666847229004) (0.6841471791267395,0.14813055098056793) 0.5 0.17153451527888852 (10.66723346710205,5.42121696472168) (0.6610293984413147,0.23030447959899902) 0.5 -0.022809616550479472 (7.0,5.0) (0,0) 1e-07 -0.15078492074845412 (7.0,1.0) (0,0) 1e-07 -0.15078492074845412 
5.0 (8.886128425598145,2.8176193237304688) (0.715269923210144,0.2088194489479065) 0.5 -0.15078492074845412 (10.0,3.484552310606478) 3.0 0.2840505649317353 (10.100074768066406,0.5) (0.645103931427002,-0.21233540773391724) 0.5 -0.2212873266502736 (11.578776359558105,1.0) (0.5752319693565369,-0.27879798412323) 0.5 0.3267952210235133 (10.137958526611328,3.9616971015930176) (0.6841471791267395,0.14813043177127838) 0.5 0.17153451527888852 (10.940281867980957,5.571237564086914) (0.2730481028556824,0.15002043545246124) 0.5 -0.022809616550479472 (7.0,5.0) (0,0) 1e-07 -0.15078492074845412 (7.0,1.0) (0,0) 1e-07 -0.15078492074845412 
6.0 (9.376193046569824,3.029611587524414) (0.49006444215774536,0.21199223399162292) 0.5 -0.15078492074845412 (10.0,3.484552310606478) 3.0 0.4082736879749105 (10.100074768066406,0.5) (-4.6774306383667863e-07,0.0) 0.5 -0.2212873266502736 (11.949071884155273,1.1015163660049438) (0.3702957034111023,0.10151636600494385) 0.5 0.3267952210235133 (10.553001403808594,4.20473051071167) (0.4150426983833313,0.24303357303142548) 0.5 0.17153451527888852 (10.892571449279785,5.563934326171875) (-0.0477108359336853,-0.007303431164473295) 0.5 -0.022809616550479472 (7.0,5.0) (0,0) 1e-07 -0.15078492074845412 (7.0,1.0) (0,0) 1e-07 -0.15078492074845412 
7.0 (9.718206405639648,3.176450252532959) (0.34201380610466003,0.1468387246131897) 0.5 -0.15078492074845412 (10.0,3.484552310606478) 3.0 0.4055372549408218 (10.100074768066406,0.5) (-4.6774306383667863e-07,0.0) 0.5 -0.2212873266502736 (11.903046607971191,1.1007460355758667) (-0.04602539539337158,-0.0007703173905611038) 0.5 0.3267952210235133 (10.821151733398438,4.372220039367676) (0.26815056800842285,0.16748960316181183) 0.5 0.17153451527888852 (10.860876083374023,5.555300712585449) (-0.03169526904821396,-0.008633601479232311) 0.5 -0.022809616550479472 (7.0,5.0) (0,0) 1e-07 -0.15078492074845412 (7.0,1.0) (0,0) 1e-07 -0.15078492074845412 
