[[(7.0, 6.0), (0, 6.0), (0, 5.0), (7.0, 5.0)], [(7.0, 1.0), (0, 1.0), (0, 0), (7.0, 0)]]
timestamp position0 velocity0 radius0 heading0 goal pref_speed theta position1 velocity1 radius1 heading1 position2 velocity2 radius2 heading2 position3 velocity3 radius3 heading3 position4 velocity4 radius4 heading4 position5 velocity5 radius5 heading5 position6 velocity6 radius6 heading6 
0.0 (6.0,2.850003719329834) (0.0,0.0) 0.5 -0.18693898170253842 (10.0,3.3079459195257086) 3.0 0.0 (7.104048252105713,1.5) (0.0,0.0) 0.5 -0.021533684707802814 (8.137691497802734,2.5) (0.0,0.0) 0.5 -0.3772907112092797 (7.185962677001953,3.5) (0.0,0.0) 0.5 0.13236660568960257 (8.187283515930176,4.5) (0.0,0.0) 0.5 0.32296608944084115 (6.0,5.0) (0,0) 1e-07 -0.18693898170253842 (6.0,1.0) (0,0) 1e-07 -0.18693898170253842 
1.0 (6.153201580047607,2.753784418106079) (0.15320146083831787,-0.09621919691562653) 0.5 -0.18693898170253842 (10.0,3.3079459195257086) 3.0 -0.5607943398224319 (7.297547817230225,1.457545280456543) (0.19349944591522217,-0.04245471954345703) 0.5 -0.021533684707802814 (8.771026611328125,2.2018613815307617) (0.6333351135253906,-0.2981386184692383) 0.5 -0.3772907112092797 (7.328403949737549,3.504244327545166) (0.14244142174720764,0.0042443424463272095) 0.5 0.13236660568960257 (8.852965354919434,4.716489315032959) (0.6656818985939026,0.21648918092250824) 0.5 0.32296608944084115 (6.153201580047607,5.0) (0,0) 1e-07 -0.18693898170253842 (6.153201580047607,1.0) (0,0) 1e-07 -0.18693898170253842 
2.0 (6.506310939788818,2.6098012924194336) (0.35310953855514526,-0.14398309588432312) 0.5 -0.18693898170253842 (10.0,3.3079459195257086) 3.0 -0.387176017538505 (7.869610786437988,1.0541300773620605) (0.572063148021698,-0.40341514348983765) 0.5 -0.021533684707802814 (9.404361724853516,1.9037227630615234) (0.6333351135253906,-0.2981385886669159) 0.5 -0.3772907112092797 (8.022453308105469,3.5953261852264404) (0.694049060344696,0.09108196198940277) 0.5 0.13236660568960257 (9.518647193908691,4.932978630065918) (0.6656818985939026,0.21648913621902466) 0.5 0.32296608944084115 (6.506310939788818,5.0) (0,0) 1e-07 -0.18693898170253842 (6.506310939788818,1.0) (0,0) 1e-07 -0.18693898170253842 
3.0 (7.237176418304443,2.5962352752685547) (0.730865478515625,-0.013565942645072937) 0.5 -0.18693898170253842 (10.0,3.3079459195257086) 3.0 -0.01855934561810175 (8.548712730407715,0.8843646049499512) (0.6791021227836609,-0.169765442609787) 0.5 -0.021533684707802814 (10.037696838378906,1.6055841445922852) (0.6333351731300354,-0.2981386184692383) 0.5 -0.3772907112092797 (8.708826065063477,3.732778549194336) (0.6863722801208496,0.13745233416557312) 0.5 0.13236660568960257 (10.18432903289795,5.149467945098877) (0.6656819581985474,0.21648909151554108) 0.5 0.32296608944084115 (7.0,5.0) (0,0) 1e-07 -0.18693898170253842 (7.0,1.0) (0,0) 1e-07 -0.18693898170253842 
4.0 (8.10008430480957,2.7035610675811768) (0.8629077672958374,0.10732577741146088) 0.5 -0.18693898170253842 (10.0,3.3079459195257086) 3.0 0.12374141584038001 (9.227814674377441,0.7145992517471313) (0.6791020631790161,-0.16976536810398102) 0.5 -0.021533684707802814 (10.671031951904297,1.3074455261230469) (0.6333351731300354,-0.2981386184692383) 0.5 -0.3772907112092797 (9.395197868347168,3.8702309131622314) (0.6863722205162048,0.1374523639678955) 0.5 0.13236660568960257 (10.850010871887207,5.365956783294678) (0.6656820178031921,0.21648895740509033) 0.5 0.32296608944084115 (7.0,5.0) (0,0) 1e-07 -0.18693898170253842 (7.0,1.0) (0,0) 1e-07 -0.18693898170253842 
5.0 (8.935774803161621,2.8681867122650146) (0.8356902599334717,0.1646256446838379) 0.5 -0.18693898170253842 (10.0,3.3079459195257086) 3.0 0.19450314011071776 (9.906916618347168,0.5448338985443115) (0.6791021227836609,-0.1697653830051422) 0.5 -0.021533684707802814 (11.304367065429688,1.0093069076538086) (0.6333351731300354,-0.2981385886669159) 0.5 -0.3772907112092797 (10.043204307556152,4.0) (0.648006021976471,0.12976908683776855) 0.5 0.13236660568960257 (11.26218032836914,5.5) (0.4121694564819336,0.13404321670532227) 0.5 0.32296608944084115 (7.0,5.0) (0,0) 1e-07 -0.18693898170253842 (7.0,1.0) (0,0) 1e-07 -0.18693898170253842 
6.0 (9.541366577148438,3.065924882888794) (0.6055920124053955,0.19773823022842407) 0.5 -0.18693898170253842 (10.0,3.3079459195257086) 3.0 0.31560655920274105 (10.086262702941895,0.5) (0.17934642732143402,-0.04483389854431152) 0.5 -0.021533684707802814 (11.798168182373047,1.075402021408081) (0.4938013553619385,0.06609511375427246) 0.5 -0.3772907112092797 (10.271406173706055,4.331084251403809) (0.22820216417312622,0.33108437061309814) 0.5 0.13236660568960257 (11.320862770080566,5.618460178375244) (0.05868268013000488,0.1184602677822113) 0.5 0.32296608944084115 (7.0,5.0) (0,0) 1e-07 -0.18693898170253842 (7.0,1.0) (0,0) 1e-07 -0.18693898170253842 
7.0 (9.919089317321777,3.213897466659546) (0.37772229313850403,0.14797267317771912) 0.5 -0.18693898170253842 (10.0,3.3079459195257086) 3.0 0.37337405805517426 (10.086262702941895,0.5) (3.40214995731003e-07,0.0) 0.5 -0.021533684707802814 (11.885998725891113,1.1913647651672363) (0.08783075213432312,0.11596269905567169) 0.5 -0.3772907112092797 (10.03477954864502,4.521631240844727) (-0.23662692308425903,0.19054695963859558) 0.5 0.13236660568960257 (11.407299995422363,5.676109790802002) (0.08643706142902374,0.0576496422290802) 0.5 0.32296608944084115 (7.0,5.0) (0,0) 1e-07 -0.18693898170253842 (7.0,1.0) (0,0) 1e-07 -0.18693898170253842 
