[[(7.0, 6.0), (0, 6.0), (0, 5.0), (7.0, 5.0)], [(7.0, 1.0), (0, 1.0), (0, 0), (7.0, 0)]]
timestamp position0 velocity0 radius0 heading0 goal pref_speed theta position1 velocity1 radius1 heading1 position2 velocity2 radius2 heading2 position3 velocity3 radius3 heading3 position4 velocity4 radius4 heading4 position5 velocity5 radius5 heading5 position6 velocity6 radius6 heading6 
0.0 (6.0,2.650716543197632) (0.0,0.0) 0.5 0.3659990438091939 (10.0,3.4054546846042757) 3.0 0.0 (7.135435104370117,1.5) (0.0,0.0) 0.5 0.2817471102424415 (8.0422945022583,2.5) (0.0,0.0) 0.5 0.27876878421301043 (7.034489154815674,3.5) (0.0,0.0) 0.5 -0.16473048974737475 (8.147233963012695,4.5) (0.0,0.0) 0.5 0.13152293829736594 (6.0,5.0) (0,0) 1e-07 0.3659990438091939 (6.0,1.0) (0,0) 1e-07 0.3659990438091939 
1.0 (6.31740140914917,2.5307936668395996) (0.3174014091491699,-0.11992291361093521) 0.5 0.3659990438091939 (10.0,3.4054546846042757) 3.0 -0.36124708153581814 (7.512721538543701,1.3940708637237549) (0.3772863745689392,-0.10592910647392273) 0.5 0.2817471102424415 (8.665843963623047,2.1819028854370117) (0.6235496997833252,-0.3180970847606659) 0.5 0.27876878421301043 (7.349989414215088,3.519998550415039) (0.31550005078315735,0.01999858021736145) 0.5 -0.16473048974737475 (8.812870979309082,4.71662712097168) (0.6656370162963867,0.21662722527980804) 0.5 0.13152293829736594 (6.31740140914917,5.0) (0,0) 1e-07 0.3659990438091939 (6.31740140914917,1.0) (0,0) 1e-07 0.3659990438091939 
2.0 (6.896584510803223,2.5299038887023926) (0.5791832804679871,-0.0008896887302398682) 0.5 0.3659990438091939 (10.0,3.4054546846042757) 3.0 -0.0015361079307103947 (8.172628402709961,1.1605682373046875) (0.6599064469337463,-0.23350268602371216) 0.5 0.2817471102424415 (9.289393424987793,1.8638057708740234) (0.6235496997833252,-0.3180970549583435) 0.5 0.27876878421301043 (8.039778709411621,3.6391239166259766) (0.6897891759872437,0.11912544071674347) 0.5 -0.16473048974737475 (9.478507995605469,4.933254241943359) (0.6656370162963867,0.21662724018096924) 0.5 0.13152293829736594 (6.896584510803223,5.0) (0,0) 1e-07 0.3659990438091939 (6.896584510803223,1.0) (0,0) 1e-07 0.3659990438091939 
3.0 (7.466912269592285,2.5584917068481445) (0.5703279972076416,0.028587806969881058) 0.5 0.3659990438091939 (10.0,3.4054546846042757) 3.0 0.050083286297354354 (8.832534790039062,0.9270654916763306) (0.6599063873291016,-0.23350273072719574) 0.5 0.2817471102424415 (9.912942886352539,1.5457087755203247) (0.6235496997833252,-0.3180970251560211) 0.5 0.27876878421301043 (8.729567527770996,3.758249282836914) (0.6897891163825989,0.11912547051906586) 0.5 -0.16473048974737475 (10.144145011901855,5.149881362915039) (0.6656370162963867,0.21662728488445282) 0.5 0.13152293829736594 (7.0,5.0) (0,0) 1e-07 0.3659990438091939 (7.0,1.0) (0,0) 1e-07 0.3659990438091939 
4.0 (8.045787811279297,2.583686351776123) (0.5788758993148804,0.025194711983203888) 0.5 0.3659990438091939 (10.0,3.4054546846042757) 3.0 0.04349606076556762 (9.492441177368164,0.6935627460479736) (0.6599063873291016,-0.23350271582603455) 0.5 0.2817471102424415 (10.536492347717285,1.227611780166626) (0.6235496997833252,-0.31809696555137634) 0.5 0.27876878421301043 (9.419356346130371,3.8773748874664307) (0.6897891759872437,0.11912551522254944) 0.5 -0.16473048974737475 (10.809782028198242,5.366508483886719) (0.6656369566917419,0.2166273444890976) 0.5 0.13152293829736594 (7.0,5.0) (0,0) 1e-07 0.3659990438091939 (7.0,1.0) (0,0) 1e-07 0.3659990438091939 
5.0 (8.65010929107666,2.61057186126709) (0.6043215990066528,0.02688545733690262) 0.5 0.3659990438091939 (10.0,3.4054546846042757) 3.0 0.04445934220776734 (10.039472579956055,0.5) (0.5470314025878906,-0.19356274604797363) 0.5 0.2817471102424415 (11.049739837646484,1.0299150943756104) (0.5132473707199097,-0.19769662618637085) 0.5 0.27876878421301043 (10.109145164489746,3.996500253677368) (0.6897891759872437,0.1191253587603569) 0.5 -0.16473048974737475 (11.219964027404785,5.5) (0.4101823568344116,0.13349151611328125) 0.5 0.13152293829736594 (7.0,5.0) (0,0) 1e-07 0.3659990438091939 (7.0,1.0) (0,0) 1e-07 0.3659990438091939 
6.0 (9.357300758361816,2.6523499488830566) (0.7071918249130249,0.04177798330783844) 0.5 0.3659990438091939 (10.0,3.4054546846042757) 3.0 0.05900730493113607 (10.039472579956055,0.5) (-2.083627848037395e-08,0.0) 0.5 0.2817471102424415 (11.3145170211792,1.1786813735961914) (0.2647767663002014,0.14876633882522583) 0.5 0.27876878421301043 (10.129410743713379,4.0) (0.020265500992536545,0.003499746322631836) 0.5 -0.16473048974737475 (11.219964027404785,5.5) (3.4762894074447104e-07,0.0) 0.5 0.13152293829736594 (7.0,5.0) (0,0) 1e-07 0.3659990438091939 (7.0,1.0) (0,0) 1e-07 0.3659990438091939 
7.0 (10.184202194213867,2.730300188064575) (0.826901912689209,0.0779501348733902) 0.5 0.3659990438091939 (10.0,3.4054546846042757) 3.0 0.09398993810436317 (10.039472579956055,0.5) (-2.083627848037395e-08,0.0) 0.5 0.2817471102424415 (11.25267219543457,1.145090937614441) (-0.061844367533922195,-0.033590443432331085) 0.5 0.27876878421301043 (10.129410743713379,4.0) (-7.782914934750806e-08,0.0) 0.5 -0.16473048974737475 (11.219964027404785,5.5) (3.4762894074447104e-07,0.0) 0.5 0.13152293829736594 (7.0,5.0) (0,0) 1e-07 0.3659990438091939 (7.0,1.0) (0,0) 1e-07 0.3659990438091939 
