[[(7.0, 6.0), (0, 6.0), (0, 5.0), (7.0, 5.0)], [(7.0, 1.0), (0, 1.0), (0, 0), (7.0, 0)]]
timestamp position0 velocity0 radius0 heading0 goal pref_speed theta position1 velocity1 radius1 heading1 position2 velocity2 radius2 heading2 position3 velocity3 radius3 heading3 position4 velocity4 radius4 heading4 position5 velocity5 radius5 heading5 position6 velocity6 radius6 heading6 
0.0 (6.0,2.945788860321045) (0.0,0.0) 0.5 0.30366114454474713 (10.0,3.3978971019392743) 3.0 0.0 (7.242469310760498,1.5) (0.0,0.0) 0.5 -0.390167604332362 (8.086832046508789,2.5) (0.0,0.0) 0.5 0.17760821924920955 (7.0214667320251465,3.5) (0.0,0.0) 0.5 0.21570343832353756 (8.142343521118164,4.5) (0.0,0.0) 0.5 -0.3112939412901516 (6.0,5.0) (0,0) 1e-07 0.30366114454474713 (6.0,1.0) (0,0) 1e-07 0.30366114454474713 
1.0 (6.184520721435547,2.775683879852295) (0.18452057242393494,-0.17010489106178284) 0.5 0.30366114454474713 (10.0,3.3978971019392743) 3.0 -0.7447700916102922 (7.839130401611328,1.1982773542404175) (0.5966613292694092,-0.3017226457595825) 0.5 -0.390167604332362 (8.713091850280762,2.187272787094116) (0.6262600421905518,-0.3127272427082062) 0.5 0.17760821924920955 (7.348073482513428,3.5110363960266113) (0.32660675048828125,0.011036425828933716) 0.5 0.21570343832353756 (8.806982040405273,4.719672679901123) (0.6646381616592407,0.2196728140115738) 0.5 -0.3112939412901516 (6.184520721435547,5.0) (0,0) 1e-07 0.30366114454474713 (6.184520721435547,1.0) (0,0) 1e-07 0.30366114454474713 
2.0 (6.694969654083252,2.6592442989349365) (0.5104487538337708,-0.11643969267606735) 0.5 0.30366114454474713 (10.0,3.3978971019392743) 3.0 -0.22427489194531047 (8.513713836669922,1.0113612413406372) (0.6745830774307251,-0.1869160681962967) 0.5 -0.390167604332362 (9.339351654052734,1.8745455741882324) (0.6262600421905518,-0.3127272129058838) 0.5 0.17760821924920955 (8.037220001220703,3.6338276863098145) (0.689146101474762,0.12279121577739716) 0.5 0.21570343832353756 (9.471620559692383,4.939345359802246) (0.664638102054596,0.21967285871505737) 0.5 -0.3112939412901516 (6.694969654083252,5.0) (0,0) 1e-07 0.30366114454474713 (6.694969654083252,1.0) (0,0) 1e-07 0.30366114454474713 
3.0 (7.338788986206055,2.6911301612854004) (0.6438193321228027,0.03188575804233551) 0.5 0.30366114454474713 (10.0,3.3978971019392743) 3.0 0.04948550743513801 (9.188297271728516,0.8244451284408569) (0.6745831370353699,-0.18691611289978027) 0.5 -0.390167604332362 (9.965611457824707,1.5618184804916382) (0.6262600421905518,-0.3127271234989166) 0.5 0.17760821924920955 (8.72636604309082,3.7566189765930176) (0.6891460418701172,0.12279120087623596) 0.5 0.21570343832353756 (10.136259078979492,5.159018516540527) (0.664638102054596,0.21967296302318573) 0.5 -0.3112939412901516 (7.0,5.0) (0,0) 1e-07 0.30366114454474713 (7.0,1.0) (0,0) 1e-07 0.30366114454474713 
4.0 (8.077548027038574,2.7344412803649902) (0.7387593984603882,0.04331120103597641) 0.5 0.30366114454474713 (10.0,3.3978971019392743) 3.0 0.05855990639096336 (9.854559898376465,0.6097502708435059) (0.6662628054618835,-0.21469487249851227) 0.5 -0.390167604332362 (10.603316307067871,1.2731454372406006) (0.6377050876617432,-0.2886731028556824) 0.5 0.17760821924920955 (9.415512084960938,3.8794100284576416) (0.689146101474762,0.12279116362333298) 0.5 0.21570343832353756 (10.800897598266602,5.378691673278809) (0.664638102054596,0.21967296302318573) 0.5 -0.3112939412901516 (7.0,5.0) (0,0) 1e-07 0.30366114454474713 (7.0,1.0) (0,0) 1e-07 0.30366114454474713 
5.0 (8.891905784606934,2.7939536571502686) (0.814358115196228,0.059512339532375336) 0.5 0.30366114454474713 (10.0,3.3978971019392743) 3.0 0.07294915395668178 (10.359224319458008,0.5) (0.5046645998954773,-0.10975027084350586) 0.5 -0.390167604332362 (11.197874069213867,1.0899137258529663) (0.5945581793785095,-0.18323174118995667) 0.5 0.17760821924920955 (10.092303276062012,4.0) (0.6767916083335876,0.1205899715423584) 0.5 0.21570343832353756 (11.167925834655762,5.5) (0.36702823638916016,0.1213083267211914) 0.5 -0.3112939412901516 (7.0,5.0) (0,0) 1e-07 0.30366114454474713 (7.0,1.0) (0,0) 1e-07 0.30366114454474713 
6.0 (9.732650756835938,2.8676705360412598) (0.840745210647583,0.07371683418750763) 0.5 0.30366114454474713 (10.0,3.3978971019392743) 3.0 0.08745668966274919 (10.359224319458008,0.5) (1.7447521827307355e-07,0.0) 0.5 -0.390167604332362 (11.559699058532715,1.260847568511963) (0.3618251383304596,0.17093387246131897) 0.5 0.17760821924920955 (10.221090316772461,4.153541564941406) (0.12878718972206116,0.1535414755344391) 0.5 0.21570343832353756 (11.167925834655762,5.5) (3.074427823435144e-09,0.0) 0.5 -0.3112939412901516 (7.0,5.0) (0,0) 1e-07 0.30366114454474713 (7.0,1.0) (0,0) 1e-07 0.30366114454474713 
7.0 (10.677627563476562,2.9803836345672607) (0.9449765682220459,0.11271318793296814) 0.5 0.30366114454474713 (10.0,3.3978971019392743) 3.0 0.11871531245261273 (10.359224319458008,0.5) (1.7447521827307355e-07,0.0) 0.5 -0.390167604332362 (11.541757583618164,1.2690207958221436) (-0.017941052094101906,0.008173175156116486) 0.5 0.17760821924920955 (10.081075668334961,4.068602561950684) (-0.14001455903053284,-0.08493901789188385) 0.5 0.21570343832353756 (11.167925834655762,5.5) (3.074427823435144e-09,0.0) 0.5 -0.3112939412901516 (7.0,5.0) (0,0) 1e-07 0.30366114454474713 (7.0,1.0) (0,0) 1e-07 0.30366114454474713 
