[[(7.0, 6.0), (0, 6.0), (0, 5.0), (7.0, 5.0)], [(7.0, 1.0), (0, 1.0), (0, 0), (7.0, 0)]]
timestamp position0 velocity0 radius0 heading0 goal pref_speed theta position1 velocity1 radius1 heading1 position2 velocity2 radius2 heading2 position3 velocity3 radius3 heading3 position4 velocity4 radius4 heading4 position5 velocity5 radius5 heading5 position6 velocity6 radius6 heading6 
0.0 (6.0,2.9272377490997314) (0.0,0.0) 0.5 -0.2590489105207589 (10.0,2.799313198556025) 3.0 0.0 (7.488386154174805,1.5) (0.0,0.0) 0.5 -0.16148006115474783 (8.497251510620117,2.5) (0.0,0.0) 0.5 -0.28816277275704216 (7.157530307769775,3.5) (0.0,0.0) 0.5 0.19338307652811437 (8.067292213439941,4.5) (0.0,0.0) 0.5 -0.2685400407611307 (6.0,5.0) (0,0) 1e-07 -0.2590489105207589 (6.0,1.0) (0,0) 1e-07 -0.2590489105207589 
1.0 (6.2823638916015625,2.6852164268493652) (0.2823638617992401,-0.24202123284339905) 0.5 -0.2590489105207589 (10.0,2.799313198556025) 3.0 -0.7086161980035868 (8.107741355895996,1.1738108396530151) (0.6193550229072571,-0.32618916034698486) 0.5 -0.16148006115474783 (9.128814697265625,2.1981253623962402) (0.6315628290176392,-0.30187472701072693) 0.5 -0.28816277275704216 (7.512906551361084,3.41456937789917) (0.35537633299827576,-0.0854305624961853) 0.5 0.19338307652811437 (8.727031707763672,4.733975410461426) (0.659739077091217,0.23397518694400787) 0.5 -0.2685400407611307 (6.2823638916015625,5.0) (0,0) 1e-07 -0.2590489105207589 (6.2823638916015625,1.0) (0,0) 1e-07 -0.2590489105207589 
2.0 (6.907467842102051,2.4513626098632812) (0.6251038312911987,-0.23385374248027802) 0.5 -0.2590489105207589 (10.0,2.799313198556025) 3.0 -0.3579847626716638 (8.783172607421875,0.9899850487709045) (0.6754317283630371,-0.1838258057832718) 0.5 -0.16148006115474783 (9.760377883911133,1.896250605583191) (0.6315628290176392,-0.3018747866153717) 0.5 -0.28816277275704216 (8.19559097290039,3.569303512573242) (0.6826839447021484,0.1547340601682663) 0.5 0.19338307652811437 (9.386770248413086,4.967950820922852) (0.6597390174865723,0.23397517204284668) 0.5 -0.2685400407611307 (6.907467842102051,5.0) (0,0) 1e-07 -0.2590489105207589 (6.907467842102051,1.0) (0,0) 1e-07 -0.2590489105207589 
3.0 (7.566411018371582,2.4980404376983643) (0.6589434146881104,0.04667786881327629) 0.5 -0.2590489105207589 (10.0,2.799313198556025) 3.0 0.07071931574366912 (9.45860481262207,0.806159257888794) (0.6754317283630371,-0.1838257759809494) 0.5 -0.16148006115474783 (10.39194107055664,1.594375729560852) (0.6315628290176392,-0.30187487602233887) 0.5 -0.28816277275704216 (8.878274917602539,3.7240376472473145) (0.6826839447021484,0.1547340601682663) 0.5 0.19338307652811437 (10.046509742736816,5.201925754547119) (0.659739077091217,0.23397499322891235) 0.5 -0.2685400407611307 (7.0,5.0) (0,0) 1e-07 -0.2590489105207589 (7.0,1.0) (0,0) 1e-07 -0.2590489105207589 
4.0 (8.154022216796875,2.4964640140533447) (0.5876114368438721,-0.0015765056014060974) 0.5 -0.2590489105207589 (10.0,2.799313198556025) 3.0 -0.002682898459803242 (10.134037017822266,0.6223334074020386) (0.6754317283630371,-0.18382582068443298) 0.5 -0.16148006115474783 (11.023504257202148,1.2925007343292236) (0.6315627694129944,-0.30187496542930603) 0.5 -0.28816277275704216 (9.560958862304688,3.8787717819213867) (0.6826839447021484,0.1547340303659439) 0.5 0.19338307652811437 (10.706249237060547,5.435900688171387) (0.659739077091217,0.2339751273393631) 0.5 -0.2685400407611307 (7.0,5.0) (0,0) 1e-07 -0.2590489105207589 (7.0,1.0) (0,0) 1e-07 -0.2590489105207589 
5.0 (8.76675033569336,2.5051701068878174) (0.6127280592918396,0.00870608165860176) 0.5 -0.2590489105207589 (10.0,2.799313198556025) 3.0 0.014207764299094464 (10.583526611328125,0.5) (0.44948962330818176,-0.12233340740203857) 0.5 -0.16148006115474783 (11.640774726867676,1.0034736394882202) (0.617270290851593,-0.2890271246433258) 0.5 -0.28816277275704216 (10.095816612243652,4.0) (0.5348573327064514,0.12122821807861328) 0.5 0.19338307652811437 (10.886988639831543,5.5) (0.18073968589305878,0.06409931182861328) 0.5 -0.2685400407611307 (7.0,5.0) (0,0) 1e-07 -0.2590489105207589 (7.0,1.0) (0,0) 1e-07 -0.2590489105207589 
6.0 (9.348133087158203,2.501765727996826) (0.5813826322555542,-0.003404282033443451) 0.5 -0.2590489105207589 (10.0,2.799313198556025) 3.0 -0.005855426251251902 (10.583526611328125,0.5) (2.848105928876521e-08,0.0) 0.5 -0.16148006115474783 (12.010908126831055,1.1032183170318604) (0.3701338469982147,0.09974464774131775) 0.5 -0.28816277275704216 (10.095816612243652,4.0) (-4.080280859852792e-07,0.0) 0.5 0.19338307652811437 (10.886988639831543,5.5) (2.870847310987301e-07,0.0) 0.5 -0.2685400407611307 (7.0,5.0) (0,0) 1e-07 -0.2590489105207589 (7.0,1.0) (0,0) 1e-07 -0.2590489105207589 
7.0 (10.222018241882324,2.5582492351531982) (0.8738847374916077,0.05648347735404968) 0.5 -0.2590489105207589 (10.0,2.799313198556025) 3.0 0.0645451453618998 (10.583526611328125,0.5) (2.848105928876521e-08,0.0) 0.5 -0.16148006115474783 (11.917882919311523,1.1104506254196167) (-0.0930250734090805,0.007232338190078735) 0.5 -0.28816277275704216 (10.095816612243652,4.0) (-4.080280859852792e-07,0.0) 0.5 0.19338307652811437 (10.886988639831543,5.5) (2.870847310987301e-07,0.0) 0.5 -0.2685400407611307 (7.0,5.0) (0,0) 1e-07 -0.2590489105207589 (7.0,1.0) (0,0) 1e-07 -0.2590489105207589 
