[[(7.0, 6.0), (0, 6.0), (0, 5.0), (7.0, 5.0)], [(7.0, 1.0), (0, 1.0), (0, 0), (7.0, 0)]]
timestamp position0 velocity0 radius0 heading0 goal pref_speed theta position1 velocity1 radius1 heading1 position2 velocity2 radius2 heading2 position3 velocity3 radius3 heading3 position4 velocity4 radius4 heading4 position5 velocity5 radius5 heading5 position6 velocity6 radius6 heading6 
0.0 (6.0,2.5394790172576904) (0.0,0.0) 0.5 -0.06115008188922433 (10.0,3.3361980110663936) 3.0 0.0 (7.007289886474609,1.5) (0.0,0.0) 0.5 0.29904410081625765 (8.487828254699707,2.5) (0.0,0.0) 0.5 0.3810045605098652 (7.13349723815918,3.5) (0.0,0.0) 0.5 0.20548266213941213 (8.317267417907715,4.5) (0.0,0.0) 0.5 0.11434937093066355 (6.0,5.0) (0,0) 1e-07 -0.06115008188922433 (6.0,1.0) (0,0) 1e-07 -0.06115008188922433 
1.0 (6.319765567779541,2.5377986431121826) (0.31976553797721863,-0.0016802698373794556) 0.5 -0.06115008188922433 (10.0,3.3361980110663936) 3.0 -0.005254644960091757 (7.486634731292725,1.4930006265640259) (0.47934505343437195,-0.006999388337135315) 0.5 0.29904410081625765 (9.115215301513672,2.1895394325256348) (0.6273868680000305,-0.31046053767204285) 0.5 0.3810045605098652 (7.5279645919799805,3.4588890075683594) (0.394467294216156,-0.041110992431640625) 0.5 0.20548266213941213 (8.981277465820312,4.721563816070557) (0.664010226726532,0.2215636819601059) 0.5 0.11434937093066355 (6.319765567779541,5.0) (0,0) 1e-07 -0.06115008188922433 (6.319765567779541,1.0) (0,0) 1e-07 -0.06115008188922433 
2.0 (6.872701168060303,2.559297561645508) (0.5529356002807617,0.021498799324035645) 0.5 -0.06115008188922433 (10.0,3.3361980110663936) 3.0 0.038861624287800364 (8.133870124816895,1.226380705833435) (0.6472355127334595,-0.2666199505329132) 0.5 0.29904410081625765 (9.742602348327637,1.8790788650512695) (0.6273868083953857,-0.31046050786972046) 0.5 0.3810045605098652 (8.212884902954102,3.6034016609191895) (0.6849204301834106,0.14451277256011963) 0.5 0.20548266213941213 (9.64528751373291,4.943127632141113) (0.6640102863311768,0.2215636521577835) 0.5 0.11434937093066355 (6.872701168060303,5.0) (0,0) 1e-07 -0.06115008188922433 (6.872701168060303,1.0) (0,0) 1e-07 -0.06115008188922433 
3.0 (7.40641450881958,2.5873453617095947) (0.5337134599685669,0.028047796338796616) 0.5 -0.06115008188922433 (10.0,3.3361980110663936) 3.0 0.05250386395839122 (8.781105995178223,0.9597607851028442) (0.6472355723381042,-0.2666199207305908) 0.5 0.29904410081625765 (10.369989395141602,1.5686182975769043) (0.6273868083953857,-0.31046053767204285) 0.5 0.3810045605098652 (8.897805213928223,3.7479145526885986) (0.6849204301834106,0.1445128172636032) 0.5 0.20548266213941213 (10.309297561645508,5.164690971374512) (0.664010226726532,0.22156354784965515) 0.5 0.11434937093066355 (7.0,5.0) (0,0) 1e-07 -0.06115008188922433 (7.0,1.0) (0,0) 1e-07 -0.06115008188922433 
4.0 (7.950778484344482,2.6097469329833984) (0.5443640947341919,0.02240164950489998) 0.5 -0.06115008188922433 (10.0,3.3361980110663936) 3.0 0.04112875361308902 (9.42834186553955,0.6931408643722534) (0.6472355127334595,-0.2666199505329132) 0.5 0.29904410081625765 (10.997376441955566,1.258157730102539) (0.6273868083953857,-0.3104605972766876) 0.5 0.3810045605098652 (9.582725524902344,3.8924272060394287) (0.6849204301834106,0.14451274275779724) 0.5 0.20548266213941213 (10.973307609558105,5.386254787445068) (0.664010226726532,0.2215636521577835) 0.5 0.11434937093066355 (7.0,5.0) (0,0) 1e-07 -0.06115008188922433 (7.0,1.0) (0,0) 1e-07 -0.06115008188922433 
5.0 (8.529340744018555,2.6350107192993164) (0.5785625576972961,0.025263842195272446) 0.5 -0.06115008188922433 (10.0,3.3361980110663936) 3.0 0.043638847287150166 (9.897202491760254,0.5) (0.4688602685928345,-0.19314086437225342) 0.5 0.29904410081625765 (11.519067764282227,1.0) (0.5216915607452393,-0.25815773010253906) 0.5 0.3810045605098652 (10.092568397521973,4.0) (0.509842574596405,0.10757279396057129) 0.5 0.20548266213941213 (11.314194679260254,5.5) (0.34088677167892456,0.11374521255493164) 0.5 0.11434937093066355 (7.0,5.0) (0,0) 1e-07 -0.06115008188922433 (7.0,1.0) (0,0) 1e-07 -0.06115008188922433 
6.0 (9.278648376464844,2.6862308979034424) (0.7493073344230652,0.05122023820877075) 0.5 -0.06115008188922433 (10.0,3.3361980110663936) 3.0 0.06825061053628888 (9.897202491760254,0.5) (-3.6905598221892433e-07,0.0) 0.5 0.29904410081625765 (11.59156608581543,1.0188305377960205) (0.07249858230352402,0.018830597400665283) 0.5 0.3810045605098652 (10.092568397521973,4.0) (-2.8945839858351974e-07,0.0) 0.5 0.20548266213941213 (11.314194679260254,5.5) (-2.956892615202378e-07,0.0) 0.5 0.11434937093066355 (7.0,5.0) (0,0) 1e-07 -0.06115008188922433 (7.0,1.0) (0,0) 1e-07 -0.06115008188922433 
7.0 (10.116558074951172,2.771984100341797) (0.8379096984863281,0.08575312048196793) 0.5 -0.06115008188922433 (10.0,3.3361980110663936) 3.0 0.10198664642447496 (9.897202491760254,0.5) (-3.6905598221892433e-07,0.0) 0.5 0.29904410081625765 (11.519067764282227,1.0) (-0.07249810546636581,-0.018830537796020508) 0.5 0.3810045605098652 (10.092568397521973,4.0) (-2.8945839858351974e-07,0.0) 0.5 0.20548266213941213 (11.314194679260254,5.5) (-2.956892615202378e-07,0.0) 0.5 0.11434937093066355 (7.0,5.0) (0,0) 1e-07 -0.06115008188922433 (7.0,1.0) (0,0) 1e-07 -0.06115008188922433 
