[[(7.0, 6.0), (0, 6.0), (0, 5.0), (7.0, 5.0)], [(7.0, 1.0), (0, 1.0), (0, 0), (7.0, 0)]]
timestamp position0 velocity0 radius0 heading0 goal pref_speed theta position1 velocity1 radius1 heading1 position2 velocity2 radius2 heading2 position3 velocity3 radius3 heading3 position4 velocity4 radius4 heading4 position5 velocity5 radius5 heading5 position6 velocity6 radius6 heading6 
0.0 (6.0,3.3203539848327637) (0.0,0.0) 0.5 -0.3483585458169412 (10.0,2.5203674032896966) 3.0 0.0 (7.350445747375488,1.5) (0.0,0.0) 0.5 0.14088575464295883 (8.300719261169434,2.5) (0.0,0.0) 0.5 0.13237117390073783 (7.119850158691406,3.5) (0.0,0.0) 0.5 0.1985625586032086 (8.051896095275879,4.5) (0.0,0.0) 0.5 0.20332836739105253 (6.0,5.0) (0,0) 1e-07 -0.3483585458169412 (6.0,1.0) (0,0) 1e-07 -0.3483585458169412 
1.0 (6.037167549133301,3.1256744861602783) (0.03716731071472168,-0.19467946887016296) 0.5 -0.3483585458169412 (10.0,2.5203674032896966) 3.0 -1.3821510132155603 (7.969587326049805,1.1734061241149902) (0.6191416382789612,-0.32659393548965454) 0.5 0.14088575464295883 (8.933333396911621,2.2003355026245117) (0.6326145529747009,-0.2996644079685211) 0.5 0.13237117390073783 (7.439018726348877,3.453371286392212) (0.3191686272621155,-0.04662875831127167) 0.5 0.1985625586032086 (8.71971321105957,4.709811210632324) (0.667816698551178,0.20981137454509735) 0.5 0.20332836739105253 (6.037167549133301,5.0) (0,0) 1e-07 -0.3483585458169412 (6.037167549133301,1.0) (0,0) 1e-07 -0.3483585458169412 
2.0 (6.465500354766846,2.9253149032592773) (0.42833268642425537,-0.20035962760448456) 0.5 -0.3483585458169412 (10.0,2.5203674032896966) 3.0 -0.43752982352958586 (8.645360946655273,0.9908413887023926) (0.6757737398147583,-0.18256472051143646) 0.5 0.14088575464295883 (9.565948486328125,1.900671124458313) (0.6326146125793457,-0.29966434836387634) 0.5 0.13237117390073783 (8.12454891204834,3.5949621200561523) (0.685530424118042,0.1415908932685852) 0.5 0.1985625586032086 (9.387530326843262,4.919622898101807) (0.667816698551178,0.20981146395206451) 0.5 0.20332836739105253 (6.465500354766846,5.0) (0,0) 1e-07 -0.3483585458169412 (6.465500354766846,1.0) (0,0) 1e-07 -0.3483585458169412 
3.0 (7.431388854980469,2.9133691787719727) (0.9658884406089783,-0.011945664882659912) 0.5 -0.3483585458169412 (10.0,2.5203674032896966) 3.0 -0.012366910486093344 (9.321134567260742,0.8082766532897949) (0.6757737398147583,-0.18256472051143646) 0.5 0.14088575464295883 (10.198562622070312,1.6010067462921143) (0.6326146125793457,-0.2996644079685211) 0.5 0.13237117390073783 (8.810079574584961,3.7365529537200928) (0.685530424118042,0.1415908932685852) 0.5 0.1985625586032086 (10.055347442626953,5.129434108734131) (0.667816698551178,0.20981141924858093) 0.5 0.20332836739105253 (7.0,5.0) (0,0) 1e-07 -0.3483585458169412 (7.0,1.0) (0,0) 1e-07 -0.3483585458169412 
4.0 (8.204719543457031,2.909975290298462) (0.7733311057090759,-0.003393992781639099) 0.5 -0.3483585458169412 (10.0,2.5203674032896966) 3.0 -0.004388768233510937 (9.996908187866211,0.625711977481842) (0.6757737398147583,-0.18256467580795288) 0.5 0.14088575464295883 (10.831177711486816,1.3013423681259155) (0.6326146721839905,-0.29966434836387634) 0.5 0.13237117390073783 (9.495610237121582,3.878143787384033) (0.685530424118042,0.14159095287322998) 0.5 0.1985625586032086 (10.723163604736328,5.339245796203613) (0.6678166389465332,0.20981158316135406) 0.5 0.20332836739105253 (7.0,5.0) (0,0) 1e-07 -0.3483585458169412 (7.0,1.0) (0,0) 1e-07 -0.3483585458169412 
5.0 (8.730961799621582,2.849842071533203) (0.5262425541877747,-0.06013326346874237) 0.5 -0.3483585458169412 (10.0,2.5203674032896966) 3.0 -0.11377560782022256 (10.462238311767578,0.5) (0.4653303027153015,-0.12571197748184204) 0.5 0.14088575464295883 (11.47139835357666,1.0182929039001465) (0.6402209997177124,-0.28304946422576904) 0.5 0.13237117390073783 (10.085591316223145,4.0) (0.5899814367294312,0.1218562126159668) 0.5 0.1985625586032086 (11.234834671020508,5.5) (0.5116709470748901,0.16075420379638672) 0.5 0.20332836739105253 (7.0,5.0) (0,0) 1e-07 -0.3483585458169412 (7.0,1.0) (0,0) 1e-07 -0.3483585458169412 
6.0 (9.347071647644043,2.7906441688537598) (0.6161094903945923,-0.05919793248176575) 0.5 -0.3483585458169412 (10.0,2.5203674032896966) 3.0 -0.09578940674340775 (10.462238311767578,0.5) (1.7205800872943655e-07,0.0) 0.5 0.14088575464295883 (11.869233131408691,1.1225178241729736) (0.39783453941345215,0.10422497987747192) 0.5 0.13237117390073783 (10.115139961242676,4.027751922607422) (0.029548585414886475,0.027752012014389038) 0.5 0.1985625586032086 (11.234834671020508,5.5) (-1.2277624250600638e-07,0.0) 0.5 0.20332836739105253 (7.0,5.0) (0,0) 1e-07 -0.3483585458169412 (7.0,1.0) (0,0) 1e-07 -0.3483585458169412 
7.0 (10.261659622192383,2.7876291275024414) (0.9145880937576294,-0.003014996647834778) 0.5 -0.3483585458169412 (10.0,2.5203674032896966) 3.0 -0.003296550378073671 (10.462238311767578,0.5) (1.7205800872943655e-07,0.0) 0.5 0.14088575464295883 (11.795450210571289,1.1321208477020264) (-0.07378328591585159,0.009602963924407959) 0.5 0.13237117390073783 (10.085591316223145,4.0) (-0.02954830229282379,-0.027751922607421875) 0.5 0.1985625586032086 (11.234834671020508,5.5) (-1.2277624250600638e-07,0.0) 0.5 0.20332836739105253 (7.0,5.0) (0,0) 1e-07 -0.3483585458169412 (7.0,1.0) (0,0) 1e-07 -0.3483585458169412 
