[[(7.0, 6.0), (0, 6.0), (0, 5.0), (7.0, 5.0)], [(7.0, 1.0), (0, 1.0), (0, 0), (7.0, 0)]]
timestamp position0 velocity0 radius0 heading0 goal pref_speed theta position1 velocity1 radius1 heading1 position2 velocity2 radius2 heading2 position3 velocity3 radius3 heading3 position4 velocity4 radius4 heading4 position5 velocity5 radius5 heading5 position6 velocity6 radius6 heading6 
0.0 (6.0,2.7596569061279297) (0.0,0.0) 0.5 -0.2997308667989198 (10.0,3.4863087840992346) 3.0 0.0 (7.096027374267578,1.5) (0.0,0.0) 0.5 0.15538010646569256 (8.219463348388672,2.5) (0.0,0.0) 0.5 0.26692753524622714 (7.180622577667236,3.5) (0.0,0.0) 0.5 -0.32158453514883145 (8.455157279968262,4.5) (0.0,0.0) 0.5 -0.1891352845822807 (6.0,5.0) (0,0) 1e-07 -0.2997308667989198 (6.0,1.0) (0,0) 1e-07 -0.2997308667989198 
1.0 (6.290537357330322,2.6667263507843018) (0.29053738713264465,-0.09293060004711151) 0.5 -0.2997308667989198 (10.0,3.4863087840992346) 3.0 -0.30957379361913184 (7.5049896240234375,1.4195959568023682) (0.40896230936050415,-0.08040410280227661) 0.5 0.15538010646569256 (8.844775199890137,2.1853816509246826) (0.6253122687339783,-0.3146182596683502) 0.5 0.26692753524622714 (7.535445690155029,3.5499792098999023) (0.35482290387153625,0.04997928440570831) 0.5 -0.32158453514883145 (9.122419357299805,4.711567401885986) (0.6672624349594116,0.21156761050224304) 0.5 -0.1891352845822807 (6.290537357330322,5.0) (0,0) 1e-07 -0.2997308667989198 (6.290537357330322,1.0) (0,0) 1e-07 -0.2997308667989198 
2.0 (6.85161018371582,2.6874849796295166) (0.5610729455947876,0.020758703351020813) 0.5 -0.2997308667989198 (10.0,3.4863087840992346) 3.0 0.036981357426326626 (8.164299011230469,1.1844128370285034) (0.659309446811676,-0.23518308997154236) 0.5 0.15538010646569256 (9.470087051391602,1.8707634210586548) (0.6253122687339783,-0.31461820006370544) 0.5 0.26692753524622714 (8.2251558303833,3.6695616245269775) (0.6897100806236267,0.1195823922753334) 0.5 -0.32158453514883145 (9.789681434631348,4.923134803771973) (0.6672623753547668,0.21156762540340424) 0.5 -0.1891352845822807 (6.85161018371582,5.0) (0,0) 1e-07 -0.2997308667989198 (6.85161018371582,1.0) (0,0) 1e-07 -0.2997308667989198 
3.0 (7.388429641723633,2.717561960220337) (0.5368195176124573,0.03007698804140091) 0.5 -0.2997308667989198 (10.0,3.4863087840992346) 3.0 0.05596960270574006 (8.8236083984375,0.9492297768592834) (0.6593093872070312,-0.23518307507038116) 0.5 0.15538010646569256 (10.095398902893066,1.556145191192627) (0.6253122687339783,-0.31461817026138306) 0.5 0.26692753524622714 (8.914865493774414,3.7891440391540527) (0.6897101402282715,0.11958238482475281) 0.5 -0.32158453514883145 (10.45694351196289,5.134702682495117) (0.6672623753547668,0.2115676999092102) 0.5 -0.1891352845822807 (7.0,5.0) (0,0) 1e-07 -0.2997308667989198 (7.0,1.0) (0,0) 1e-07 -0.2997308667989198 
4.0 (8.02726936340332,2.7515811920166016) (0.6388394832611084,0.034019190818071365) 0.5 -0.2997308667989198 (10.0,3.4863087840992346) 3.0 0.053201296926283205 (9.482917785644531,0.7140467166900635) (0.659309446811676,-0.23518308997154236) 0.5 0.15538010646569256 (10.720710754394531,1.2415271997451782) (0.625312328338623,-0.3146180212497711) 0.5 0.26692753524622714 (9.604575157165527,3.908726453781128) (0.6897100806236267,0.11958231031894684) 0.5 -0.32158453514883145 (11.124205589294434,5.3462700843811035) (0.6672624945640564,0.21156755089759827) 0.5 -0.1891352845822807 (7.0,5.0) (0,0) 1e-07 -0.2997308667989198 (7.0,1.0) (0,0) 1e-07 -0.2997308667989198 
5.0 (8.77720832824707,2.814610242843628) (0.74993896484375,0.0630289614200592) 0.5 -0.2997308667989198 (10.0,3.4863087840992346) 3.0 0.08384840044121518 (10.08297348022461,0.5) (0.600055992603302,-0.21404671669006348) 0.5 0.15538010646569256 (11.200753211975098,1.0) (0.48004263639450073,-0.24152719974517822) 0.5 0.26692753524622714 (10.131011009216309,4.0) (0.5264357328414917,0.09127354621887207) 0.5 -0.32158453514883145 (11.609053611755371,5.5) (0.4848484396934509,0.15372991561889648) 0.5 -0.1891352845822807 (7.0,5.0) (0,0) 1e-07 -0.2997308667989198 (7.0,1.0) (0,0) 1e-07 -0.2997308667989198 
6.0 (9.493202209472656,2.8726911544799805) (0.7159936428070068,0.05808085948228836) 0.5 -0.2997308667989198 (10.0,3.4863087840992346) 3.0 0.08094200780834952 (10.08297348022461,0.5) (2.824077398599911e-07,0.0) 0.5 0.15538010646569256 (11.452432632446289,1.119189739227295) (0.25167977809906006,0.11918967962265015) 0.5 0.26692753524622714 (10.196675300598145,4.0705060958862305) (0.06566470861434937,0.07050615549087524) 0.5 -0.32158453514883145 (11.609053611755371,5.5) (4.100541843854444e-07,0.0) 0.5 -0.1891352845822807 (7.0,5.0) (0,0) 1e-07 -0.2997308667989198 (7.0,1.0) (0,0) 1e-07 -0.2997308667989198 
7.0 (10.173371315002441,2.9164297580718994) (0.6801693439483643,0.043738558888435364) 0.5 -0.2997308667989198 (10.0,3.4863087840992346) 3.0 0.06421697688228584 (10.08297348022461,0.5) (2.824077398599911e-07,0.0) 0.5 0.15538010646569256 (11.352005958557129,1.068890929222107) (-0.10042668879032135,-0.050298795104026794) 0.5 0.26692753524622714 (10.132806777954102,4.040894985198975) (-0.06386863440275192,-0.029610922560095787) 0.5 -0.32158453514883145 (11.609053611755371,5.5) (4.100541843854444e-07,0.0) 0.5 -0.1891352845822807 (7.0,5.0) (0,0) 1e-07 -0.2997308667989198 (7.0,1.0) (0,0) 1e-07 -0.2997308667989198 
