[[(7.0, 6.0), (0, 6.0), (0, 5.0), (7.0, 5.0)], [(7.0, 1.0), (0, 1.0), (0, 0), (7.0, 0)]]
timestamp position0 velocity0 radius0 heading0 goal pref_speed theta position1 velocity1 radius1 heading1 position2 velocity2 radius2 heading2 position3 velocity3 radius3 heading3 position4 velocity4 radius4 heading4 position5 velocity5 radius5 heading5 position6 velocity6 radius6 heading6 
0.0 (6.0,2.900372266769409) (0.0,0.0) 0.5 -0.3774680139132073 (10.0,3.1891201271551406) 3.0 0.0 (7.381647109985352,1.5) (0.0,0.0) 0.5 -0.050295734475439224 (8.338013648986816,2.5) (0.0,0.0) 0.5 -0.3740808092636714 (7.318130970001221,3.5) (0.0,0.0) 0.5 0.22804087503935766 (8.108407020568848,4.5) (0.0,0.0) 0.5 0.37183024743334503 (6.0,5.0) (0,0) 1e-07 -0.3774680139132073 (6.0,1.0) (0,0) 1e-07 -0.3774680139132073 
1.0 (6.288615703582764,2.8070192337036133) (0.28861573338508606,-0.09335296601057053) 0.5 -0.3774680139132073 (10.0,3.1891201271551406) 3.0 -0.3128299884087899 (8.000765800476074,1.1733622550964355) (0.6191185116767883,-0.32663774490356445) 0.5 -0.050295734475439224 (8.965006828308105,2.18874454498291) (0.6269928812980652,-0.31125548481941223) 0.5 -0.3740808092636714 (7.5837931632995605,3.4650349617004395) (0.26566237211227417,-0.03496496379375458) 0.5 0.22804087503935766 (8.767950057983398,4.734527587890625) (0.6595427989959717,0.23452766239643097) 0.5 0.37183024743334503 (6.288615703582764,5.0) (0,0) 1e-07 -0.3774680139132073 (6.288615703582764,1.0) (0,0) 1e-07 -0.3774680139132073 
2.0 (6.822473526000977,2.7469701766967773) (0.5338577628135681,-0.060048989951610565) 0.5 -0.3774680139132073 (10.0,3.1891201271551406) 3.0 -0.11201044944195168 (8.671250343322754,0.9722403287887573) (0.6704848408699036,-0.20112189650535583) 0.5 -0.050295734475439224 (9.592000007629395,1.8774890899658203) (0.6269928216934204,-0.3112555146217346) 0.5 -0.3740808092636714 (8.27198600769043,3.593062162399292) (0.6881926655769348,0.12802711129188538) 0.5 0.22804087503935766 (9.42749309539795,4.96905517578125) (0.6595428586006165,0.23452772200107574) 0.5 0.37183024743334503 (6.822473526000977,5.0) (0,0) 1e-07 -0.3774680139132073 (6.822473526000977,1.0) (0,0) 1e-07 -0.3774680139132073 
3.0 (7.358152389526367,2.7761473655700684) (0.5356788039207458,0.029177306219935417) 0.5 -0.3774680139132073 (10.0,3.1891201271551406) 3.0 0.0544141438884229 (9.341734886169434,0.7711184620857239) (0.6704849004745483,-0.20112186670303345) 0.5 -0.050295734475439224 (10.218993186950684,1.566233515739441) (0.6269927620887756,-0.3112556040287018) 0.5 -0.3740808092636714 (8.96017837524414,3.7210893630981445) (0.68819260597229,0.12802709639072418) 0.5 0.22804087503935766 (10.0870361328125,5.203583240509033) (0.6595428586006165,0.2345278561115265) 0.5 0.37183024743334503 (7.0,5.0) (0,0) 1e-07 -0.3774680139132073 (7.0,1.0) (0,0) 1e-07 -0.3774680139132073 
4.0 (7.96998929977417,2.7834556102752686) (0.6118369698524475,0.007308155298233032) 0.5 -0.3774680139132073 (10.0,3.1891201271551406) 3.0 0.011944044128425245 (10.012219429016113,0.5699966549873352) (0.6704849600791931,-0.20112182199954987) 0.5 -0.050295734475439224 (10.845985412597656,1.254977822303772) (0.6269927024841309,-0.31125569343566895) 0.5 -0.3740808092636714 (9.648370742797852,3.849116325378418) (0.68819260597229,0.1280270367860794) 0.5 0.22804087503935766 (10.74657917022705,5.438110828399658) (0.6595428586006165,0.23452770709991455) 0.5 0.37183024743334503 (7.0,5.0) (0,0) 1e-07 -0.3774680139132073 (7.0,1.0) (0,0) 1e-07 -0.3774680139132073 
5.0 (8.792097091674805,2.846245765686035) (0.822108268737793,0.06279007345438004) 0.5 -0.3774680139132073 (10.0,3.1891201271551406) 3.0 0.07622889536474961 (10.245569229125977,0.5) (0.23335003852844238,-0.0699966549873352) 0.5 -0.050295734475439224 (11.41618537902832,1.0411510467529297) (0.5701999068260193,-0.2138267308473587) 0.5 -0.3740808092636714 (10.336563110351562,3.9771432876586914) (0.68819260597229,0.1280270367860794) 0.5 0.22804087503935766 (10.920624732971191,5.5) (0.17404523491859436,0.0618891716003418) 0.5 0.37183024743334503 (7.0,5.0) (0,0) 1e-07 -0.3774680139132073 (7.0,1.0) (0,0) 1e-07 -0.3774680139132073 
6.0 (9.551556587219238,2.8920328617095947) (0.7594597339630127,0.045787177979946136) 0.5 -0.3774680139132073 (10.0,3.1891201271551406) 3.0 0.06021625788892912 (10.245569229125977,0.5) (2.4490512373631645e-07,0.0) 0.5 -0.050295734475439224 (11.632872581481934,1.0720226764678955) (0.21668685972690582,0.030871689319610596) 0.5 -0.3740808092636714 (10.516230583190918,4.04817008972168) (0.17966775596141815,0.07102656364440918) 0.5 0.22804087503935766 (10.920624732971191,5.5) (-3.301448430192977e-07,0.0) 0.5 0.37183024743334503 (7.0,5.0) (0,0) 1e-07 -0.3774680139132073 (7.0,1.0) (0,0) 1e-07 -0.3774680139132073 
7.0 (10.233779907226562,2.934575319290161) (0.6822229623794556,0.04254242032766342) 0.5 -0.3774680139132073 (10.0,3.1891201271551406) 3.0 0.0622778881442685 (10.245569229125977,0.5) (2.4490512373631645e-07,0.0) 0.5 -0.050295734475439224 (11.488831520080566,1.048569679260254) (-0.144041046500206,-0.023452967405319214) 0.5 -0.3740808092636714 (10.479665756225586,4.062125205993652) (-0.03656455874443054,0.013955198228359222) 0.5 0.22804087503935766 (10.920624732971191,5.5) (-3.301448430192977e-07,0.0) 0.5 0.37183024743334503 (7.0,5.0) (0,0) 1e-07 -0.3774680139132073 (7.0,1.0) (0,0) 1e-07 -0.3774680139132073 
