[[(7.0, 6.0), (0, 6.0), (0, 5.0), (7.0, 5.0)], [(7.0, 1.0), (0, 1.0), (0, 0), (7.0, 0)]]
timestamp position0 velocity0 radius0 heading0 goal pref_speed theta position1 velocity1 radius1 heading1 position2 velocity2 radius2 heading2 position3 velocity3 radius3 heading3 position4 velocity4 radius4 heading4 position5 velocity5 radius5 heading5 position6 velocity6 radius6 heading6 
0.0 (6.0,2.553420066833496) (0.0,0.0) 0.5 -0.3400475514751765 (10.0,3.0202091276074468) 3.0 0.0 (7.131605625152588,1.5) (0.0,0.0) 0.5 0.07528648330785231 (8.267327308654785,2.5) (0.0,0.0) 0.5 0.13406341099693753 (7.180553913116455,3.5) (0.0,0.0) 0.5 0.09180967866413592 (8.23354721069336,4.5) (0.0,0.0) 0.5 0.37207273731833523 (6.0,5.0) (0,0) 1e-07 -0.3400475514751765 (6.0,1.0) (0,0) 1e-07 -0.3400475514751765 
1.0 (6.349302768707275,2.527958393096924) (0.34930282831192017,-0.025461703538894653) 0.5 -0.3400475514751765 (10.0,3.0202091276074468) 3.0 -0.0727642286792088 (7.580699443817139,1.378271460533142) (0.4490938186645508,-0.12172850966453552) 0.5 0.07528648330785231 (8.89262580871582,2.185353994369507) (0.6252982020378113,-0.31464603543281555) 0.5 0.13406341099693753 (7.4985456466674805,3.4934699535369873) (0.31799155473709106,-0.006530061364173889) 0.5 0.09180967866413592 (8.897841453552246,4.720710277557373) (0.6642943620681763,0.22071023285388947) 0.5 0.37207273731833523 (6.349302768707275,5.0) (0,0) 1e-07 -0.3400475514751765 (6.349302768707275,1.0) (0,0) 1e-07 -0.3400475514751765 
2.0 (6.926936626434326,2.528496265411377) (0.5776339173316956,0.0005377866327762604) 0.5 -0.3400475514751765 (10.0,3.0202091276074468) 3.0 0.0009310161007816479 (8.246121406555176,1.1609851121902466) (0.6654222011566162,-0.2172863483428955) 0.5 0.07528648330785231 (9.517924308776855,1.8707078695297241) (0.6252982020378113,-0.3146460950374603) 0.5 0.13406341099693753 (8.185662269592285,3.6271495819091797) (0.6871169805526733,0.13367967307567596) 0.5 0.09180967866413592 (9.562135696411133,4.941420555114746) (0.6642943620681763,0.22071021795272827) 0.5 0.37207273731833523 (6.926936626434326,5.0) (0,0) 1e-07 -0.3400475514751765 (6.926936626434326,1.0) (0,0) 1e-07 -0.3400475514751765 
3.0 (7.547412872314453,2.564744472503662) (0.6204763650894165,0.03624815121293068) 0.5 -0.3400475514751765 (10.0,3.0202091276074468) 3.0 0.05835354995404063 (8.911543846130371,0.9436987638473511) (0.6654221415519714,-0.21728631854057312) 0.5 0.07528648330785231 (10.14322280883789,1.5560617446899414) (0.6252981424331665,-0.3146461248397827) 0.5 0.13406341099693753 (8.87277889251709,3.760829210281372) (0.6871169805526733,0.13367965817451477) 0.5 0.09180967866413592 (10.22642993927002,5.162130832672119) (0.6642943620681763,0.2207101732492447) 0.5 0.37207273731833523 (7.0,5.0) (0,0) 1e-07 -0.3400475514751765 (7.0,1.0) (0,0) 1e-07 -0.3400475514751765 
4.0 (8.05998706817627,2.5678763389587402) (0.5125739574432373,0.0031318217515945435) 0.5 -0.3400475514751765 (10.0,3.0202091276074468) 3.0 0.00610991396387447 (9.576966285705566,0.7264123558998108) (0.6654222011566162,-0.2172863930463791) 0.5 0.07528648330785231 (10.768521308898926,1.2414155006408691) (0.6252982020378113,-0.3146461844444275) 0.5 0.13406341099693753 (9.559895515441895,3.8945088386535645) (0.6871169209480286,0.13367962837219238) 0.5 0.09180967866413592 (10.890724182128906,5.382841110229492) (0.664294421672821,0.22071011364459991) 0.5 0.37207273731833523 (7.0,5.0) (0,0) 1e-07 -0.3400475514751765 (7.0,1.0) (0,0) 1e-07 -0.3400475514751765 
5.0 (8.589574813842773,2.5691184997558594) (0.5295876264572144,0.0012422166764736176) 0.5 -0.3400475514751765 (10.0,3.0202091276074468) 3.0 0.002345625796761629 (10.242388725280762,0.5091259479522705) (0.6654220819473267,-0.21728640794754028) 0.5 0.07528648330785231 (11.248287200927734,1.0) (0.4797661602497101,-0.24141550064086914) 0.5 0.13406341099693753 (10.102123260498047,4.0) (0.5422277450561523,0.10549116134643555) 0.5 0.09180967866413592 (11.2433500289917,5.5) (0.35262614488601685,0.11715888977050781) 0.5 0.37207273731833523 (7.0,5.0) (0,0) 1e-07 -0.3400475514751765 (7.0,1.0) (0,0) 1e-07 -0.3400475514751765 
6.0 (9.131027221679688,2.57474422454834) (0.5414524078369141,0.005625680088996887) 0.5 -0.3400475514751765 (10.0,3.0202091276074468) 3.0 0.01038960689208495 (10.270336151123047,0.5) (0.02794710360467434,-0.009125947952270508) 0.5 0.07528648330785231 (11.531379699707031,1.1610887050628662) (0.28309234976768494,0.1610887050628662) 0.5 0.13406341099693753 (10.102123260498047,4.0) (-2.559055189976789e-10,0.0) 0.5 0.09180967866413592 (11.2433500289917,5.5) (2.8380631533764245e-07,0.0) 0.5 0.37207273731833523 (7.0,5.0) (0,0) 1e-07 -0.3400475514751765 (7.0,1.0) (0,0) 1e-07 -0.3400475514751765 
7.0 (9.893021583557129,2.616626739501953) (0.761994481086731,0.041882552206516266) 0.5 -0.3400475514751765 (10.0,3.0202091276074468) 3.0 0.054909126833094166 (10.270336151123047,0.5) (-3.2169810992854764e-07,0.0) 0.5 0.07528648330785231 (11.499754905700684,1.1378756761550903) (-0.03162495791912079,-0.023213006556034088) 0.5 0.13406341099693753 (10.102123260498047,4.0) (-2.559055189976789e-10,0.0) 0.5 0.09180967866413592 (11.2433500289917,5.5) (2.8380631533764245e-07,0.0) 0.5 0.37207273731833523 (7.0,5.0) (0,0) 1e-07 -0.3400475514751765 (7.0,1.0) (0,0) 1e-07 -0.3400475514751765 
