[[(7.0, 6.0), (0, 6.0), (0, 5.0), (7.0, 5.0)], [(7.0, 1.0), (0, 1.0), (0, 0), (7.0, 0)]]
timestamp position0 velocity0 radius0 heading0 goal pref_speed theta position1 velocity1 radius1 heading1 position2 velocity2 radius2 heading2 position3 velocity3 radius3 heading3 position4 velocity4 radius4 heading4 position5 velocity5 radius5 heading5 position6 velocity6 radius6 heading6 
0.0 (6.0,2.5951669216156006) (0.0,0.0) 0.5 -0.039327979213546416 (10.0,3.4485912586623306) 3.0 0.0 (7.029172420501709,1.5) (0.0,0.0) 0.5 -0.19554973145083962 (8.494653701782227,2.5) (0.0,0.0) 0.5 0.38183519605507554 (7.3065361976623535,3.5) (0.0,0.0) 0.5 0.23090738104351516 (8.334413528442383,4.5) (0.0,0.0) 0.5 -0.3345600452802252 (6.0,5.0) (0,0) 1e-07 -0.039327979213546416 (6.0,1.0) (0,0) 1e-07 -0.039327979213546416 
1.0 (6.361844062805176,2.5901780128479004) (0.36184385418891907,-0.0049889832735061646) 0.5 -0.039327979213546416 (10.0,3.4485912586623306) 3.0 -0.013786795372852684 (7.517333507537842,1.4713479280471802) (0.48816102743148804,-0.028652027249336243) 0.5 -0.19554973145083962 (9.127190589904785,2.2001707553863525) (0.6325364708900452,-0.2998293340206146) 0.5 0.38183519605507554 (7.640732288360596,3.4677226543426514) (0.3341960906982422,-0.03227733075618744) 0.5 0.23090738104351516 (8.997381210327148,4.724662780761719) (0.6629680395126343,0.22466275095939636) 0.5 -0.3345600452802252 (6.361844062805176,5.0) (0,0) 1e-07 -0.039327979213546416 (6.361844062805176,1.0) (0,0) 1e-07 -0.039327979213546416 
2.0 (6.9347357749938965,2.615218162536621) (0.5728917121887207,0.025040142238140106) 0.5 -0.039327979213546416 (10.0,3.4485912586623306) 3.0 0.04368053201335536 (8.16738224029541,1.211661458015442) (0.6500483751296997,-0.25968649983406067) 0.5 -0.19554973145083962 (9.759727478027344,1.9003413915634155) (0.6325364112854004,-0.299829363822937) 0.5 0.38183519605507554 (8.32532787322998,3.613764762878418) (0.6845960021018982,0.14604222774505615) 0.5 0.23090738104351516 (9.660348892211914,4.9493255615234375) (0.662968099117279,0.22466270625591278) 0.5 -0.3345600452802252 (6.9347357749938965,5.0) (0,0) 1e-07 -0.039327979213546416 (6.9347357749938965,1.0) (0,0) 1e-07 -0.039327979213546416 
3.0 (7.503486633300781,2.6478493213653564) (0.5687507390975952,0.0326310470700264) 0.5 -0.039327979213546416 (10.0,3.4485912586623306) 3.0 0.0573103675881254 (8.81743049621582,0.9519749283790588) (0.6500483155250549,-0.25968652963638306) 0.5 -0.19554973145083962 (10.392263412475586,1.600511908531189) (0.6325364112854004,-0.2998294532299042) 0.5 0.38183519605507554 (9.009923934936523,3.7598071098327637) (0.6845960021018982,0.14604222774505615) 0.5 0.23090738104351516 (10.32331657409668,5.173988342285156) (0.662968099117279,0.22466261684894562) 0.5 -0.3345600452802252 (7.0,5.0) (0,0) 1e-07 -0.039327979213546416 (7.0,1.0) (0,0) 1e-07 -0.039327979213546416 
4.0 (8.277058601379395,2.7146434783935547) (0.7735719084739685,0.06679411977529526) 0.5 -0.039327979213546416 (10.0,3.4485912586623306) 3.0 0.0861314426993009 (9.46747875213623,0.6922883987426758) (0.6500483155250549,-0.25968652963638306) 0.5 -0.19554973145083962 (11.024799346923828,1.300682544708252) (0.6325364112854004,-0.299829363822937) 0.5 0.38183519605507554 (9.694519996643066,3.9058492183685303) (0.6845960021018982,0.14604216814041138) 0.5 0.23090738104351516 (10.986284255981445,5.398650646209717) (0.6629681587219238,0.2246624380350113) 0.5 -0.3345600452802252 (7.0,5.0) (0,0) 1e-07 -0.039327979213546416 (7.0,1.0) (0,0) 1e-07 -0.039327979213546416 
5.0 (9.011796951293945,2.7808427810668945) (0.7347387075424194,0.06619922816753387) 0.5 -0.039327979213546416 (10.0,3.4485912586623306) 3.0 0.08985638509674099 (9.948816299438477,0.5) (0.48133713006973267,-0.19228839874267578) 0.5 -0.19554973145083962 (11.657336235046387,1.000853419303894) (0.6325365900993347,-0.2998291552066803) 0.5 0.38183519605507554 (10.135866165161133,4.0) (0.44134649634361267,0.09415078163146973) 0.5 0.23090738104351516 (11.285361289978027,5.5) (0.29907721281051636,0.1013493537902832) 0.5 -0.3345600452802252 (7.0,5.0) (0,0) 1e-07 -0.039327979213546416 (7.0,1.0) (0,0) 1e-07 -0.039327979213546416 
6.0 (9.76429557800293,2.8377528190612793) (0.7524990439414978,0.0569099485874176) 0.5 -0.039327979213546416 (10.0,3.4485912586623306) 3.0 0.07548424075284088 (9.948816299438477,0.5) (-4.16253783441789e-07,0.0) 0.5 -0.19554973145083962 (11.761665344238281,1.0216840505599976) (0.10432925075292587,0.020830631256103516) 0.5 0.38183519605507554 (10.176783561706543,4.061429023742676) (0.040917009115219116,0.061428919434547424) 0.5 0.23090738104351516 (11.285361289978027,5.5) (1.788507972833031e-07,0.0) 0.5 -0.3345600452802252 (7.0,5.0) (0,0) 1e-07 -0.039327979213546416 (7.0,1.0) (0,0) 1e-07 -0.039327979213546416 
7.0 (10.618532180786133,2.9295783042907715) (0.8542362451553345,0.09182539582252502) 0.5 -0.039327979213546416 (10.0,3.4485912586623306) 3.0 0.10708296187810068 (9.948816299438477,0.5) (-4.16253783441789e-07,0.0) 0.5 -0.19554973145083962 (11.659135818481445,1.0) (-0.10252907127141953,-0.02168405055999756) 0.5 0.38183519605507554 (10.135866165161133,4.0) (-0.040917083621025085,-0.06142902374267578) 0.5 0.23090738104351516 (11.285361289978027,5.5) (1.788507972833031e-07,0.0) 0.5 -0.3345600452802252 (7.0,5.0) (0,0) 1e-07 -0.039327979213546416 (7.0,1.0) (0,0) 1e-07 -0.039327979213546416 
