[[(7.0, 6.0), (0, 6.0), (0, 5.0), (7.0, 5.0)], [(7.0, 1.0), (0, 1.0), (0, 0), (7.0, 0)]]
timestamp position0 velocity0 radius0 heading0 goal pref_speed theta position1 velocity1 radius1 heading1 position2 velocity2 radius2 heading2 position3 velocity3 radius3 heading3 position4 velocity4 radius4 heading4 position5 velocity5 radius5 heading5 position6 velocity6 radius6 heading6 
0.0 (6.0,2.811089515686035) (0.0,0.0) 0.5 0.1554798117723083 (10.0,3.4856993714683853) 3.0 0.0 (7.445295333862305,1.5) (0.0,0.0) 0.5 -0.26494461086812704 (8.151095390319824,2.5) (0.0,0.0) 0.5 0.31039164491899063 (7.268582344055176,3.5) (0.0,0.0) 0.5 -0.10891480893510774 (8.424610137939453,4.5) (0.0,0.0) 0.5 -0.1719490281178851 (6.0,5.0) (0,0) 1e-07 0.1554798117723083 (6.0,1.0) (0,0) 1e-07 0.1554798117723083 
1.0 (6.299922943115234,2.723541021347046) (0.29992279410362244,-0.08754857629537582) 0.5 0.1554798117723083 (10.0,3.4856993714683853) 3.0 -0.28401255436977857 (8.074408531188965,1.193053126335144) (0.6291133761405945,-0.30694687366485596) 0.5 -0.26494461086812704 (8.784561157226562,2.2021381855010986) (0.6334653496742249,-0.297861784696579) 0.5 0.31039164491899063 (7.575903415679932,3.548664093017578) (0.30732110142707825,0.04866403341293335) 0.5 -0.10891480893510774 (9.091718673706055,4.712052345275879) (0.6671084761619568,0.212052583694458) 0.5 -0.1719490281178851 (6.299922943115234,5.0) (0,0) 1e-07 0.1554798117723083 (6.299922943115234,1.0) (0,0) 1e-07 0.1554798117723083 
2.0 (6.887907981872559,2.747361421585083) (0.5879848599433899,0.02382049709558487) 0.5 0.1554798117723083 (10.0,3.4856993714683853) 3.0 0.04048995118726102 (8.748295783996582,1.003643274307251) (0.6738871335983276,-0.18940986692905426) 0.5 -0.26494461086812704 (9.4180269241333,1.9042763710021973) (0.6334653496742249,-0.29786181449890137) 0.5 0.31039164491899063 (8.26618766784668,3.664883852005005) (0.6902846693992615,0.1162196472287178) 0.5 -0.10891480893510774 (9.758827209472656,4.924105167388916) (0.667108416557312,0.21205264329910278) 0.5 -0.1719490281178851 (6.887907981872559,5.0) (0,0) 1e-07 0.1554798117723083 (6.887907981872559,1.0) (0,0) 1e-07 0.1554798117723083 
3.0 (7.46070671081543,2.7763078212738037) (0.572798490524292,0.028946399688720703) 0.5 0.1554798117723083 (10.0,3.4856993714683853) 3.0 0.050492095973297166 (9.422377586364746,0.814926266670227) (0.6740815043449402,-0.18871702253818512) 0.5 -0.26494461086812704 (10.051492691040039,1.606414556503296) (0.6334652900695801,-0.29786187410354614) 0.5 0.31039164491899063 (8.956472396850586,3.7811033725738525) (0.6902846693992615,0.11621957272291183) 0.5 -0.10891480893510774 (10.425935745239258,5.136157989501953) (0.6671084761619568,0.2120525985956192) 0.5 -0.1719490281178851 (7.0,5.0) (0,0) 1e-07 0.1554798117723083 (7.0,1.0) (0,0) 1e-07 0.1554798117723083 
4.0 (8.120984077453613,2.8083903789520264) (0.6602776646614075,0.0320824570953846) 0.5 0.1554798117723083 (10.0,3.4856993714683853) 3.0 0.04855115723855681 (10.080004692077637,0.5750786066055298) (0.6576268076896667,-0.23984767496585846) 0.5 -0.26494461086812704 (10.705296516418457,1.356333613395691) (0.653803825378418,-0.25008097290992737) 0.5 0.31039164491899063 (9.646757125854492,3.8973228931427) (0.6902846693992615,0.11621960252523422) 0.5 -0.10891480893510774 (11.09304428100586,5.348210334777832) (0.6671085357666016,0.21205249428749084) 0.5 -0.1719490281178851 (7.0,5.0) (0,0) 1e-07 0.1554798117723083 (7.0,1.0) (0,0) 1e-07 0.1554798117723083 
5.0 (8.82712459564209,2.8500723838806152) (0.7061408162117004,0.04168204963207245) 0.5 0.1554798117723083 (10.0,3.4856993714683853) 3.0 0.05895954279143982 (10.538688659667969,0.48935702443122864) (0.4586843252182007,-0.08572158217430115) 0.5 -0.26494461086812704 (11.360905647277832,1.111025333404541) (0.6556094884872437,-0.24530832469463348) 0.5 0.31039164491899063 (10.256606101989746,4.0) (0.6098486185073853,0.1026771068572998) 0.5 -0.10891480893510774 (11.570568084716797,5.5) (0.4775235652923584,0.15178966522216797) 0.5 -0.1719490281178851 (7.0,5.0) (0,0) 1e-07 0.1554798117723083 (7.0,1.0) (0,0) 1e-07 0.1554798117723083 
6.0 (9.562509536743164,2.8940181732177734) (0.7353854179382324,0.0439457967877388) 0.5 0.1554798117723083 (10.0,3.4856993714683853) 3.0 0.05968788010864981 (10.54726791381836,0.5) (0.008578999899327755,0.010642975568771362) 0.5 -0.26494461086812704 (11.796659469604492,1.2065249681472778) (0.43575385212898254,0.09549963474273682) 0.5 0.31039164491899063 (10.345396041870117,4.0806474685668945) (0.0887899398803711,0.08064739406108856) 0.5 -0.10891480893510774 (11.570568084716797,5.5) (-2.3159944362305396e-07,0.0) 0.5 -0.1719490281178851 (7.0,5.0) (0,0) 1e-07 0.1554798117723083 (7.0,1.0) (0,0) 1e-07 0.1554798117723083 
7.0 (10.386680603027344,2.9570751190185547) (0.8241711854934692,0.06305695325136185) 0.5 0.1554798117723083 (10.0,3.4856993714683853) 3.0 0.07636076786907202 (10.54726791381836,0.5) (-2.5450955831729516e-07,0.0) 0.5 -0.26494461086812704 (11.800479888916016,1.216811180114746) (0.0038206875324249268,0.010286234319210052) 0.5 0.31039164491899063 (10.263749122619629,4.064119338989258) (-0.08164684474468231,-0.01652829721570015) 0.5 -0.10891480893510774 (11.570568084716797,5.5) (-2.3159944362305396e-07,0.0) 0.5 -0.1719490281178851 (7.0,5.0) (0,0) 1e-07 0.1554798117723083 (7.0,1.0) (0,0) 1e-07 0.1554798117723083 
