[[(7.0, 6.0), (0, 6.0), (0, 5.0), (7.0, 5.0)], [(7.0, 1.0), (0, 1.0), (0, 0), (7.0, 0)]]
timestamp position0 velocity0 radius0 heading0 goal pref_speed theta position1 velocity1 radius1 heading1 position2 velocity2 radius2 heading2 position3 velocity3 radius3 heading3 position4 velocity4 radius4 heading4 position5 velocity5 radius5 heading5 position6 velocity6 radius6 heading6 
0.0 (6.0,2.6974616050720215) (0.0,0.0) 0.5 0.30505888419029625 (10.0,3.4746272147238217) 3.0 0.0 (7.419704437255859,1.5) (0.0,0.0) 0.5 0.19950084098716836 (8.145698547363281,2.5) (0.0,0.0) 0.5 0.12368299101311864 (7.016180038452148,3.5) (0.0,0.0) 0.5 -0.15112138410041925 (8.381732940673828,4.5) (0.0,0.0) 0.5 0.015143170281754215 (6.0,5.0) (0,0) 1e-07 0.30505888419029625 (6.0,1.0) (0,0) 1e-07 0.30505888419029625 
1.0 (6.300172328948975,2.5552635192871094) (0.30017223954200745,-0.14219814538955688) 0.5 0.30505888419029625 (10.0,3.4746272147238217) 3.0 -0.44240495544226643 (8.047325134277344,1.190011978149414) (0.62762051820755,-0.30998796224594116) 0.5 0.19950084098716836 (8.77822208404541,2.200143814086914) (0.6325236558914185,-0.2998562753200531) 0.5 0.12368299101311864 (7.404829025268555,3.5553700923919678) (0.3886491060256958,0.05537004768848419) 0.5 -0.15112138410041925 (9.045705795288086,4.721675872802734) (0.6639727354049683,0.2216760516166687) 0.5 0.015143170281754215 (6.300172328948975,5.0) (0,0) 1e-07 0.30505888419029625 (6.300172328948975,1.0) (0,0) 1e-07 0.30505888419029625 
2.0 (6.9227728843688965,2.5792343616485596) (0.6226004362106323,0.02397087961435318) 0.5 0.30505888419029625 (10.0,3.4746272147238217) 3.0 0.038482218094096146 (8.721160888671875,1.0004210472106934) (0.6738362312316895,-0.18959097564220428) 0.5 0.19950084098716836 (9.410745620727539,1.9002875089645386) (0.6325237154960632,-0.2998563349246979) 0.5 0.12368299101311864 (8.093673706054688,3.679840326309204) (0.6888447999954224,0.12447014451026917) 0.5 -0.15112138410041925 (9.709678649902344,4.943351745605469) (0.6639726758003235,0.22167611122131348) 0.5 0.015143170281754215 (6.9227728843688965,5.0) (0,0) 1e-07 0.30505888419029625 (6.9227728843688965,1.0) (0,0) 1e-07 0.30505888419029625 
3.0 (7.498365879058838,2.60959792137146) (0.5755928158760071,0.03036344237625599) 0.5 0.30505888419029625 (10.0,3.4746272147238217) 3.0 0.05270275103534623 (9.394996643066406,0.8108301162719727) (0.6738362312316895,-0.1895909309387207) 0.5 0.19950084098716836 (10.043269157409668,1.600431203842163) (0.6325236558914185,-0.2998562753200531) 0.5 0.12368299101311864 (8.78251838684082,3.8043103218078613) (0.6888447999954224,0.12447008490562439) 0.5 -0.15112138410041925 (10.373651504516602,5.165028095245361) (0.6639726161956787,0.22167621552944183) 0.5 0.015143170281754215 (7.0,5.0) (0,0) 1e-07 0.30505888419029625 (7.0,1.0) (0,0) 1e-07 0.30505888419029625 
4.0 (8.192420959472656,2.652381420135498) (0.6940555572509766,0.04278344660997391) 0.5 0.30505888419029625 (10.0,3.4746272147238217) 3.0 0.06156478335549871 (10.054004669189453,0.5748043656349182) (0.6590082049369812,-0.23602573573589325) 0.5 0.19950084098716836 (10.69444751739502,1.3435908555984497) (0.651178240776062,-0.256840318441391) 0.5 0.12368299101311864 (9.471363067626953,3.9287805557250977) (0.6888447999954224,0.12447012960910797) 0.5 -0.15112138410041925 (11.03762435913086,5.386704444885254) (0.6639726161956787,0.22167617082595825) 0.5 0.015143170281754215 (7.0,5.0) (0,0) 1e-07 0.30505888419029625 (7.0,1.0) (0,0) 1e-07 0.30505888419029625 
5.0 (8.967658996582031,2.7152533531188965) (0.7752375602722168,0.06287182122468948) 0.5 0.30505888419029625 (10.0,3.4746272147238217) 3.0 0.08092296507558398 (10.499736785888672,0.5) (0.4457319378852844,-0.07480436563491821) 0.5 0.19950084098716836 (11.349505424499512,1.0968132019042969) (0.6550578474998474,-0.24677760899066925) 0.5 0.12368299101311864 (9.865508079528809,4.0) (0.39414459466934204,0.07121944427490234) 0.5 -0.15112138410041925 (11.376971244812012,5.5) (0.3393472731113434,0.1132955551147461) 0.5 0.015143170281754215 (7.0,5.0) (0,0) 1e-07 0.30505888419029625 (7.0,1.0) (0,0) 1e-07 0.30505888419029625 
6.0 (9.779071807861328,2.7951314449310303) (0.8114131093025208,0.07987809181213379) 0.5 0.30505888419029625 (10.0,3.4746272147238217) 3.0 0.09812701629222327 (10.499736785888672,0.5) (-1.6562677274123416e-07,0.0) 0.5 0.19950084098716836 (11.790960311889648,1.1929972171783447) (0.44145500659942627,0.09618407487869263) 0.5 0.12368299101311864 (9.871495246887207,4.014983177185059) (0.005987226963043213,0.014983028173446655) 0.5 -0.15112138410041925 (11.376971244812012,5.5) (3.988141372701648e-07,0.0) 0.5 0.015143170281754215 (7.0,5.0) (0,0) 1e-07 0.30505888419029625 (7.0,1.0) (0,0) 1e-07 0.30505888419029625 
7.0 (10.632905006408691,2.893583297729492) (0.8538331389427185,0.09845179319381714) 0.5 0.30505888419029625 (10.0,3.4746272147238217) 3.0 0.11479868621434958 (10.499736785888672,0.5) (-1.6562677274123416e-07,0.0) 0.5 0.19950084098716836 (11.771676063537598,1.2103551626205444) (-0.019284669309854507,0.017357967793941498) 0.5 0.12368299101311864 (9.865508079528809,4.0) (-0.0059875729493796825,-0.014983177185058594) 0.5 -0.15112138410041925 (11.376971244812012,5.5) (3.988141372701648e-07,0.0) 0.5 0.015143170281754215 (7.0,5.0) (0,0) 1e-07 0.30505888419029625 (7.0,1.0) (0,0) 1e-07 0.30505888419029625 
