[[(7.0, 6.0), (0, 6.0), (0, 5.0), (7.0, 5.0)], [(7.0, 1.0), (0, 1.0), (0, 0), (7.0, 0)]]
timestamp position0 velocity0 radius0 heading0 goal pref_speed theta position1 velocity1 radius1 heading1 position2 velocity2 radius2 heading2 position3 velocity3 radius3 heading3 position4 velocity4 radius4 heading4 position5 velocity5 radius5 heading5 position6 velocity6 radius6 heading6 
0.0 (6.0,2.5265259742736816) (0.0,0.0) 0.5 -0.2601824514516099 (10.0,3.284405475484835) 3.0 0.0 (7.379666328430176,1.5) (0.0,0.0) 0.5 -0.0529138936418036 (8.39426040649414,2.5) (0.0,0.0) 0.5 0.11173760007343758 (7.006706237792969,3.5) (0.0,0.0) 0.5 -0.15729450612591372 (8.341948509216309,4.5) (0.0,0.0) 0.5 0.15475119043252983 (6.0,5.0) (0,0) 1e-07 -0.2601824514516099 (6.0,1.0) (0,0) 1e-07 -0.2601824514516099 
1.0 (6.362961769104004,2.43916916847229) (0.3629619777202606,-0.08735676109790802) 0.5 -0.2601824514516099 (10.0,3.284405475484835) 3.0 -0.2361854306681471 (7.999093532562256,1.173948049545288) (0.6194272637367249,-0.32605189085006714) 0.5 -0.0529138936418036 (9.014500617980957,2.1754965782165527) (0.6202398538589478,-0.32450342178344727) 0.5 0.11173760007343758 (7.434507369995117,3.4861204624176025) (0.427801251411438,-0.013879522681236267) 0.5 -0.15729450612591372 (9.007575035095215,4.7166595458984375) (0.6656265258789062,0.2166595160961151) 0.5 0.15475119043252983 (6.362961769104004,5.0) (0,0) 1e-07 -0.2601824514516099 (6.362961769104004,1.0) (0,0) 1e-07 -0.2601824514516099 
2.0 (6.945708751678467,2.463073492050171) (0.5827471017837524,0.023904286324977875) 0.5 -0.2601824514516099 (10.0,3.284405475484835) 3.0 0.04099701625628904 (8.672966957092285,0.9844897985458374) (0.6738735437393188,-0.18945826590061188) 0.5 -0.0529138936418036 (9.634740829467773,1.8509931564331055) (0.6202398538589478,-0.32450348138809204) 0.5 0.11173760007343758 (8.119487762451172,3.6303489208221436) (0.6849803924560547,0.14422853291034698) 0.5 -0.15729450612591372 (9.673201560974121,4.933319091796875) (0.6656265258789062,0.2166595160961151) 0.5 0.15475119043252983 (6.945708751678467,5.0) (0,0) 1e-07 -0.2601824514516099 (6.945708751678467,1.0) (0,0) 1e-07 -0.2601824514516099 
3.0 (7.488985061645508,2.49541974067688) (0.543276309967041,0.03234628587961197) 0.5 -0.2601824514516099 (10.0,3.284405475484835) 3.0 0.05946908531811341 (9.346840858459473,0.7950315475463867) (0.6738735437393188,-0.1894582360982895) 0.5 -0.0529138936418036 (10.25498104095459,1.5264896154403687) (0.620239794254303,-0.32450351119041443) 0.5 0.11173760007343758 (8.804468154907227,3.7745776176452637) (0.6849803924560547,0.14422859251499176) 0.5 -0.15729450612591372 (10.338828086853027,5.1499786376953125) (0.6656264662742615,0.21665950119495392) 0.5 0.15475119043252983 (7.0,5.0) (0,0) 1e-07 -0.2601824514516099 (7.0,1.0) (0,0) 1e-07 -0.2601824514516099 
4.0 (7.998946189880371,2.5177133083343506) (0.5099610090255737,0.022293664515018463) 0.5 -0.2601824514516099 (10.0,3.284405475484835) 3.0 0.04368859264553775 (10.02071475982666,0.605573296546936) (0.6738734841346741,-0.18945826590061188) 0.5 -0.0529138936418036 (10.875221252441406,1.2019860744476318) (0.620239794254303,-0.3245036005973816) 0.5 0.11173760007343758 (9.489448547363281,3.9188060760498047) (0.6849803924560547,0.14422853291034698) 0.5 -0.15729450612591372 (11.004454612731934,5.36663818359375) (0.6656265258789062,0.21665950119495392) 0.5 0.15475119043252983 (7.0,5.0) (0,0) 1e-07 -0.2601824514516099 (7.0,1.0) (0,0) 1e-07 -0.2601824514516099 
5.0 (8.52104663848877,2.5395894050598145) (0.5221000909805298,0.021875981241464615) 0.5 -0.2601824514516099 (10.0,3.284405475484835) 3.0 0.041875481741709054 (10.396222114562988,0.5) (0.3755072057247162,-0.10557329654693604) 0.5 -0.0529138936418036 (11.41693115234375,1.089664101600647) (0.5417103171348572,-0.11232195794582367) 0.5 0.11173760007343758 (9.875060081481934,4.0) (0.3856116533279419,0.08119392395019531) 0.5 -0.15729450612591372 (11.414172172546387,5.5) (0.4097175896167755,0.13336181640625) 0.5 0.15475119043252983 (7.0,5.0) (0,0) 1e-07 -0.2601824514516099 (7.0,1.0) (0,0) 1e-07 -0.2601824514516099 
6.0 (9.04237174987793,2.5592496395111084) (0.5213246941566467,0.019660308957099915) 0.5 -0.2601824514516099 (10.0,3.284405475484835) 3.0 0.03769435200813423 (10.396222114562988,0.5) (-1.4527176972478628e-07,0.0) 0.5 -0.0529138936418036 (11.669502258300781,1.2004823684692383) (0.25257062911987305,0.11081823706626892) 0.5 0.11173760007343758 (9.875060081481934,4.0) (1.2372700552987226e-07,0.0) 0.5 -0.15729450612591372 (11.414172172546387,5.5) (3.007030713320091e-08,0.0) 0.5 0.15475119043252983 (7.0,5.0) (0,0) 1e-07 -0.2601824514516099 (7.0,1.0) (0,0) 1e-07 -0.2601824514516099 
7.0 (9.74406909942627,2.606372594833374) (0.7016977071762085,0.04712300002574921) 0.5 -0.2601824514516099 (10.0,3.284405475484835) 3.0 0.0670550164279374 (10.396222114562988,0.5) (-1.4527176972478628e-07,0.0) 0.5 -0.0529138936418036 (11.584024429321289,1.1716008186340332) (-0.08547801524400711,-0.028881533071398735) 0.5 0.11173760007343758 (9.875060081481934,4.0) (1.2372700552987226e-07,0.0) 0.5 -0.15729450612591372 (11.414172172546387,5.5) (3.007030713320091e-08,0.0) 0.5 0.15475119043252983 (7.0,5.0) (0,0) 1e-07 -0.2601824514516099 (7.0,1.0) (0,0) 1e-07 -0.2601824514516099 
8.0 (10.559746742248535,2.698133707046509) (0.8156779408454895,0.09176120907068253) 0.5 -0.2601824514516099 (10.0,3.284405475484835) 3.0 0.11202586403482748 (10.396222114562988,0.5) (-1.4527176972478628e-07,0.0) 0.5 -0.0529138936418036 (11.381232261657715,1.0699354410171509) (-0.20279191434383392,-0.10166535526514053) 0.5 0.11173760007343758 (9.875060081481934,4.0) (1.2372700552987226e-07,0.0) 0.5 -0.15729450612591372 (11.414172172546387,5.5) (3.007030713320091e-08,0.0) 0.5 0.15475119043252983 (7.0,5.0) (0,0) 1e-07 -0.2601824514516099 (7.0,1.0) (0,0) 1e-07 -0.2601824514516099 
