[[(7.0, 6.0), (0, 6.0), (0, 5.0), (7.0, 5.0)], [(7.0, 1.0), (0, 1.0), (0, 0), (7.0, 0)]]
timestamp position0 velocity0 radius0 heading0 goal pref_speed theta position1 velocity1 radius1 heading1 position2 velocity2 radius2 heading2 position3 velocity3 radius3 heading3 position4 velocity4 radius4 heading4 position5 velocity5 radius5 heading5 position6 velocity6 radius6 heading6 
0.0 (6.0,2.9051406383514404) (0.0,0.0) 0.5 -0.028054399030443433 (10.0,3.337495792792952) 3.0 0.0 (7.228333473205566,1.5) (0.0,0.0) 0.5 -0.18103042522399926 (8.217226028442383,2.5) (0.0,0.0) 0.5 0.34296429791156646 (7.019711971282959,3.5) (0.0,0.0) 0.5 -0.0021807560741565757 (8.312816619873047,4.5) (0.0,0.0) 0.5 0.2667657184822102 (6.0,5.0) (0,0) 1e-07 -0.028054399030443433 (6.0,1.0) (0,0) 1e-07 -0.028054399030443433 
1.0 (6.201049327850342,2.739645481109619) (0.20104928314685822,-0.1654951572418213) 0.5 -0.028054399030443433 (10.0,3.337495792792952) 3.0 -0.688702532600621 (7.785774230957031,1.2345147132873535) (0.5574406981468201,-0.26548534631729126) 0.5 -0.18103042522399926 (8.840356826782227,2.181082248687744) (0.6231303811073303,-0.31891781091690063) 0.5 0.34296429791156646 (7.403423309326172,3.522550106048584) (0.38371121883392334,0.022550061345100403) 0.5 -0.0021807560741565757 (8.980422019958496,4.710484027862549) (0.6676050424575806,0.21048399806022644) 0.5 0.2667657184822102 (6.201049327850342,5.0) (0,0) 1e-07 -0.028054399030443433 (6.201049327850342,1.0) (0,0) 1e-07 -0.028054399030443433 
2.0 (6.735873699188232,2.700324535369873) (0.5348244905471802,-0.03932105004787445) 0.5 -0.028054399030443433 (10.0,3.337495792792952) 3.0 -0.07338936604649475 (8.45499038696289,1.0292099714279175) (0.6692159175872803,-0.20530472695827484) 0.5 -0.18103042522399926 (9.463486671447754,1.8621644973754883) (0.6231302618980408,-0.31891781091690063) 0.5 0.34296429791156646 (8.090368270874023,3.657111167907715) (0.686944842338562,0.13456107676029205) 0.5 -0.0021807560741565757 (9.648027420043945,4.920968055725098) (0.6676050424575806,0.21048401296138763) 0.5 0.2667657184822102 (6.735873699188232,5.0) (0,0) 1e-07 -0.028054399030443433 (6.735873699188232,1.0) (0,0) 1e-07 -0.028054399030443433 
3.0 (7.356325149536133,2.733309030532837) (0.6204513311386108,0.03298446536064148) 0.5 -0.028054399030443433 (10.0,3.337495792792952) 3.0 0.053112053576368744 (9.12420654296875,0.8239052295684814) (0.6692159175872803,-0.20530474185943604) 0.5 -0.18103042522399926 (10.086617469787598,1.5432467460632324) (0.6231303811073303,-0.31891775131225586) 0.5 0.34296429791156646 (8.777313232421875,3.7916722297668457) (0.6869449019432068,0.13456109166145325) 0.5 -0.0021807560741565757 (10.315632820129395,5.1314520835876465) (0.6676050424575806,0.21048404276371002) 0.5 0.2667657184822102 (7.0,5.0) (0,0) 1e-07 -0.028054399030443433 (7.0,1.0) (0,0) 1e-07 -0.028054399030443433 
4.0 (7.991043567657471,2.765202522277832) (0.6347182989120483,0.03189347684383392) 0.5 -0.028054399030443433 (10.0,3.337495792792952) 3.0 0.05020601269937016 (9.79342269897461,0.6186004877090454) (0.6692159175872803,-0.20530475676059723) 0.5 -0.18103042522399926 (10.709747314453125,1.224328875541687) (0.6231302618980408,-0.3189178705215454) 0.5 0.34296429791156646 (9.464258193969727,3.9262332916259766) (0.686944842338562,0.13456110656261444) 0.5 -0.0021807560741565757 (10.983238220214844,5.341936111450195) (0.6676049828529358,0.2104841023683548) 0.5 0.2667657184822102 (7.0,5.0) (0,0) 1e-07 -0.028054399030443433 (7.0,1.0) (0,0) 1e-07 -0.028054399030443433 
5.0 (8.690326690673828,2.802889585494995) (0.6992828845977783,0.03768695518374443) 0.5 -0.028054399030443433 (10.0,3.337495792792952) 3.0 0.05384163090745731 (10.180015563964844,0.5) (0.38659244775772095,-0.11860048770904541) 0.5 -0.18103042522399926 (11.24767780303955,1.0563324689865112) (0.5379306077957153,-0.16799643635749817) 0.5 0.34296429791156646 (9.840842247009277,4.0) (0.37658441066741943,0.07376670837402344) 0.5 -0.0021807560741565757 (11.484578132629395,5.5) (0.5013400316238403,0.1580638885498047) 0.5 0.2667657184822102 (7.0,5.0) (0,0) 1e-07 -0.028054399030443433 (7.0,1.0) (0,0) 1e-07 -0.028054399030443433 
6.0 (9.444177627563477,2.8497636318206787) (0.7538512349128723,0.046874038875103) 0.5 -0.028054399030443433 (10.0,3.337495792792952) 3.0 0.06209947938023701 (10.180015563964844,0.5) (-4.1813589746197977e-07,0.0) 0.5 -0.18103042522399926 (11.504186630249023,1.1480990648269653) (0.2565089166164398,0.0917666107416153) 0.5 0.34296429791156646 (9.85672664642334,4.023662090301514) (0.015884175896644592,0.023661956191062927) 0.5 -0.0021807560741565757 (11.484578132629395,5.5) (9.74509433149251e-08,0.0) 0.5 0.2667657184822102 (7.0,5.0) (0,0) 1e-07 -0.028054399030443433 (7.0,1.0) (0,0) 1e-07 -0.028054399030443433 
7.0 (10.296392440795898,2.914543628692627) (0.8522146344184875,0.06478011608123779) 0.5 -0.028054399030443433 (10.0,3.337495792792952) 3.0 0.07586795094453366 (10.180015563964844,0.5) (-4.1813589746197977e-07,0.0) 0.5 -0.18103042522399926 (11.405200958251953,1.1203585863113403) (-0.09898597747087479,-0.02774052694439888) 0.5 0.34296429791156646 (9.840842247009277,4.0) (-0.0158840324729681,-0.023662090301513672) 0.5 -0.0021807560741565757 (11.484578132629395,5.5) (9.74509433149251e-08,0.0) 0.5 0.2667657184822102 (7.0,5.0) (0,0) 1e-07 -0.028054399030443433 (7.0,1.0) (0,0) 1e-07 -0.028054399030443433 
