[[(7.0, 6.0), (0, 6.0), (0, 5.0), (7.0, 5.0)], [(7.0, 1.0), (0, 1.0), (0, 0), (7.0, 0)]]
timestamp position0 velocity0 radius0 heading0 goal pref_speed theta position1 velocity1 radius1 heading1 position2 velocity2 radius2 heading2 position3 velocity3 radius3 heading3 position4 velocity4 radius4 heading4 position5 velocity5 radius5 heading5 position6 velocity6 radius6 heading6 
0.0 (6.0,2.754230499267578) (0.0,0.0) 0.5 0.049676187835118846 (10.0,2.7170045293631047) 3.0 0.0 (7.326272964477539,1.5) (0.0,0.0) 0.5 0.08179345605564109 (8.24494457244873,2.5) (0.0,0.0) 0.5 -0.37032333310994764 (7.099316596984863,3.5) (0.0,0.0) 0.5 0.10566027416785179 (8.311023712158203,4.5) (0.0,0.0) 0.5 0.18634395102813295 (6.0,5.0) (0,0) 1e-07 0.049676187835118846 (6.0,1.0) (0,0) 1e-07 0.049676187835118846 
1.0 (6.35280704498291,2.526658535003662) (0.3528068959712982,-0.22757185995578766) 0.5 0.049676187835118846 (10.0,2.7170045293631047) 3.0 -0.5728750904784299 (7.945706844329834,1.173960566520691) (0.6194338202476501,-0.32603946328163147) 0.5 0.08179345605564109 (8.868844032287598,2.1825900077819824) (0.6238998174667358,-0.3174099326133728) 0.5 -0.37032333310994764 (7.457551002502441,3.5145111083984375) (0.3582344651222229,0.014511078596115112) 0.5 0.10566027416785179 (8.971159934997559,4.732852935791016) (0.6601359248161316,0.2328529953956604) 0.5 0.18634395102813295 (6.35280704498291,5.0) (0,0) 1e-07 0.049676187835118846 (6.35280704498291,1.0) (0,0) 1e-07 0.049676187835118846 
2.0 (7.1000494956970215,2.3855013847351074) (0.7472424507141113,-0.14115725457668304) 0.5 0.049676187835118846 (10.0,2.7170045293631047) 3.0 -0.18670413666698674 (8.617937088012695,0.9787516593933105) (0.6722302436828613,-0.19520892202854156) 0.5 0.08179345605564109 (9.492743492126465,1.8651801347732544) (0.6238998174667358,-0.317409873008728) 0.5 -0.37032333310994764 (8.145635604858398,3.643115282058716) (0.6880849003791809,0.1286042183637619) 0.5 0.10566027416785179 (9.631296157836914,4.965705871582031) (0.6601359844207764,0.23285305500030518) 0.5 0.18634395102813295 (7.0,5.0) (0,0) 1e-07 0.049676187835118846 (7.0,1.0) (0,0) 1e-07 0.049676187835118846 
3.0 (7.768071174621582,2.429776430130005) (0.668021559715271,0.04427511990070343) 0.5 0.049676187835118846 (10.0,2.7170045293631047) 3.0 0.06618118748419559 (9.290166854858398,0.7835427522659302) (0.6722301840782166,-0.19520892202854156) 0.5 0.08179345605564109 (10.116642951965332,1.5477702617645264) (0.6238998770713806,-0.31740981340408325) 0.5 -0.37032333310994764 (8.833720207214355,3.771719455718994) (0.6880849003791809,0.1286042183637619) 0.5 0.10566027416785179 (10.29143238067627,5.198558807373047) (0.6601358652114868,0.23285312950611115) 0.5 0.18634395102813295 (7.0,5.0) (0,0) 1e-07 0.049676187835118846 (7.0,1.0) (0,0) 1e-07 0.049676187835118846 
4.0 (8.323413848876953,2.441368579864502) (0.5553421974182129,0.011592160910367966) 0.5 0.049676187835118846 (10.0,2.7170045293631047) 3.0 0.020870875217092494 (9.962396621704102,0.5883338451385498) (0.6722302436828613,-0.19520887732505798) 0.5 0.08179345605564109 (10.7405424118042,1.230360507965088) (0.6238998770713806,-0.3174096941947937) 0.5 -0.37032333310994764 (9.521804809570312,3.9003236293792725) (0.6880850195884705,0.1286042183637619) 0.5 0.10566027416785179 (10.951568603515625,5.431412220001221) (0.6601358652114868,0.23285335302352905) 0.5 0.18634395102813295 (7.0,5.0) (0,0) 1e-07 0.049676187835118846 (7.0,1.0) (0,0) 1e-07 0.049676187835118846 
5.0 (8.88181209564209,2.4468860626220703) (0.5583978891372681,0.005517400801181793) 0.5 0.049676187835118846 (10.0,2.7170045293631047) 3.0 0.009880447912037191 (10.266587257385254,0.5) (0.30419105291366577,-0.0883338451385498) 0.5 0.08179345605564109 (11.308066368103027,1.081716537475586) (0.567523717880249,-0.14864391088485718) 0.5 -0.37032333310994764 (10.055113792419434,4.0) (0.5333094000816345,0.09967637062072754) 0.5 0.10566027416785179 (11.146013259887695,5.5) (0.19444511830806732,0.0685877799987793) 0.5 0.18634395102813295 (7.0,5.0) (0,0) 1e-07 0.049676187835118846 (7.0,1.0) (0,0) 1e-07 0.049676187835118846 
6.0 (9.523591995239258,2.4587900638580322) (0.6417803168296814,0.01190406084060669) 0.5 0.049676187835118846 (10.0,2.7170045293631047) 3.0 0.018546371126765052 (10.266587257385254,0.5) (4.2248785803167266e-07,0.0) 0.5 0.08179345605564109 (11.57048225402832,1.1507072448730469) (0.26241540908813477,0.06899073719978333) 0.5 -0.37032333310994764 (10.055113792419434,4.0) (4.256581860317965e-07,0.0) 0.5 0.10566027416785179 (11.146013259887695,5.5) (4.622150129307556e-07,0.0) 0.5 0.18634395102813295 (7.0,5.0) (0,0) 1e-07 0.049676187835118846 (7.0,1.0) (0,0) 1e-07 0.049676187835118846 
7.0 (10.261432647705078,2.484471559524536) (0.7378408908843994,0.025681551545858383) 0.5 0.049676187835118846 (10.0,2.7170045293631047) 3.0 0.03479230885668574 (10.266587257385254,0.5) (4.2248785803167266e-07,0.0) 0.5 0.08179345605564109 (11.475936889648438,1.129849910736084) (-0.09454507380723953,-0.0208573155105114) 0.5 -0.37032333310994764 (10.055113792419434,4.0) (4.256581860317965e-07,0.0) 0.5 0.10566027416785179 (11.146013259887695,5.5) (4.622150129307556e-07,0.0) 0.5 0.18634395102813295 (7.0,5.0) (0,0) 1e-07 0.049676187835118846 (7.0,1.0) (0,0) 1e-07 0.049676187835118846 
