[[(7.0, 6.0), (0, 6.0), (0, 5.0), (7.0, 5.0)], [(7.0, 1.0), (0, 1.0), (0, 0), (7.0, 0)]]
timestamp position0 velocity0 radius0 heading0 goal pref_speed theta position1 velocity1 radius1 heading1 position2 velocity2 radius2 heading2 position3 velocity3 radius3 heading3 position4 velocity4 radius4 heading4 position5 velocity5 radius5 heading5 position6 velocity6 radius6 heading6 
0.0 (6.0,2.6448302268981934) (0.0,0.0) 0.5 -0.34497332307738127 (10.0,2.804243358937947) 3.0 0.0 (7.077815532684326,1.5) (0.0,0.0) 0.5 0.31310210024030194 (8.240391731262207,2.5) (0.0,0.0) 0.5 -0.2620931405631861 (7.27666711807251,3.5) (0.0,0.0) 0.5 -0.3254753059529403 (8.228412628173828,4.5) (0.0,0.0) 0.5 0.1282253617531781 (6.0,5.0) (0,0) 1e-07 -0.34497332307738127 (6.0,1.0) (0,0) 1e-07 -0.34497332307738127 
1.0 (6.359508037567139,2.5902397632598877) (0.3595081865787506,-0.054590389132499695) 0.5 -0.34497332307738127 (10.0,2.804243358937947) 3.0 -0.15069621985016682 (7.485252380371094,1.4353718757629395) (0.4074366092681885,-0.06462809443473816) 0.5 0.31310210024030194 (8.858708381652832,2.171847105026245) (0.6183167695999146,-0.3281528651714325) 0.5 -0.2620931405631861 (7.554737567901611,3.4980006217956543) (0.27807027101516724,-0.001999467611312866) 0.5 -0.3254753059529403 (8.891983985900879,4.722875595092773) (0.6635709404945374,0.2228756994009018) 0.5 0.1282253617531781 (6.359508037567139,5.0) (0,0) 1e-07 -0.34497332307738127 (6.359508037567139,1.0) (0,0) 1e-07 -0.34497332307738127 
2.0 (6.959194183349609,2.5351247787475586) (0.5996859073638916,-0.05511493980884552) 0.5 -0.34497332307738127 (10.0,2.804243358937947) 3.0 -0.09164887768837272 (8.147286415100098,1.2079707384109497) (0.6620337963104248,-0.22740112245082855) 0.5 0.31310210024030194 (9.477025032043457,1.8436942100524902) (0.6183167695999146,-0.3281528651714325) 0.5 -0.2620931405631861 (8.243122100830078,3.6249916553497314) (0.6883845329284668,0.12699094414710999) 0.5 -0.3254753059529403 (9.55555534362793,4.945751190185547) (0.6635708808898926,0.22287575900554657) 0.5 0.1282253617531781 (6.959194183349609,5.0) (0,0) 1e-07 -0.34497332307738127 (6.959194183349609,1.0) (0,0) 1e-07 -0.34497332307738127 
3.0 (7.635706901550293,2.5745303630828857) (0.6765124797821045,0.03940548002719879) 0.5 -0.34497332307738127 (10.0,2.804243358937947) 3.0 0.05818223076437597 (8.809320449829102,0.98056960105896) (0.66203373670578,-0.22740112245082855) 0.5 0.31310210024030194 (10.095341682434082,1.5155413150787354) (0.6183168888092041,-0.3281528353691101) 0.5 -0.2620931405631861 (8.931507110595703,3.7519826889038086) (0.6883845925331116,0.1269909143447876) 0.5 -0.3254753059529403 (10.219125747680664,5.1686272621154785) (0.6635708808898926,0.22287587821483612) 0.5 0.1282253617531781 (7.0,5.0) (0,0) 1e-07 -0.34497332307738127 (7.0,1.0) (0,0) 1e-07 -0.34497332307738127 
4.0 (8.108041763305664,2.5482654571533203) (0.4723346531391144,-0.026265017688274384) 0.5 -0.34497332307738127 (10.0,2.804243358937947) 3.0 -0.055549589966342613 (9.471354484558105,0.7531684637069702) (0.66203373670578,-0.22740115225315094) 0.5 0.31310210024030194 (10.713658332824707,1.18738853931427) (0.6183168888092041,-0.32815274596214294) 0.5 -0.2620931405631861 (9.619892120361328,3.8789734840393066) (0.6883845329284668,0.1269908994436264) 0.5 -0.3254753059529403 (10.882697105407715,5.391502857208252) (0.6635709404945374,0.2228756546974182) 0.5 0.1282253617531781 (7.0,5.0) (0,0) 1e-07 -0.34497332307738127 (7.0,1.0) (0,0) 1e-07 -0.34497332307738127 
5.0 (8.600347518920898,2.5281505584716797) (0.492306113243103,-0.020114898681640625) 0.5 -0.34497332307738127 (10.0,2.804243358937947) 3.0 -0.040835805089982184 (10.13338851928711,0.5257672071456909) (0.66203373670578,-0.2274012267589569) 0.5 0.31310210024030194 (11.158981323242188,1.0256623029708862) (0.44532275199890137,-0.1617261916399002) 0.5 -0.2620931405631861 (10.275943756103516,4.0) (0.6560521125793457,0.12102651596069336) 0.5 -0.3254753059529403 (11.205726623535156,5.5) (0.3230295479297638,0.10849714279174805) 0.5 0.1282253617531781 (7.0,5.0) (0,0) 1e-07 -0.34497332307738127 (7.0,1.0) (0,0) 1e-07 -0.34497332307738127 
6.0 (9.14651870727539,2.5151617527008057) (0.546170711517334,-0.012988738715648651) 0.5 -0.34497332307738127 (10.0,2.804243358937947) 3.0 -0.02377698152615527 (10.208404541015625,0.5) (0.07501589506864548,-0.025767207145690918) 0.5 0.31310210024030194 (11.369224548339844,1.2114955186843872) (0.21024352312088013,0.1858331859111786) 0.5 -0.2620931405631861 (10.275944709777832,4.0) (4.890956120107148e-07,0.0) 0.5 -0.3254753059529403 (11.205726623535156,5.5) (2.5477502774151617e-08,0.0) 0.5 0.1282253617531781 (7.0,5.0) (0,0) 1e-07 -0.34497332307738127 (7.0,1.0) (0,0) 1e-07 -0.34497332307738127 
7.0 (9.950186729431152,2.5566916465759277) (0.8036681413650513,0.04152987152338028) 0.5 -0.34497332307738127 (10.0,2.804243358937947) 3.0 0.051629475048321355 (10.208404541015625,0.5) (-1.2811298688575334e-07,0.0) 0.5 0.31310210024030194 (11.353894233703613,1.20452082157135) (-0.015329950489103794,-0.006974650546908379) 0.5 -0.2620931405631861 (10.275944709777832,4.0) (-4.6457870439553517e-07,0.0) 0.5 -0.3254753059529403 (11.205726623535156,5.5) (2.5477502774151617e-08,0.0) 0.5 0.1282253617531781 (7.0,5.0) (0,0) 1e-07 -0.34497332307738127 (7.0,1.0) (0,0) 1e-07 -0.34497332307738127 
