timestamp position0 velocity0 radius0 goal pref_speed theta position1 velocity1 radius1 position2 velocity2 radius2 position3 velocity3 radius3 position4 velocity4 radius4 position5 velocity5 radius5 position6 velocity6 radius6
0 (1.30571,1.16694) (0,0) 0.22 (5.98029,1.15206) 1.74363 0 (2.39179,0.543733) (0,0) 0.22 (2.26879,0.903931) (0,0) 0.22 (2.20878,1.21299) (0,0) 0.22 (2.20102,1.52918) (0,0) 0.22 (1.30571,2.1) (0,0) 0.3 (1.30571,0) (0,0) 0.3
0.25 (1.31778,1.15815) (0.0482781,-0.03516) 0.22 (5.98029,1.15206) 1.74363 -0.629455 (2.39897,0.51481) (0.0287088,-0.115691) 0.22 (2.25885,0.884219) (-0.0397813,-0.0788456) 0.22 (2.14092,1.20599) (-0.271449,-0.0280139) 0.22 (2.24793,1.5713) (0.187674,0.168508) 0.22 (1.31778,2.1) (0,0) 0.3 (1.31778,0) (0,0) 0.3
0.5 (1.3223,1.13234) (0.0181069,-0.103257) 0.22 (5.98029,1.15206) 1.74363 -1.3972 (2.41469,0.473179) (0.0628746,-0.166525) 0.22 (2.32763,0.892588) (0.275141,0.0334731) 0.22 (2.06014,1.22469) (-0.32311,0.0748027) 0.22 (2.27278,1.6082) (0.0993713,0.14757) 0.22 (1.3223,2.1) (0,0) 0.3 (1.3223,0) (0,0) 0.3
0.75 (1.3327,1.10172) (0.0416103,-0.122468) 0.22 (5.98029,1.15206) 1.74363 -1.24327 (2.40983,0.445416) (-0.0194302,-0.11105) 0.22 (2.31859,0.879962) (-0.0361512,-0.0505013) 0.22 (2.04142,1.24047) (-0.0748983,0.0631255) 0.22 (2.27962,1.6131) (0.0273774,0.0196362) 0.22 (1.3327,2.1) (0,0) 0.3 (1.3327,0) (0,0) 0.3
1 (1.37208,1.07264) (0.157497,-0.116345) 0.22 (5.98029,1.15206) 1.74363 -0.636236 (2.41277,0.427667) (0.0117642,-0.0709978) 0.22 (2.30571,0.862362) (-0.0515488,-0.0704003) 0.22 (2.03928,1.24781) (-0.00857351,0.0293488) 0.22 (2.28371,1.6155) (0.0163679,0.00958859) 0.22 (1.37208,2.1) (0,0) 0.3 (1.37208,0) (0,0) 0.3
1.25 (1.40592,1.05469) (0.135356,-0.0717918) 0.22 (5.98029,1.15206) 1.74363 -0.487666 (2.42283,0.416833) (0.0402421,-0.0433342) 0.22 (2.30736,0.841664) (0.00661232,-0.0827913) 0.22 (2.04766,1.2468) (0.0335482,-0.00402283) 0.22 (2.28748,1.61816) (0.0150742,0.0106135) 0.22 (1.40592,2.1) (0,0) 0.3 (1.40592,0) (0,0) 0.3
1.5 (1.43999,1.03933) (0.136305,-0.0614215) 0.22 (5.98029,1.15206) 1.74363 -0.423367 (2.42716,0.400597) (0.017314,-0.0649451) 0.22 (2.3182,0.827431) (0.0433406,-0.0569312) 0.22 (2.07086,1.23878) (0.0927788,-0.0320735) 0.22 (2.29029,1.62067) (0.0112389,0.0100482) 0.22 (1.43999,2.1) (0,0) 0.3 (1.43999,0) (0,0) 0.3
1.75 (1.47547,1.02616) (0.141923,-0.0526983) 0.22 (5.98029,1.15206) 1.74363 -0.355538 (2.42649,0.38368) (-0.00266713,-0.0676676) 0.22 (2.32841,0.812735) (0.0408702,-0.0587879) 0.22 (2.0976,1.22893) (0.106969,-0.0394036) 0.22 (2.29281,1.62333) (0.0100896,0.0106418) 0.22 (1.47547,2.1) (0,0) 0.3 (1.47547,0) (0,0) 0.3
2 (1.51203,1.01518) (0.146218,-0.0439072) 0.22 (5.98029,1.15206) 1.74363 -0.29172 (2.42684,0.366969) (0.00137251,-0.0668437) 0.22 (2.33918,0.798149) (0.0430541,-0.0583424) 0.22 (2.12579,1.21891) (0.11277,-0.0400759) 0.22 (2.29478,1.62573) (0.00787874,0.00961343) 0.22 (1.51203,2.1) (0,0) 0.3 (1.51203,0) (0,0) 0.3
2.25 (1.54948,1.00572) (0.149793,-0.037845) 0.22 (5.98029,1.15206) 1.74363 -0.247471 (2.42782,0.350396) (0.00394781,-0.0662947) 0.22 (2.35057,0.783683) (0.0455564,-0.0578624) 0.22 (2.15106,1.21144) (0.101078,-0.0298777) 0.22 (2.29574,1.627) (0.00384258,0.0050676) 0.22 (1.54948,2.1) (0,0) 0.3 (1.54948,0) (0,0) 0.3
2.5 (1.58663,0.996438) (0.148592,-0.0371322) 0.22 (5.98029,1.15206) 1.74363 -0.244878 (2.42633,0.333691) (-0.0059886,-0.0668174) 0.22 (2.36222,0.769006) (0.0466013,-0.0587104) 0.22 (2.17632,1.20425) (0.101033,-0.0287748) 0.22 (2.29647,1.62807) (0.00291184,0.00429353) 0.22 (1.58663,2.1) (0,0) 0.3 (1.58663,0) (0,0) 0.3
2.75 (1.62343,0.987271) (0.147212,-0.0366677) 0.22 (5.98029,1.15206) 1.74363 -0.244113 (2.4249,0.317087) (-0.00570157,-0.0664157) 0.22 (2.37432,0.754302) (0.0484369,-0.058814) 0.22 (2.20079,1.19853) (0.0978948,-0.022869) 0.22 (2.29655,1.628) (0.00030293,-0.000282137) 0.22 (1.62343,2.1) (0,0) 0.3 (1.62343,0) (0,0) 0.3
3 (1.65993,0.978214) (0.145993,-0.0362276) 0.22 (5.98029,1.15206) 1.74363 -0.243234 (2.42083,0.300576) (-0.0162802,-0.0660439) 0.22 (2.38644,0.739265) (0.0484622,-0.0601471) 0.22 (2.22531,1.19301) (0.0980732,-0.0220802) 0.22 (2.29656,1.62774) (5.85869e-05,-0.00105674) 0.22 (1.65993,2.1) (0,0) 0.3 (1.65993,0) (0,0) 0.3
3.25 (1.69613,0.969236) (0.144812,-0.0359115) 0.22 (5.98029,1.15206) 1.74363 -0.243083 (2.41621,0.284234) (-0.0184902,-0.0653683) 0.22 (2.39867,0.724031) (0.0489312,-0.0609371) 0.22 (2.24888,1.18883) (0.0942858,-0.0167282) 0.22 (2.29629,1.6263) (-0.00107348,-0.00576455) 0.22 (1.69613,2.1) (0,0) 0.3 (1.69613,0) (0,0) 0.3
3.5 (1.73209,0.960334) (0.143834,-0.0356089) 0.22 (5.98029,1.15206) 1.74363 -0.242689 (2.40886,0.268289) (-0.0293768,-0.0637801) 0.22 (2.41054,0.708356) (0.0474874,-0.0626987) 0.22 (2.27239,1.18487) (0.0940194,-0.0158473) 0.22 (2.29608,1.6252) (-0.000873736,-0.00437489) 0.22 (1.73209,2.1) (0,0) 0.3 (1.73209,0) (0,0) 0.3
3.75 (1.76782,0.951471) (0.142935,-0.0354501) 0.22 (5.98029,1.15206) 1.74363 -0.243111 (2.40041,0.252712) (-0.0338101,-0.0623085) 0.22 (2.42206,0.692346) (0.0460529,-0.0640429) 0.22 (2.29434,1.18247) (0.0877962,-0.00959053) 0.22 (2.29591,1.62438) (-0.000647629,-0.00329026) 0.22 (1.76782,2.1) (0,0) 0.3 (1.76782,0) (0,0) 0.3
4 (1.80344,0.942656) (0.142485,-0.0352582) 0.22 (5.98029,1.15206) 1.74363 -0.242579 (2.39115,0.237747) (-0.037051,-0.0598587) 0.22 (2.43266,0.675855) (0.0424091,-0.0659637) 0.22 (2.31406,1.18165) (0.0788927,-0.00327117) 0.22 (2.2958,1.62377) (-0.000469155,-0.00242123) 0.22 (1.80344,2.1) (0,0) 0.3 (1.80344,0) (0,0) 0.3
4.25 (1.83916,0.93388) (0.142855,-0.0351058) 0.22 (5.98029,1.15206) 1.74363 -0.24097 (2.38225,0.223099) (-0.0356077,-0.0585951) 0.22 (2.44244,0.6591) (0.0391075,-0.0670179) 0.22 (2.33119,1.18203) (0.0685057,0.00150959) 0.22 (2.29571,1.62332) (-0.000345889,-0.00180736) 0.22 (1.83916,2.1) (0,0) 0.3 (1.83916,0) (0,0) 0.3
4.5 (1.87487,0.925103) (0.142855,-0.0351058) 0.22 (5.98029,1.15206) 1.74363 -0.24097 (2.37371,0.208865) (-0.0341583,-0.0569337) 0.22 (2.45121,0.642036) (0.035078,-0.0682573) 0.22 (2.34649,1.1833) (0.0612161,0.00509957) 0.22 (2.29564,1.62298) (-0.000275565,-0.0013658) 0.22 (1.87487,2.1) (0,0) 0.3 (1.87487,0) (0,0) 0.3
4.75 (1.91058,0.916327) (0.142855,-0.0351058) 0.22 (5.98029,1.15206) 1.74363 -0.24097 (2.36543,0.194848) (-0.0331125,-0.0560706) 0.22 (2.45944,0.624808) (0.0329535,-0.0689108) 0.22 (2.36049,1.18522) (0.0559895,0.00767352) 0.22 (2.2956,1.62272) (-0.000180105,-0.00103422) 0.22 (1.91058,2.1) (0,0) 0.3 (1.91058,0) (0,0) 0.3
5 (1.9463,0.907551) (0.142855,-0.0351058) 0.22 (5.98029,1.15206) 1.74363 -0.24097 (2.35744,0.181164) (-0.0319724,-0.0547337) 0.22 (2.46695,0.607355) (0.0300231,-0.0698122) 0.22 (2.37355,1.1876) (0.0522582,0.00951113) 0.22 (2.29556,1.62251) (-0.000156112,-0.00083311) 0.22 (1.9463,2.1) (0,0) 0.3 (1.9463,0) (0,0) 0.3
5.25 (1.98201,0.898774) (0.142855,-0.0351058) 0.22 (5.98029,1.15206) 1.74363 -0.24097 (2.34962,0.167646) (-0.0312558,-0.0540727) 0.22 (2.47409,0.589789) (0.0285447,-0.0702669) 0.22 (2.38595,1.19031) (0.0495849,0.0108277) 0.22 (2.29552,1.62237) (-0.000141849,-0.000584131) 0.22 (1.98201,2.1) (0,0) 0.3 (1.98201,0) (0,0) 0.3
5.5 (2.01773,0.889998) (0.142855,-0.0351058) 0.22 (5.98029,1.15206) 1.74363 -0.24097 (2.34202,0.154421) (-0.0303922,-0.0529015) 0.22 (2.48065,0.572044) (0.0262363,-0.070977) 0.22 (2.39783,1.19327) (0.0475248,0.0118422) 0.22 (2.29551,1.62225) (-5.61935e-05,-0.000451803) 0.22 (2,2.1) (0,0) 0.3 (2,0) (0,0) 0.3
5.75 (2.05344,0.881221) (0.142855,-0.0351058) 0.22 (5.98029,1.15206) 1.74363 -0.24097 (2.33453,0.141341) (-0.0299763,-0.0523204) 0.22 (2.48693,0.554215) (0.0251258,-0.0713186) 0.22 (2.40932,1.19642) (0.0459459,0.0126198) 0.22 (2.2955,1.62218) (-2.94242e-05,-0.000291032) 0.22 (2,2.1) (0,0) 0.3 (2,0) (0,0) 0.3
6 (2.08915,0.872445) (0.142855,-0.0351058) 0.22 (5.98029,1.15206) 1.74363 -0.24097 (2.32719,0.128536) (-0.0293446,-0.0512179) 0.22 (2.49273,0.536237) (0.0231992,-0.0719111) 0.22 (2.42046,1.19974) (0.0445938,0.0132857) 0.22 (2.29549,1.62212) (-2.25864e-05,-0.000233146) 0.22 (2,2.1) (0,0) 0.3 (2,0) (0,0) 0.3
6.25 (2.12487,0.863668) (0.142855,-0.0351058) 0.22 (5.98029,1.15206) 1.74363 -0.240969 (2.31993,0.115861) (-0.0290473,-0.050699) 0.22 (2.49831,0.518191) (0.0223131,-0.0721837) 0.22 (2.43132,1.20321) (0.0434155,0.013866) 0.22 (2.29547,1.62209) (-9.32486e-05,-0.00014712) 0.22 (2,2.1) (0,0) 0.3 (2,0) (0,0) 0.3
6.5 (2.16058,0.854892) (0.142855,-0.0351058) 0.22 (5.98029,1.15206) 1.74363 -0.24097 (2.31282,0.103442) (-0.0284611,-0.0496757) 0.22 (2.50347,0.500017) (0.0206412,-0.072698) 0.22 (2.44187,1.20682) (0.0422245,0.0144525) 0.22 (2.29549,1.62207) (7.65289e-05,-8.7142e-05) 0.22 (2,2.1) (0,0) 0.3 (2,0) (0,0) 0.3
6.75 (2.19629,0.846115) (0.142855,-0.0351058) 0.22 (5.98029,1.15206) 1.74363 -0.240969 (2.30577,0.0911378) (-0.028199,-0.0492182) 0.22 (2.50844,0.481786) (0.0199083,-0.0729234) 0.22 (2.45214,1.21058) (0.0410641,0.0150239) 0.22 (2.29549,1.62203) (-1.21797e-06,-0.00012267) 0.22 (2,2.1) (0,0) 0.3 (2,0) (0,0) 0.3
7 (2.23201,0.837339) (0.142855,-0.0351058) 0.22 (5.98029,1.15206) 1.74363 -0.240969 (2.29885,0.0790747) (-0.0276457,-0.0482526) 0.22 (2.51305,0.463441) (0.0184225,-0.0733804) 0.22 (2.46211,1.21448) (0.0398893,0.0156025) 0.22 (2.29549,1.622) (1.51399e-06,-0.000151055) 0.22 (2,2.1) (0,0) 0.3 (2,0) (0,0) 0.3
7.25 (2.26772,0.828562) (0.142855,-0.0351058) 0.22 (5.98029,1.15206) 1.74363 -0.240969 (2.292,0.0671147) (-0.0274093,-0.0478399) 0.22 (2.5175,0.445047) (0.0177983,-0.0735724) 0.22 (2.47179,1.21852) (0.0387258,0.0161755) 0.22 (2.29549,1.62197) (1.20621e-05,-0.000115505) 0.22 (2,2.1) (0,0) 0.3 (2,0) (0,0) 0.3
7.5 (2.30343,0.819786) (0.142855,-0.0351059) 0.22 (5.98029,1.15206) 1.74363 -0.24097 (2.28528,0.055386) (-0.0268792,-0.0469148) 0.22 (2.52161,0.426551) (0.0164509,-0.0739868) 0.22 (2.48118,1.22271) (0.0375406,0.0167592) 0.22 (2.29551,1.62195) (5.80136e-05,-7.41936e-05) 0.22 (2,2.1) (0,0) 0.3 (2,0) (0,0) 0.3
7.75 (2.34105,0.811593) (0.150447,-0.0327705) 0.22 (5.98029,1.15206) 1.74363 -0.214471 (2.27862,0.0437521) (-0.026662,-0.0465357) 0.22 (2.52559,0.408012) (0.0159071,-0.0741541) 0.22 (2.48877,1.22628) (0.0303784,0.0142555) 0.22 (2.2955,1.62195) (-1.67911e-05,2.20543e-05) 0.22 (2,2.1) (0,0) 0.3 (2,0) (0,0) 0.3
8 (2.38033,0.803915) (0.157132,-0.0307143) 0.22 (5.98029,1.15206) 1.74363 -0.193033 (2.27208,0.0323424) (-0.026148,-0.0456386) 0.22 (2.52925,0.389378) (0.0146655,-0.074536) 0.22 (2.49483,1.22928) (0.0242386,0.0120238) 0.22 (2.29548,1.62195) (-8.72172e-05,-3.19816e-05) 0.22 (2,2.1) (0,0) 0.3 (2,0) (0,0) 0.3
8.25 (2.42288,0.797242) (0.170211,-0.0266915) 0.22 (5.98029,1.15206) 1.74363 -0.155548 (2.26559,0.0210215) (-0.0259448,-0.0452838) 0.22 (2.5328,0.370707) (0.0141813,-0.0746849) 0.22 (2.49843,1.23111) (0.0143949,0.00729551) 0.22 (2.29549,1.62195) (1.98092e-05,1.34313e-05) 0.22 (2,2.1) (0,0) 0.3 (2,0) (0,0) 0.3
8.5 (2.4761,0.790875) (0.212879,-0.025468) 0.22 (5.98029,1.15206) 1.74363 -0.11907 (2.25923,0.00992025) (-0.0254412,-0.0444049) 0.22 (2.53411,0.353493) (0.005257,-0.0688565) 0.22 (2.49945,1.23157) (0.00405335,0.00184398) 0.22 (2.29551,1.62195) (8.17201e-05,1.1348e-06) 0.22 (2,2.1) (0,0) 0.3 (2,0) (0,0) 0.3
8.75 (2.72535,0.7933) (0.997007,0.0097001) 0.22 (5.98029,1.15206) 1.74363 0.00972891 (2.25288,-0.00116246) (-0.0253988,-0.0443309) 0.22 (2.53084,0.339938) (-0.0130918,-0.0542203) 0.22 (2.49309,1.22781) (-0.0254396,-0.0150539) 0.22 (2.29551,1.62197) (1.93088e-05,6.29899e-05) 0.22 (2,2.1) (0,0) 0.3 (2,0) (0,0) 0.3
9 (2.97385,0.820692) (0.993983,0.109567) 0.22 (5.98029,1.15206) 1.74363 0.109787 (2.24655,-0.0122214) (-0.0253443,-0.0442358) 0.22 (2.5153,0.341531) (-0.062168,0.00637242) 0.22 (2.44801,1.20819) (-0.180304,-0.078458) 0.22 (2.29549,1.62198) (-0.000104326,4.11346e-05) 0.22 (2,2.1) (0,0) 0.3 (2,0) (0,0) 0.3
9.25 (3.22235,0.848085) (0.993989,0.109571) 0.22 (5.98029,1.15206) 1.74363 0.109791 (2.24184,-0.0204462) (-0.0188491,-0.0328991) 0.22 (2.53139,0.405977) (0.0643846,0.257785) 0.22 (2.40973,1.19377) (-0.153129,-0.0576962) 0.22 (2.29547,1.62197) (-4.36145e-05,-3.57213e-05) 0.22 (2,2.1) (0,0) 0.3 (2,0) (0,0) 0.3
9.5 (3.47082,0.875473) (0.993912,0.109553) 0.22 (5.98029,1.15206) 1.74363 0.109781 (2.25687,0.0057874) (0.0601207,0.104934) 0.22 (2.5395,0.472694) (0.0324408,0.266867) 0.22 (2.3757,1.18444) (-0.136115,-0.0373074) 0.22 (2.29548,1.62198) (8.64782e-06,4.4784e-05) 0.22 (2,2.1) (0,0) 0.3 (2,0) (0,0) 0.3
9.75 (3.71932,0.902849) (0.993973,0.109507) 0.22 (5.98029,1.15206) 1.74363 0.109728 (2.26761,0.0515084) (0.0429764,0.182884) 0.22 (2.53805,0.527122) (-0.00582537,0.217714) 0.22 (2.34668,1.17938) (-0.116089,-0.020256) 0.22 (2.29548,1.62197) (2.96094e-06,-3.13999e-05) 0.22 (2,2.1) (0,0) 0.3 (2,0) (0,0) 0.3
10 (3.96782,0.930247) (0.994007,0.109589) 0.22 (5.98029,1.15206) 1.74363 0.109807 (2.27835,0.0972295) (0.0429736,0.182885) 0.22 (2.53375,0.576405) (-0.0171749,0.197128) 0.22 (2.31957,1.17738) (-0.10844,-0.00798653) 0.22 (2.29548,1.62195) (5.30695e-07,-7.90183e-05) 0.22 (2,2.1) (0,0) 0.3 (2,0) (0,0) 0.3
10.25 (4.21631,0.957634) (0.993956,0.10955) 0.22 (5.98029,1.15206) 1.74363 0.109773 (2.2891,0.142951) (0.0429719,0.182885) 0.22 (2.52816,0.622763) (-0.0223773,0.185436) 0.22 (2.29345,1.17762) (-0.104456,0.000967) 0.22 (2.29548,1.62194) (-1.24627e-06,-5.37795e-05) 0.22 (2,2.1) (0,0) 0.3 (2,0) (0,0) 0.3
10.5 (4.46481,0.985029) (0.99402,0.10958) 0.22 (5.98029,1.15206) 1.74363 0.109796 (2.29985,0.18867) (0.0430128,0.182875) 0.22 (2.52184,0.667498) (-0.025268,0.178939) 0.22 (2.26808,1.17952) (-0.101501,0.0076077) 0.22 (2.29547,1.62194) (-4.12957e-05,2.18642e-05) 0.22 (2,2.1) (0,0) 0.3 (2,0) (0,0) 0.3
10.75 (4.7133,1.01243) (0.993962,0.109606) 0.22 (5.98029,1.15206) 1.74363 0.109828 (2.3106,0.23439) (0.0429909,0.182881) 0.22 (2.52535,0.712921) (0.0140241,0.181691) 0.22 (2.24328,1.18272) (-0.0991946,0.0127919) 0.22 (2.28714,1.62023) (-0.0332998,-0.00683145) 0.22 (2,2.1) (0,0) 0.3 (2,0) (0,0) 0.3
11 (4.96179,1.03982) (0.99395,0.109536) 0.22 (5.98029,1.15206) 1.74363 0.10976 (2.32133,0.280113) (0.0429453,0.182891) 0.22 (2.52829,0.757474) (0.0117591,0.178212) 0.22 (2.22299,1.18367) (-0.0811592,0.00380496) 0.22 (2.27963,1.62046) (-0.0300356,0.000886677) 0.22 (2,2.1) (0,0) 0.3 (2,0) (0,0) 0.3
11.25 (5.21029,1.0672) (0.993979,0.109537) 0.22 (5.98029,1.15206) 1.74363 0.109758 (2.33208,0.325833) (0.0429848,0.182882) 0.22 (2.53113,0.801615) (0.0113704,0.176563) 0.22 (2.20583,1.18483) (-0.0686333,0.0046339) 0.22 (2.27208,1.62051) (-0.0301941,0.000213925) 0.22 (2,2.1) (0,0) 0.3 (2,0) (0,0) 0.3
11.5 (5.40279,1.08841) (0.770004,0.0848564) 0.22 (5.98029,1.15206) 1.74363 0.10976 (2.34283,0.371553) (0.0429898,0.182881) 0.22 (2.53394,0.845606) (0.0112297,0.175966) 0.22 (2.19055,1.18605) (-0.0611193,0.00487969) 0.22 (2.26446,1.62025) (-0.0304895,-0.00103953) 0.22 (2,2.1) (0,0) 0.3 (2,0) (0,0) 0.3
