[[(7.0, 6.0), (0, 6.0), (0, 5.0), (7.0, 5.0)], [(7.0, 1.0), (0, 1.0), (0, 0), (7.0, 0)]]
timestamp position0 velocity0 radius0 heading0 goal pref_speed theta position1 velocity1 radius1 heading1 position2 velocity2 radius2 heading2 position3 velocity3 radius3 heading3 position4 velocity4 radius4 heading4 position5 velocity5 radius5 heading5 position6 velocity6 radius6 heading6 
0.0 (6.0,2.5967607498168945) (0.0,0.0) 0.5 -0.3730946622865283 (10.0,2.7718045910374163) 3.0 0.0 (7.322173595428467,1.5) (0.0,0.0) 0.5 0.11191364712225138 (8.323291778564453,2.5) (0.0,0.0) 0.5 -0.16926157738439052 (7.127895832061768,3.5) (0.0,0.0) 0.5 -0.37098103403567007 (8.430285453796387,4.5) (0.0,0.0) 0.5 0.15361513386605397 (6.0,5.0) (0,0) 1e-07 -0.3730946622865283 (6.0,1.0) (0,0) 1e-07 -0.3730946622865283 
1.0 (6.374098300933838,2.485557794570923) (0.3740983009338379,-0.1112029105424881) 0.5 -0.3730946622865283 (10.0,2.7718045910374163) 3.0 -0.2889373333126996 (7.941445350646973,1.1736525297164917) (0.6192715764045715,-0.3263474404811859) 0.5 0.11191364712225138 (8.943872451782227,2.176147937774658) (0.62058025598526,-0.3238521218299866) 0.5 -0.16926157738439052 (7.513168811798096,3.5253257751464844) (0.3852728009223938,0.0253257155418396) 0.5 -0.37098103403567007 (9.093863487243652,4.7228546142578125) (0.6635780930519104,0.22285443544387817) 0.5 0.15361513386605397 (6.374098300933838,5.0) (0,0) 1e-07 -0.3730946622865283 (6.374098300933838,1.0) (0,0) 1e-07 -0.3730946622865283 
2.0 (7.054843902587891,2.404905319213867) (0.6807456016540527,-0.08065249025821686) 0.5 -0.3730946622865283 (10.0,2.7718045910374163) 3.0 -0.11792697749108948 (8.618277549743652,0.995051920413971) (0.6768321990966797,-0.17860060930252075) 0.5 0.11191364712225138 (9.564452171325684,1.8522957563400269) (0.6205801367759705,-0.32385215163230896) 0.5 -0.16926157738439052 (8.202801704406738,3.645353078842163) (0.6896328330039978,0.1200273409485817) 0.5 -0.37098103403567007 (9.757441520690918,4.945709228515625) (0.6635780930519104,0.2228543907403946) 0.5 0.15361513386605397 (7.0,5.0) (0,0) 1e-07 -0.3730946622865283 (7.0,1.0) (0,0) 1e-07 -0.3730946622865283 
3.0 (7.762739181518555,2.459494113922119) (0.7078951597213745,0.05458878353238106) 0.5 -0.3730946622865283 (10.0,2.7718045910374163) 3.0 0.07696190782603668 (9.295109748840332,0.8164513111114502) (0.6768321394920349,-0.17860059440135956) 0.5 0.11191364712225138 (10.18503189086914,1.528443694114685) (0.6205801963806152,-0.3238520920276642) 0.5 -0.16926157738439052 (8.892434120178223,3.765380382537842) (0.6896328330039978,0.12002736330032349) 0.5 -0.37098103403567007 (10.421019554138184,5.168563365936279) (0.6635781526565552,0.22285428643226624) 0.5 0.15361513386605397 (7.0,5.0) (0,0) 1e-07 -0.3730946622865283 (7.0,1.0) (0,0) 1e-07 -0.3730946622865283 
4.0 (8.203463554382324,2.4385557174682617) (0.4407239556312561,-0.020938411355018616) 0.5 -0.3730946622865283 (10.0,2.7718045910374163) 3.0 -0.04747343298206362 (9.971941947937012,0.6378507018089294) (0.6768321990966797,-0.17860060930252075) 0.5 0.11191364712225138 (10.805612564086914,1.2045917510986328) (0.62058025598526,-0.323852002620697) 0.5 -0.16926157738439052 (9.582066535949707,3.8854076862335205) (0.6896328330039978,0.12002734839916229) 0.5 -0.37098103403567007 (11.08459758758545,5.391417503356934) (0.6635781526565552,0.2228543758392334) 0.5 0.15361513386605397 (7.0,5.0) (0,0) 1e-07 -0.3730946622865283 (7.0,1.0) (0,0) 1e-07 -0.3730946622865283 
5.0 (8.66867733001709,2.420405149459839) (0.4652135968208313,-0.018150530755519867) 0.5 -0.3730946622865283 (10.0,2.7718045910374163) 3.0 -0.03899569930244648 (10.494346618652344,0.5) (0.522404670715332,-0.13785070180892944) 0.5 0.11191364712225138 (11.375151634216309,1.0962297916412354) (0.5695392489433289,-0.10836200416088104) 0.5 -0.16926157738439052 (10.240471839904785,4.0) (0.6584053039550781,0.11459231376647949) 0.5 -0.37098103403567007 (11.407915115356445,5.5) (0.3233180046081543,0.1085824966430664) 0.5 0.15361513386605397 (7.0,5.0) (0,0) 1e-07 -0.3730946622865283 (7.0,1.0) (0,0) 1e-07 -0.3730946622865283 
6.0 (9.181034088134766,2.406802177429199) (0.5123562812805176,-0.01360289752483368) 0.5 -0.3730946622865283 (10.0,2.7718045910374163) 3.0 -0.026543448787443583 (10.494346618652344,0.5) (-2.5213276799718187e-08,0.0) 0.5 0.11191364712225138 (11.65615463256836,1.3091673851013184) (0.281003475189209,0.21293754875659943) 0.5 -0.16926157738439052 (10.240471839904785,4.0) (2.556163458677929e-08,0.0) 0.5 -0.37098103403567007 (11.407915115356445,5.5) (4.699118676398939e-07,0.0) 0.5 0.15361513386605397 (7.0,5.0) (0,0) 1e-07 -0.3730946622865283 (7.0,1.0) (0,0) 1e-07 -0.3730946622865283 
7.0 (9.647278785705566,2.3874385356903076) (0.46624451875686646,-0.019363582134246826) 0.5 -0.3730946622865283 (10.0,2.7718045910374163) 3.0 -0.04150710616687668 (10.494346618652344,0.5) (-2.5213276799718187e-08,0.0) 0.5 0.11191364712225138 (11.622917175292969,1.3012571334838867) (-0.03323730081319809,-0.007910264655947685) 0.5 -0.16926157738439052 (10.240471839904785,4.0) (2.556163458677929e-08,0.0) 0.5 -0.37098103403567007 (11.407915115356445,5.5) (4.699118676398939e-07,0.0) 0.5 0.15361513386605397 (7.0,5.0) (0,0) 1e-07 -0.3730946622865283 (7.0,1.0) (0,0) 1e-07 -0.3730946622865283 
8.0 (10.03740119934082,2.3582186698913574) (0.39012229442596436,-0.02921992540359497) 0.5 -0.3730946622865283 (10.0,2.7718045910374163) 3.0 -0.07475980871305955 (10.494346618652344,0.5) (-2.5213276799718187e-08,0.0) 0.5 0.11191364712225138 (11.451423645019531,1.1837997436523438) (-0.17149396240711212,-0.11745741963386536) 0.5 -0.16926157738439052 (10.240471839904785,4.0) (2.556163458677929e-08,0.0) 0.5 -0.37098103403567007 (11.407915115356445,5.5) (4.699118676398939e-07,0.0) 0.5 0.15361513386605397 (7.0,5.0) (0,0) 1e-07 -0.3730946622865283 (7.0,1.0) (0,0) 1e-07 -0.3730946622865283 
